InitialVersion/ascfiles2/tmp_kdeout42.asc
ncols        704
nrows        293
xllcorner    827.296065
yllcorner    924.742280
cellsize     0.500000000000000
NODATA_value -999.000000
[rows 56 to 83 of 293, columns 126 to 188 of 704]
9.965136 30.788143 42.158286 35.873690 16.307685 0.408805 0.000000 1.631023 3.444961 0.974751 0.000000 0.000000 0.000000 0.000000 0.000000 0.000000 0.000000 0.000000 0.000000 0.000000 0.000000 0.000000 0.000071 8.950254 66.086509 136.684928 141.829618 79.563287 28.960909 42.024173 86.536845 126.048815 119.668667 98.203022 81.845393 90.337168 85.159706 58.430764 66.819496 221.326541 475.744297 879.408743 1367.912683 1644.150612 1269.127521 614.069087 664.417311 958.838177 1057.376383 1014.051484 1167.054939 1835.205866 2254.632326 1873.915366 937.973100 203.811733 103.773944 193.380548 492.557033 1074.483318 1491.828668 1346.744012 901.578450
5.348869 22.134279 31.910557 26.475828 10.203420 0.000000 0.000000 0.000000 0.000000 0.000000 0.000000 0.000000 0.000000 0.000000 0.000000 0.000000 0.000000 0.000000 0.000000 0.000000 0.000000 0.000000 0.102263 14.194156 60.017685 120.516650 155.588782 134.942586 75.831238 82.860723 218.472381 329.166016 308.328636 178.418390 101.560782 147.373394 169.086069 135.711807 99.498790 258.202648 506.547843 1030.310806 2237.298212 2967.874297 2537.220218 1435.111626 860.368581 1108.249238 1177.309771 1080.139029 1429.417690 2553.414995 3153.946510 2686.985774 1538.797733 660.383765 392.087151 323.686859 317.062964 513.228480 754.219631 687.168037 546.472432
0.000443 5.822563 11.271018 8.143931 0.814632 0.000000 0.000000 0.000000 0.170524 1.070984 0.000000 0.000000 0.000000 0.000000 0.000000 0.000000 0.000000 0.000000 0.000000 0.000000 0.000000 0.000000 0.107076 14.250259 51.976626 165.329489 344.483701 384.718418 279.625438 171.486512 344.299749 496.945522 460.126324 291.391281 168.859007 219.011785 269.846734 247.536347 163.929501 209.176405 399.431627 969.807156 2484.033420 3464.314189 3147.041053 1915.300207 940.530269 923.259908 902.749790 828.003599 1255.010099 2327.597081 2954.015821 2612.599093 1792.874519 1241.493905 1169.316110 947.640520 531.179041 360.467035 343.259899 341.371729 252.899006
0.000000 0.000000 0.000000 0.000000 0.000000 0.000000 0.000000 9.821240 42.372432 57.106971 34.522482 2.327301 0.000000 0.000000 0.000000 0.000000 0.000000 0.000000 0.000000 0.000000 0.000000 0.000000 0.000000 5.479680 38.872878 242.679495 497.452312 569.343412 439.413697 256.657504 322.438923 466.184301 439.053092 280.576896 158.222121 221.304248 287.032812 268.448822 188.532431 150.689956 263.166866 643.447674 1877.596852 2785.992257 2616.868951 1616.673684 731.592535 650.831321 549.874329 471.346797 769.043015 1382.099675 1855.072643 1699.000476 1448.794256 1597.324415 1881.467851 1609.409931 1068.406589 715.486830 409.646661 206.270697 205.650450
0.000000 0.000000 0.000000 0.000000 0.000021 1.203188 1.336230 72.062259 206.171213 267.743214 155.450193 40.622097 1.228067 0.000000 0.000000 0.000000 0.000000 0.000000 0.000000 0.000000 0.000000 0.000000 0.000000 1.755499 25.946705 209.680054 458.638008 550.138170 447.740989 239.410399 197.558266 276.049654 261.015501 158.846844 77.994838 146.774191 196.001883 178.848171 136.642969 138.126675 191.350502 350.641885 880.789553 1427.896543 1307.892779 759.794977 550.960461 586.620670 412.965095 279.369900 450.571197 729.896285 941.328166 904.155976 1075.880058 1566.407737 1909.667471 1804.447290 1453.319820 1155.923028 746.821152 384.564698 304.565200
0.000000 0.175378 0.629172 0.468051 10.395396 18.632387 33.450304 239.643950 614.099338 752.586157 518.459662 131.836798 10.516179 0.000000 0.000000 0.000000 0.000000 0.000000 0.000000 0.000000 0.000000 0.000000 0.000000 1.065089 17.310197 93.769930 264.253250 355.483693 323.056609 210.538359 161.856038 109.721872 67.119357 38.492410 35.019174 58.464367 73.957400 68.814575 90.625642 165.989253 268.599170 371.406032 416.851163 416.646058 331.170911 411.183458 701.198627 752.182443 503.158592 390.953045 519.064648 769.614816 948.492802 919.446472 967.485323 1073.650773 1198.834900 1325.914493 1399.393511 1328.115998 965.327179 511.071224 340.731496
3.718335 14.062891 17.011283 15.341939 25.242146 37.069094 63.888223 409.214797 921.956899 1155.354833 854.313127 267.712347 13.715976 0.000000 0.000000 0.000000 0.000000 0.000000 0.000000 2.903062 7.950356 6.188784 0.563520 3.912842 10.960252 18.052283 52.135215 132.085878 264.908527 484.871038 525.698901 310.075400 71.864773 38.639328 29.245185 18.887355 20.550649 52.649960 164.814085 252.680685 322.261108 410.437166 409.286439 337.389757 285.570089 540.617961 894.197818 924.346622 705.327423 692.829995 839.250692 1027.238593 1081.247607 991.158473 830.150010 579.236651 434.456904 653.043788 978.922772 1074.291629 851.685515 416.560209 333.855206
27.811024 40.419618 36.737538 32.081535 34.131818 41.121986 53.258798 383.238757 994.749012 1288.509768 994.183197 360.450408 7.911121 0.000000 0.000000 0.000000 0.000000 0.000000 2.768229 17.870157 28.548836 25.112127 19.488170 22.433311 25.175763 19.865991 37.553374 117.722874 462.527914 851.592883 924.637445 643.206172 244.778580 82.679134 49.657762 19.368855 55.564078 317.172613 579.843249 586.017637 394.738162 305.272369 309.379778 277.649834 278.543470 528.475177 843.236670 925.700414 813.372775 822.078952 980.045026 1041.920024 950.858527 784.599859 629.125695 354.256792 211.037918 246.840879 479.922137 601.313915 470.669382 248.641266 374.200415
51.719239 62.901975 50.281651 31.588076 25.733288 27.974948 26.078962 225.572657 765.619165 1049.258495 824.478109 320.596933 18.719325 0.000000 0.000000 0.000000 0.000000 0.000000 10.546519 33.035149 42.742542 38.929398 44.065846 47.398504 47.723117 46.855557 64.525696 133.008206 492.831299 889.621093 983.719552 722.157378 308.122949 100.863344 62.857689 43.056215 191.456996 625.942887 941.444540 884.640331 508.489497 169.558264 170.438768 231.253055 279.006178 441.322837 813.242719 1040.936185 979.397823 904.391270 904.041402 770.771973 506.813349 377.780630 353.322935 256.672746 193.800344 151.668478 191.743332 239.791800 219.798628 195.310853 553.584966
52.905823 59.408280 42.978761 19.004413 6.019751 7.387067 13.707548 96.929668 412.799630 627.165872 513.962950 226.725870 13.462414 0.000000 0.000000 0.109091 1.945929 7.881608 26.207263 49.430105 52.856046 46.472702 59.917898 78.789901 83.375965 71.284104 69.568540 97.836603 297.241481 589.567652 677.944898 489.718875 191.863731 72.504671 46.374059 38.098575 218.804175 672.439458 970.023210 884.130509 476.629311 105.399583 124.993312 244.066348 332.844266 436.464408 834.134954 1106.430269 1115.796094 987.873026 741.003830 524.376006 217.884501 157.868145 231.838013 247.394006 178.699431 113.428375 104.804515 129.418786 154.482702 186.260830 507.848770
33.984030 32.551786 17.442122 3.606784 0.000000 0.000000 8.617478 43.508541 201.301268 324.312298 273.344016 97.826889 4.579006 0.000000 0.863229 11.843839 20.663169 32.729027 40.202190 50.113719 47.610854 41.421712 55.144860 87.539528 91.337710 72.692477 64.736137 95.094244 128.855074 215.372889 247.393202 173.944841 108.007420 80.961666 31.827182 14.443261 111.415662 422.926830 661.966867 627.825889 359.269896 170.984217 183.339096 244.604155 299.720104 415.125410 792.749857 1077.136733 1098.303960 890.657850 541.038136 346.584639 193.659947 137.615499 182.747046 189.676188 175.639581 202.032345 211.851499 204.939685 187.950349 196.887923 403.410395
12.911878 8.381986 0.561466 0.000000 0.000000 0.000000 2.473674 22.913728 59.777607 88.160314 64.889873 23.792601 0.383792 0.000000 6.721511 26.060765 38.312182 48.427052 49.123334 39.623982 29.000605 22.421284 39.105239 65.772418 68.221427 52.092547 72.756328 109.029881 116.367305 95.505525 76.488645 109.693492 136.307495 109.353551 51.984062 5.358354 34.319742 133.874253 265.229901 309.582311 295.230866 299.289253 269.352090 240.321645 255.169259 360.489113 595.996092 785.415632 774.283903 589.552894 380.458764 278.017736 151.011816 99.736599 108.060286 124.180292 203.331469 315.729288 385.092287 368.898378 265.945729 194.706978 316.628713
0.000000 0.000000 0.000000 0.000000 0.000000 0.000000 0.000000 1.821899 13.909243 21.812861 15.460542 2.514563 0.000000 0.000000 7.886904 28.310382 40.773663 41.398763 35.359401 22.982234 13.948871 5.009100 15.651071 42.742307 75.748245 78.429680 98.482405 120.751243 132.126236 100.671546 70.311398 101.060594 131.912589 113.482222 59.592457 7.373240 33.374329 92.814813 155.220694 218.921158 309.887843 350.954543 300.241624 219.392904 362.832387 644.943222 725.055248 567.277315 335.880752 275.184837 340.745229 320.903991 202.670954 132.147842 125.196612 129.918862 228.202467 393.157265 673.059400 827.147678 707.087752 482.403615 412.426270
0.000000 0.000000 0.000000 0.000000 0.270929 3.815807 4.636917 0.340031 0.000000 0.270760 0.000148 0.000000 0.000000 0.000000 2.684646 18.612997 27.295475 22.757240 10.183627 2.938349 0.546036 0.000000 40.655076 224.346799 333.323975 245.397538 143.762282 134.841926 134.080478 108.976859 61.563586 71.266814 87.348850 77.430180 35.273164 19.386693 60.405654 100.001912 129.784665 163.078255 239.838820 313.828918 283.942363 262.701179 604.193079 1064.642629 1150.738448 786.166243 314.058695 288.876645 482.244223 557.001784 462.395538 318.547892 268.754214 247.625856 299.931094 604.553010 1051.259895 1306.000356 1399.742087 1211.488667 820.315676
0.000000 0.000000 0.000000 0.422572 20.026340 58.945012 71.039141 41.396873 5.407174 0.000000 0.000000 0.000000 0.000000 4.477236 19.408082 26.106438 22.010215 8.454331 0.067632 0.000000 0.000000 8.295823 244.891189 616.124136 767.643376 583.270123 236.242674 111.561137 104.871957 95.708835 72.367873 55.128887 55.399516 89.218470 123.805184 132.958016 126.089987 137.543501 188.639328 227.831789 247.468880 266.195956 255.363948 280.589236 679.547847 1172.358593 1243.094977 845.443198 387.253899 443.752837 677.030679 742.262407 650.110520 491.446621 431.824361 448.642332 637.464457 989.507194 1407.129880 1563.170503 1743.588356 1624.044362 1168.119427
0.000000 0.000000 0.000000 5.598794 58.792036 124.959328 143.620140 99.862618 29.075727 1.109846 0.000000 0.000000 4.488779 27.608195 54.931305 59.493487 38.581539 13.694936 0.082540 0.000000 3.387583 55.257741 415.416349 830.572668 964.199989 724.027616 280.629690 65.429674 69.523699 77.261206 67.956673 55.757767 90.915130 210.841901 307.423188 295.293239 209.736166 196.539039 273.627870 336.247205 356.912872 295.432652 231.174605 224.442605 525.152325 936.694789 999.679310 698.987375 396.846923 489.383584 688.751120 705.188552 617.857923 558.707346 589.137107 707.356095 969.312856 1205.077862 1431.937767 1407.282250 1395.714724 1343.332484 1046.925623
0.000000 0.000000 0.000000 7.470228 68.398872 140.077226 160.334102 114.257648 37.236828 2.204795 0.000000 0.000000 11.041031 41.037439 71.847748 80.445949 52.221581 15.569053 0.270032 0.000000 19.865111 87.610048 380.098619 719.523280 800.276675 560.019756 174.224974 27.386463 26.555354 35.183381 34.503626 45.676910 153.930545 314.723713 403.630520 355.425379 222.264686 180.822182 281.588002 370.068374 381.660119 289.615668 188.592910 183.376668 300.684482 537.466684 585.293109 454.851123 385.801632 556.486109 867.408269 842.435193 635.713173 560.559840 635.098771 782.134582 1072.567133 1210.973964 1123.931434 818.598397 621.340359 668.205307 642.723842
0.000000 0.000000 0.000000 0.673084 37.101857 92.553714 109.436037 72.836973 18.145487 0.219499 0.000000 0.000000 9.481623 35.250062 99.897333 131.917818 93.979053 24.199744 0.002741 0.000009 41.731023 121.247302 220.852489 403.896400 442.199232 302.408258 113.229404 43.568320 14.552649 3.659969 14.610075 69.318587 173.976782 305.608741 353.504657 276.542210 140.020881 80.428381 191.347184 280.539180 272.818446 193.276275 128.538484 160.997315 309.942180 427.609507 439.998216 398.809879 580.402408 1269.092231 1810.699787 1670.734616 1056.842288 656.182416 601.113335 672.219102 906.639831 1005.070304 849.230413 459.016819 335.501914 406.329121 405.435881
5.941365 0.727462 0.000000 0.000000 2.318386 20.944624 29.481776 14.156424 1.178495 0.000000 0.000000 0.000000 1.926358 41.514396 125.888562 168.972704 134.025798 56.279642 2.283182 0.640178 43.088798 113.472615 152.862930 276.892837 717.563127 1066.404672 779.632814 239.114763 59.061919 41.686652 53.912835 98.796662 154.608642 215.533091 210.666337 121.111273 29.274967 1.598621 65.429660 133.565931 150.454732 119.445622 139.879468 277.414383 471.606094 549.724358 477.220919 432.119031 848.766888 1856.292871 2571.920248 2411.566308 1487.714546 655.967796 444.239986 509.170154 588.361915 641.430205 577.402415 445.274991 419.469016 430.170392 417.590139
25.401145 11.939631 0.179004 0.000000 3.753830 15.214101 14.563371 2.837536 0.000000 0.000000 0.000000 0.000000 0.000000 36.555155 119.429757 164.922149 142.019673 66.203851 2.909702 0.047464 25.110041 69.415275 161.687115 897.167427 2402.578668 3189.167000 2515.089944 1069.228054 249.247052 180.287440 153.225917 161.123623 179.190088 164.088717 128.555439 57.347568 14.969398 22.584550 55.602974 84.969483 100.866298 106.599868 206.707197 403.468020 557.491229 585.022164 492.021023 477.131997 902.803219 1807.809646 2475.981147 2301.201994 1337.084972 448.232567 237.892561 327.356426 433.848549 489.793377 545.628825 542.420625 521.650353 408.094703 333.914146
38.374398 21.253294 2.489581 2.166536 30.055987 64.853708 79.637344 42.806988 1.560128 0.000000 0.000000 0.000000 0.000000 29.057070 104.376169 131.113277 94.186348 34.857922 0.000000 0.000000 6.480033 29.940913 247.330599 1523.558273 3552.799418 4504.355635 3667.833286 1778.406583 526.116895 358.463218 313.692334 250.310514 213.923998 174.820233 114.675045 79.993350 58.007700 118.211219 180.742644 172.170773 125.965214 79.149466 191.683480 358.536492 484.767131 520.299359 473.913567 493.326902 681.610444 1159.684380 1537.696580 1343.457292 687.444752 222.989377 191.477694 310.337348 392.624328 447.685389 472.638397 478.422809 455.388937 295.402558 153.516136
36.551199 18.637962 1.650921 8.817319 65.847827 164.694037 204.619809 146.711974 40.083802 0.063999 0.000000 0.000000 17.292649 77.875047 126.556081 120.932267 51.418652 18.834998 30.885158 22.694300 16.691071 23.277534 199.130641 1287.134944 3125.442208 3989.638666 3208.205603 1517.422339 502.452008 421.681138 385.245724 287.106229 206.237944 164.388876 114.357396 92.706824 90.818345 189.427629 267.014216 252.322840 166.687907 72.136924 98.671132 187.255281 261.942299 302.761933 327.234893 411.116724 462.995430 513.684012 620.231934 519.697182 291.961878 152.936019 211.162105 381.879764 427.446640 407.605265 396.593122 375.525525 273.395267 115.550124 17.480305
19.296386 6.638356 0.000000 5.935718 90.265316 218.160074 270.256926 207.642702 79.430674 4.390796 0.000000 0.000000 41.615954 123.593997 166.103180 138.379897 80.546334 70.416016 93.310091 83.818587 54.056928 39.238222 88.759656 551.601315 1520.576068 2037.683628 1493.292205 586.770098 317.315417 337.322341 310.892972 229.479915 154.940560 120.366636 93.881355 85.680141 85.988676 167.378252 241.201609 238.179982 152.440376 56.714911 34.344756 48.833520 65.270509 108.758755 198.565767 298.628184 317.071476 329.777222 381.893028 395.246476 290.106394 125.441227 184.103810 383.097776 453.689498 351.445379 238.290331 185.644330 108.191646 19.182679 0.000000
0.979338 0.000000 0.000000 0.032290 59.989311 174.619415 225.916291 174.966768 70.524844 3.560437 0.000000 0.000000 34.201680 110.553892 150.928097 124.563629 88.625512 99.000643 126.697322 114.328673 73.293239 48.066817 131.008929 338.552797 476.981006 426.949291 254.096675 179.063238 217.840967 206.832885 169.907690 128.522251 88.874748 70.625327 91.193730 116.927754 140.914118 184.827574 202.261765 170.118376 136.970603 119.619449 129.927724 122.274588 136.438470 148.711077 165.650137 165.456937 158.248404 264.165824 393.643657 423.344760 303.199530 139.403492 151.166345 346.478752 439.607087 278.232391 96.397154 16.897087 3.092983 0.000000 0.000000
0.000000 0.000000 0.000000 0.000000 11.754538 71.466094 108.991936 84.944067 24.338300 0.000000 0.000000 0.000000 5.522385 49.227290 77.211981 58.712850 40.601442 81.675026 107.014120 89.022689 49.201186 70.553953 503.541666 899.273683 883.418660 527.519272 233.175807 339.488796 404.127448 268.909166 158.208175 138.948034 118.706676 138.426113 198.713504 290.922397 378.869511 412.614500 582.531386 589.331771 414.780046 286.269320 285.632376 277.932211 300.662217 260.889325 200.683493 136.710808 122.808467 304.734098 478.770104 509.894839 364.778244 170.560350 284.909564 520.787212 609.299865 404.872880 88.364516 0.377080 0.000000 0.000000 0.000000
0.000000 0.000000 0.000000 0.000000 0.000000 3.418543 13.260682 6.226916 0.000000 0.000000 0.000000 0.000000 0.000000 0.387568 5.728209 1.609762 3.387041 31.614675 47.985571 32.804519 67.072800 512.422753 1310.532307 1622.890916 1346.582575 790.179781 528.449172 1061.673447 1321.748920 973.686573 386.507352 204.234682 198.150097 233.238989 292.851739 423.598303 552.208438 875.495858 1249.656414 1290.468518 950.388579 493.465223 346.641572 337.302724 333.302674 280.246362 195.768416 117.141931 132.444229 290.005648 426.192875 444.309639 323.093833 223.110223 473.743570 781.300538 843.807217 577.766752 158.811167 0.099192 0.000000 0.000000 0.000000
0.000000 0.000000 0.000000 0.000000 0.000000 0.000000 0.000000 0.000000 0.000000 0.000000 0.000000 0.000000 0.000000 0.000000 0.000000 0.000000 0.000000 0.000000 1.040910 12.216008 393.491745 1170.037221 2030.435044 2178.724566 1502.637500 776.505497 847.139067 1719.202869 2090.796828 1648.954066 735.760927 237.252238 205.793632 223.541820 258.201162 362.661649 505.739295 980.316381 1436.426719 1499.816967 1119.160832 522.465282 246.000551 226.139392 216.294599 172.875597 109.979781 45.653847 68.517148 206.388559 291.613276 281.529506 222.930478 205.388065 489.237681 807.086554 868.527552 585.618576 168.900973 4.369149 0.000000 0.000000 0.000000
0.000000 0.000000 0.000000 0.000000 0.000000 0.000000 0.000000 0.000000 0.000000 0.000000 0.000000 0.000000 0.000000 0.000000 0.000000 0.000000 0.000000 0.000000 0.000000 39.692181 583.982688 1368.805418 2008.454809 1975.478466 1189.634023 457.798188 770.068553 1687.541973 2061.541105 1629.076173 711.686452 185.720305 126.999038 110.369796 131.317899 170.877016 237.251270 573.880831 1000.552055 1074.019779 771.872822 253.939666 66.037903 48.400719 55.427949 46.926963 18.375352 3.125456 10.606076 65.624735 117.932445 97.369481 84.575891 257.694371 489.026320 810.495140 927.262546 619.909068 179.741371 11.163198 0.000000 0.000000 0.000000
