InitialVersion/ascfiles2/tmp_kdeout23.asc
ncols        704
nrows        293
xllcorner    827.296065
yllcorner    924.742280
cellsize     0.500000000000000
NODATA_value -999.000000
[rows 56 to 83 of 293, columns 126 to 188 of 704]
49.716101 80.075207 77.173766 44.217546 33.259789 88.712168 122.867062 109.968310 72.956786 37.816959 30.340244 40.396790 127.751149 179.552884 139.544228 66.584286 12.675104 0.000000 0.000000 0.520226 14.426237 29.456663 44.021046 138.123912 414.470003 724.910947 757.687462 552.634200 269.244418 135.361848 158.679815 267.091768 422.193913 692.055743 890.956627 957.278497 773.830130 495.805185 599.253449 1188.028791 2024.081486 3880.054195 6692.562164 8412.689381 6309.167710 2397.008960 2371.135094 4031.949555 5079.216436 5535.135245 6610.483076 11078.065627 14062.239874 12060.850132 6418.199663 1649.709053 749.502784 1189.380048 3043.100896 6243.142167 8793.262512 8538.626700 6947.968664
59.929546 88.577302 77.233716 51.361653 43.162753 91.075443 113.121492 106.218317 94.766308 76.284821 64.830427 49.976024 83.722360 126.660362 115.344822 55.402121 4.311936 2.131088 1.625349 2.320633 21.162616 38.806608 73.967845 191.099893 454.623927 772.710837 924.358422 795.358013 393.455935 155.674769 547.912851 1141.467967 1446.335557 1325.990839 1290.385702 1430.927860 1240.448025 981.900718 896.691489 1441.334777 2304.349545 5464.305155 12589.575383 16867.384607 14054.616173 7057.773184 3648.955602 4907.307285 5616.518717 5703.950005 8017.803505 15000.127626 19174.723546 16869.135503 10698.325250 6507.402289 5196.424402 3470.519679 2646.714674 3622.285677 5157.169698 5132.127688 4736.114794
52.164059 71.385911 58.874829 40.182121 40.308990 62.172570 75.638849 80.938829 110.608658 137.865459 108.883968 63.756149 50.619699 74.860452 64.030468 22.993243 17.704973 36.094829 34.815737 15.882888 20.646940 55.406232 114.678540 204.846006 388.972707 1021.304113 1658.658015 1598.798315 999.798610 438.193962 1241.726607 2168.109157 2428.143549 2028.087071 1619.321480 1760.561580 1897.606547 1901.750555 1675.559040 1788.109157 2437.128379 6420.143484 15650.000110 21229.437984 18666.237491 10706.453950 4851.639263 4750.652573 5031.308067 4860.129591 7285.171930 13754.836269 18081.099816 17204.937618 15754.647019 17064.788719 17834.746778 12801.152614 5684.961433 3211.712095 2705.313248 2520.510240 1918.794074
39.950011 42.122247 29.007875 26.071395 37.360144 37.328232 41.142033 104.968203 331.889614 457.510707 307.054401 80.906377 27.727739 30.816049 28.097612 29.003368 57.779068 84.262161 88.323704 75.730010 93.213666 180.219940 249.975244 272.912721 615.129169 1641.332095 2525.889207 2429.762047 1542.700997 828.897767 1446.286803 2392.374992 2542.892226 1925.602099 1348.513108 1550.085475 2023.077649 2328.789033 2281.215965 2272.701828 2520.597690 5289.448526 12871.570667 18046.833709 16318.971043 9726.358341 4435.289124 4169.027218 4180.972431 3928.462415 5609.634000 9044.248302 12067.834672 12873.437738 17636.886387 25743.607132 28858.557537 22285.175977 11427.545926 5761.249046 3300.295622 1542.541238 1175.251544
28.172995 27.833216 14.525717 10.733666 20.905528 24.404617 31.925601 397.252010 1336.060351 1956.667187 1183.754165 260.647885 19.885013 9.236222 22.823980 46.371043 94.060626 133.171780 135.401960 148.194560 198.074249 309.998980 354.685514 405.139673 874.111741 1845.875121 2674.420146 2584.430234 1670.905142 806.555227 1022.123523 1685.296969 1743.246397 1166.946395 652.360337 973.983226 1532.598347 1931.479348 2246.860366 2388.540792 2231.060744 3159.760127 6553.899308 9829.007522 8765.764123 5135.973218 3868.719837 4557.125642 4173.937970 3860.415312 4807.776577 6284.764294 8455.499723 10035.245965 16706.064509 25762.942106 29161.460444 23676.229159 14226.116999 8961.946512 5976.276578 3112.917614 1987.827410
8.107314 8.052548 5.263128 14.234280 51.424875 77.659175 140.313383 1496.893932 4715.083290 6313.059411 4682.344846 1340.993282 41.961226 3.943028 35.866490 66.939938 110.632411 138.963670 135.282597 162.056646 215.529514 316.272329 356.192151 376.259023 758.817965 1373.318538 1957.508116 1806.814950 1167.841218 670.091941 581.585899 650.238350 593.590447 349.983533 286.448937 473.767635 751.237828 1089.369082 1578.962337 1955.709806 2127.056793 2297.238770 2501.772972 2918.534258 2736.812106 3521.708556 5671.487427 6605.288893 5497.704954 5087.376014 6110.064010 8212.206947 11064.087248 11859.884151 14046.606714 17557.018808 18601.943828 16003.190346 12444.917695 10587.056962 7951.228851 4384.719566 2613.557007
6.298724 26.383862 45.301046 69.210887 143.543562 205.013554 310.911794 2918.823619 7497.610719 9732.009400 7689.694634 2949.957151 136.446007 7.195498 41.264111 70.552133 89.339512 93.788785 82.058218 105.645709 142.993133 187.935047 205.991823 194.322365 474.030021 895.337071 1067.869828 1006.670533 1206.388996 1999.112248 1945.830795 1035.917493 197.457523 192.984098 307.653195 348.739252 375.529813 588.191038 1069.295743 1520.100172 1762.505415 1949.507224 1916.205630 2026.232388 2444.378518 4817.191271 7514.135256 8114.743028 7322.399149 8316.599488 9800.772461 11804.282573 13205.898460 13227.322672 11281.076547 8642.411272 6903.364104 7220.610409 8499.343548 9109.251762 7335.985717 4045.534420 2757.701386
41.277906 70.981067 88.301836 129.261053 226.835899 297.386855 326.827227 2737.101090 7459.419978 9855.372902 7900.924040 3161.878448 148.507586 6.724773 28.325846 48.874620 55.051950 43.666327 33.750915 54.509529 73.390605 78.054457 57.932034 98.022498 378.752123 687.072061 924.832199 1317.118442 2749.916829 4179.674353 4079.634832 2528.648931 796.099641 461.854852 631.063995 577.892012 551.352831 1359.363576 2261.521765 2311.890343 1648.522329 1373.126575 1601.498654 1747.494233 2257.846377 4508.095381 6863.510212 7545.621748 8142.599334 10033.878539 11838.233097 12509.634760 12022.352721 11011.628664 9068.461565 5069.669879 2801.684269 2806.528643 4530.540430 5451.840456 4385.385666 2553.579249 3309.056711
69.236831 98.799278 101.092007 129.465228 219.483816 283.098607 242.096501 1188.376087 4570.287804 6570.585333 5244.384285 1927.249717 127.387385 7.237551 12.723629 22.206536 36.882690 46.231694 40.217656 38.020431 66.203759 75.825379 85.003203 147.819029 482.649535 752.571447 1037.417005 1629.016112 3326.306048 4889.498027 4800.237305 3106.645969 1220.677387 742.128406 906.357214 837.261382 1136.276668 2540.709401 3733.329507 3554.828674 2208.663607 996.935717 984.622503 1220.823387 1548.076286 2695.359674 4796.478777 5989.541731 7160.987926 9318.703670 10809.067650 9337.276518 6799.898027 5740.680615 5124.603842 3411.329409 2202.783565 1564.267287 1812.222523 2174.228777 2095.555828 1766.977261 4870.039357
63.296173 84.657773 85.299829 109.063101 159.780039 187.250473 153.069087 258.922940 1345.304968 2461.802170 2045.815229 899.660062 177.376860 32.597230 0.357322 17.168664 68.100027 97.262816 89.309408 65.730358 63.305609 91.621615 174.494482 576.989019 1032.550858 1132.798848 946.318566 1122.887135 2306.669059 3652.796615 3599.053181 2217.182229 838.833126 699.929691 839.317534 777.507342 1198.915901 2740.267066 3919.932325 3706.686701 2268.840684 872.811770 744.705933 969.931255 1232.896029 1622.524165 3263.014448 4578.189106 5712.819137 7446.900591 7504.215622 5573.919054 2632.522816 2225.400402 2829.607484 2810.612374 2080.810052 1169.426611 906.768219 1141.268526 1438.673808 1701.230787 4350.830250
34.588747 56.239248 111.337929 150.308427 167.860278 138.297081 77.542173 52.894921 468.560955 939.884215 952.979518 511.868786 158.360316 40.260047 1.100713 38.894599 119.183908 161.094630 128.847440 68.714552 43.270816 79.844149 357.946486 1079.017106 1553.903933 1455.568997 872.038906 517.160044 932.936017 1611.272269 1643.545325 1080.523259 635.872895 690.547823 592.495193 415.442411 565.703345 1723.699019 2661.956734 2574.033452 1577.860715 751.515563 740.393006 859.686086 988.103412 1438.913785 3016.954833 4248.611158 4817.108174 4814.974649 3954.606058 2709.861769 1658.663393 1554.253285 2008.293540 2149.901448 1775.800401 1447.859651 1289.854928 1348.283207 1592.514084 1772.051149 3187.174618
23.792817 85.256399 185.145537 233.622444 204.902200 120.399103 43.158926 45.155318 127.274078 278.333820 324.358949 234.771443 92.078544 16.840147 13.022711 68.284118 167.422569 220.954963 177.393647 83.215865 31.808775 51.325704 359.921396 1136.343038 1628.129674 1474.924698 908.463256 467.778551 667.196102 868.821800 1013.359164 1173.843702 1072.844723 868.371372 494.197661 134.764007 155.693670 462.857304 928.435492 1010.185219 800.643552 713.200407 672.160907 875.667018 1137.401644 1518.207396 2350.831630 3138.270424 3293.096238 2807.738195 2153.650311 1825.252194 1181.720162 1033.862134 1202.757135 1308.114190 1349.954349 1578.038724 1791.747370 1857.453967 1723.073752 1519.394900 2186.649968
31.305018 117.071683 225.097612 259.909474 205.902741 97.262347 61.059124 106.937866 146.184265 149.772844 115.887743 72.246048 23.667647 1.069703 27.024561 83.124773 180.552105 236.844562 202.089985 131.341154 76.392332 57.502205 163.293178 744.500412 1251.349316 1218.527901 1080.826216 1039.531530 1213.362112 1287.161511 1553.285450 1792.383787 1536.822923 1036.175365 534.816728 111.112151 131.149597 258.339625 404.173291 569.560547 738.338983 740.006964 673.974568 936.405552 1902.258555 2764.995265 2674.000265 1984.103510 1260.706140 1082.006687 1577.055298 1723.181097 1357.132169 1069.468242 952.147609 858.736475 1049.013494 1580.700513 2519.777699 2979.463451 2567.899504 1944.542541 1974.735228
60.905192 138.558464 216.993947 228.256555 158.239014 130.975437 175.761714 161.754994 189.413070 154.767642 66.611441 22.751961 7.688555 2.166793 28.329664 93.369819 162.068708 191.313220 180.084425 155.116682 118.999622 110.587424 271.583039 1169.566590 1899.213213 1783.348407 1621.723507 1776.206224 1734.859668 1712.594997 1709.675624 1882.807039 1585.015756 1006.217868 568.954477 265.564644 332.724562 462.588656 607.658621 816.820068 894.190379 868.795703 803.498982 1291.454819 2972.183418 4287.185332 3982.021146 2380.593027 850.097194 1100.592287 2142.722896 2752.347747 2575.593381 1976.703750 1560.195716 1257.505007 1446.344236 2614.602482 3812.280071 4260.751998 4873.704092 4733.108089 3634.632543
71.105322 136.340955 170.412910 155.041358 469.085116 1070.217968 1208.515675 721.282292 201.637555 134.231094 73.528893 61.477848 55.194527 44.773006 172.989069 271.663224 261.717315 167.179402 121.841089 127.795706 153.736526 233.261051 1229.035677 2967.078291 3873.484405 3535.897797 2555.636048 2081.847852 1747.799702 1594.956430 1533.026299 1560.844395 1384.987175 1608.559758 1905.298772 1472.083717 793.282895 845.690719 1621.534106 2173.468094 1932.385271 1193.465900 826.955870 1366.345303 3162.684664 4604.077862 4334.754139 2753.197006 1406.588911 1961.043165 2940.509126 3414.453150 3325.790629 2782.644097 2389.561766 2396.931575 3695.048062 5439.800643 6188.576733 5805.194553 6762.379477 7158.083803 5724.225222
60.381411 96.921402 109.222304 187.985272 1151.709066 2147.315671 2292.186470 1503.810647 395.204167 87.298817 89.241344 125.800603 169.700323 281.160594 468.593441 571.437588 448.005928 218.394706 77.384595 106.736632 208.560524 506.144176 2044.157231 4048.826421 4929.400336 4246.396601 2745.450437 1725.810607 1306.467997 1037.046605 1094.595673 1175.021007 1756.849056 3322.109066 4242.163032 3474.166655 1815.956469 1423.241550 2725.387306 3500.570047 3082.320937 1778.879630 745.745548 878.909945 2537.456100 4050.317867 3937.629971 2792.259074 1927.329621 2525.999563 3083.949927 3014.520357 3029.984087 3148.299475 3279.528329 4079.874158 6065.616477 7563.023810 7580.854881 6342.412775 6462.622091 7063.669467 6041.051410
33.061150 50.153308 52.396978 182.797887 1309.273374 2392.509727 2533.749548 1646.092570 408.484649 41.121180 95.493639 235.024749 378.692156 563.304481 751.313789 835.059847 609.952789 272.767961 86.813957 130.157406 314.633373 661.218218 1863.673712 3468.248892 4096.844935 3302.820434 1758.271172 952.085354 664.104605 498.470379 586.996941 843.572951 2137.458091 4427.174986 5511.394491 4471.731703 2268.794921 1435.085498 2869.459095 3776.964670 3396.164734 1960.172674 705.563845 728.943802 1858.044689 3097.402310 3131.324288 2624.631537 2600.810539 4125.900037 6057.196622 5099.901041 3333.121683 3177.564306 3572.594224 4618.404233 7014.391175 8201.726804 7125.067283 4709.890242 3954.766086 4729.624320 4455.150455
3.694609 5.312333 4.453972 39.794199 758.779684 1630.086202 1750.743497 1019.183052 139.053272 9.999799 84.485148 280.849843 465.822793 693.415590 1690.775959 2277.395865 1708.534707 471.445137 103.099350 160.021721 345.409514 668.515580 1038.435996 1796.112689 2213.002506 1926.103116 1114.045050 789.159655 581.651898 484.945434 533.059260 849.534259 1828.470708 3757.564005 4666.007799 3653.375943 1626.840667 799.345884 1965.993229 2824.201382 2568.967642 1463.172165 682.205032 842.054909 2014.855645 3001.902230 3046.028088 2782.928190 4468.363803 10833.829503 15226.108393 13303.815461 7273.166143 3762.667121 3593.677470 4392.971079 6236.894372 7142.006462 5815.379284 3065.070259 2277.230099 2678.812865 2492.929671
0.230904 0.000000 0.000000 12.933194 104.328031 449.785654 528.791319 226.177472 49.540790 15.717953 40.642419 203.964291 374.978923 1168.452071 2911.326512 3777.124353 3069.889780 1287.753238 122.198644 157.705121 281.404217 502.254703 638.528011 1611.701574 5934.481506 9932.276374 7799.546583 2966.639279 1068.459352 853.360959 818.041962 951.670447 1216.775767 1960.856596 2400.213179 1777.508617 756.736729 424.231693 811.336753 1294.919707 1318.955347 938.437137 1014.406274 1963.273695 3453.957484 4060.852242 3350.621920 2733.696676 6455.467629 15991.127428 21967.590474 19858.412941 11310.109738 4176.862385 3251.236099 3898.701787 4730.157607 4978.505255 4140.231151 2657.944537 2032.911412 1873.064484 1658.966294
3.362360 6.337711 7.904985 17.862875 47.969850 118.369900 182.235740 181.875209 162.639928 91.952396 41.581705 111.309924 243.576716 1245.110766 3144.147159 4106.663164 3449.394833 1629.418847 214.934413 221.410222 268.385500 333.743253 962.472692 7787.017465 23703.731226 33112.231142 26931.646889 11719.343099 2681.057358 1486.302836 1423.245039 1442.054870 1330.972721 962.543167 896.947969 781.989953 582.171312 495.875629 536.203620 650.277460 777.895694 776.137516 1698.264516 3219.663101 4555.509933 4737.823483 3637.579901 2775.811795 6001.280258 14869.627023 20565.213154 18466.542532 10107.325097 3197.141103 2363.640979 3017.920841 3674.029409 3870.838883 3714.929416 3007.351552 2314.847143 1461.122002 1056.835424
14.554766 27.920072 61.366743 95.191677 225.059964 497.702800 711.838166 516.586317 236.835862 164.867096 95.592427 111.453169 172.286482 713.307007 2311.475934 3192.436154 2609.751415 1130.326069 353.602944 393.427443 367.092159 462.258577 2226.905203 15312.386743 37862.719518 49622.809085 41338.213824 19881.967613 4608.474703 2116.130042 2238.864964 2176.960174 1750.351567 1148.458608 779.975297 826.972989 728.634096 732.733818 810.860053 800.276925 720.744284 624.454793 1828.492493 3346.996058 4556.412583 4925.542378 4090.051277 3397.721586 3986.648815 8441.255585 12082.891241 10344.276676 4839.943063 1837.743447 1828.994189 2284.266464 2719.039300 3074.570595 3110.168822 2797.071596 2162.765008 1126.582498 453.525104
42.553343 51.992539 109.624686 194.644359 614.687728 1459.030373 1864.866064 1447.155806 534.541725 158.933353 130.064903 158.891493 250.095154 534.333505 1206.460828 1685.993583 1243.377622 510.850741 503.736148 502.310305 505.319346 641.698105 2129.386923 14203.650366 35366.559147 46253.078651 37953.060397 17479.389366 3721.634828 2153.440464 2463.258884 2358.327698 1870.680672 1312.885610 854.651926 797.710959 723.853364 821.282166 959.522567 974.278117 793.461407 506.406191 1120.425129 2191.968979 3086.487140 3679.308936 3403.232817 3358.157898 3102.063738 3130.407670 4167.316355 3445.286795 1957.652512 1291.905483 1429.670316 1997.723526 2278.456823 2509.931361 2693.535617 2311.004772 1475.004611 530.407555 63.530193
114.174775 50.986733 105.403474 188.647272 925.497803 2040.229313 2504.541299 1982.876646 814.251607 101.008397 113.924381 155.232615 294.682976 654.476204 943.087747 971.882400 767.492521 528.334170 501.410635 493.855702 501.453743 623.064732 1366.368302 7567.310232 19959.952090 26489.454713 19804.973362 7219.854895 1806.289540 1666.041380 1912.659464 1827.979691 1466.737460 1097.835684 794.802427 701.401905 578.120385 697.979983 876.506159 933.124243 744.556153 413.918742 380.295939 746.531166 1140.212085 1770.045247 2364.031709 2720.122247 2477.155397 2145.138878 2381.279996 2423.374226 2027.331768 1274.655916 1091.573902 1666.943000 2117.561091 2048.722326 1809.806198 1307.551322 604.765730 89.577039 0.000000
145.981202 31.861731 51.692638 79.198228 674.843488 1717.886427 2163.947962 1678.625904 651.063894 38.717877 68.938162 124.390140 212.311620 488.379280 723.172038 745.940670 555.887904 353.459601 314.417146 321.009952 320.000423 496.614927 2302.493415 5892.996202 9045.021857 8991.713143 5347.304329 2193.043479 1548.916138 1193.162097 1009.457870 999.301636 900.495211 740.154092 739.897667 769.066307 930.788561 1185.844014 1111.322980 896.872236 688.174059 625.461480 721.458451 741.836099 721.080014 1050.536888 1491.667673 1523.974342 1248.631851 1571.783135 2222.441655 2508.069214 2075.806364 1259.524982 953.922268 1391.938311 1781.136411 1381.913813 746.774401 260.390896 31.584907 0.000000 0.000000
107.194397 8.029913 1.782527 9.992662 133.507642 743.558961 1090.847029 811.827552 208.510168 9.096937 72.696137 136.800791 156.157454 222.533381 306.047343 285.415259 166.835605 141.828376 144.439380 142.863155 157.869468 660.042450 5588.019403 10817.369577 11707.703989 8331.152828 4324.898210 4462.979769 4872.174250 2949.834718 1291.510570 1031.482396 968.272955 961.333688 1135.990546 1705.575324 2369.150752 2707.900755 2894.343472 2259.134628 1489.240727 1269.254975 1417.014580 1549.338799 1477.910358 1166.457999 1071.504196 943.099010 879.768586 1582.421525 2399.232823 2720.215374 2176.502454 1307.827749 1495.152730 2053.553199 2256.579420 1473.730271 312.883268 1.526308 0.000000 0.000000 0.000000
31.753951 1.582348 0.000000 0.000000 0.000000 32.433777 128.531746 63.188677 2.636582 22.921888 99.363320 160.730322 158.886533 95.665657 31.766877 2.892977 4.374445 43.377981 67.497269 79.556734 344.925674 3102.124023 10206.913785 15072.613663 14437.152339 9654.066766 6681.265599 11414.734447 13846.983708 10460.192221 4430.821087 1723.503618 1464.157730 1325.516708 1490.337702 2390.905263 3396.951775 4599.073788 5179.591538 4348.333442 2927.569629 1801.596943 1690.989100 1848.381051 1758.130147 1403.743761 1193.761356 982.793836 1020.331634 1536.134569 2056.887228 2291.639096 1935.858729 1592.431741 2483.283067 3332.064071 3295.052337 2241.224572 619.962696 1.060997 0.000000 0.000000 0.000000
3.973970 0.000000 0.000000 0.000000 0.000000 0.000000 0.000000 0.000000 0.088266 18.425528 87.155076 141.598111 135.893338 74.480281 11.248331 0.001308 8.721221 20.535198 40.755155 130.667111 1761.921982 6003.081372 12565.887990 15788.236505 12893.181535 7456.789237 8088.116101 16288.375047 20169.533837 16517.037007 8059.411453 2365.871018 1465.129244 1180.655842 1213.037445 2009.402639 3095.909927 4685.689785 5521.227769 4780.821055 3193.812479 1633.752188 1197.749556 1311.930371 1227.236051 997.731509 903.574400 735.234926 708.942657 1104.516747 1360.061051 1462.227848 1428.909181 1604.344135 2873.654645 4124.476916 4372.830049 3110.171840 1158.454661 72.636302 0.000000 0.000000 0.000000
0.000000 0.000000 0.000000 0.000000 0.000000 0.000000 0.000000 0.000000 0.000000 4.242418 34.743655 70.402826 66.271894 26.790386 0.063529 2.748905 20.930560 44.480686 97.240350 297.526438 2594.983047 6455.210516 10669.566056 11910.993880 8208.979579 3369.295576 6024.042063 14435.580514 18664.218661 15499.549592 7427.224787 2000.802056 903.648044 538.571039 600.658903 933.299686 1505.961388 2694.476216 3615.406715 3341.790832 2111.416984 694.324378 360.574941 390.649796 373.526416 344.893440 348.512442 358.876251 297.802785 390.116133 535.047126 508.251925 649.391320 1468.985512 2789.465918 5310.928113 6424.943996 4759.887891 1868.299005 311.020002 0.000000 0.000000 0.000000
