InitialVersion/ascfiles2/tmp_kdeout47.asc
ncols        704
nrows        293
xllcorner    827.296065
yllcorner    924.742280
cellsize     0.500000000000000
NODATA_value -999.000000
[rows 28 to 55 of 293, columns 315 to 377 of 704]
0.000000 0.000000 0.000000 0.000000 0.000000 0.000000 0.000000 0.000000 0.000000 0.000000 0.000000 0.000000 0.000000 2.559887 18.806293 31.647024 29.885947 14.902134 0.892175 24.241405 131.243167 282.077244 400.782371 479.326375 470.698016 335.841474 195.239226 96.411542 19.716077 0.000000 0.000000 0.000000 0.000000 0.000000 0.000000 0.000000 0.000000 0.000000 0.000000 0.000000 0.000000 0.000000 0.000000 0.000000 0.000000 0.000000 0.000000 0.000000 0.000000 0.000000 0.000000 0.580834 9.970311 16.853685 17.242227 14.284814 5.924823 1.253795 0.981272 0.000000 0.000000 0.000000 0.000000
0.000000 0.000000 0.000000 0.000000 0.000000 0.000000 0.000000 0.000000 0.000000 0.000000 0.000000 0.000000 0.000000 0.000000 4.456631 11.590327 11.929715 4.535841 13.058366 127.054438 474.724865 828.288295 1123.712176 1118.473779 891.193018 557.998447 205.238941 72.084012 6.665158 0.000000 0.000000 0.000000 0.000000 0.000000 0.000000 0.000000 0.000000 0.000000 0.000000 0.000000 0.000000 0.000000 0.000000 0.000000 0.000000 0.000000 0.000000 0.000000 0.000000 0.000000 0.000000 0.000000 0.000000 10.524592 51.515870 83.598738 79.848407 43.430248 18.463347 6.745692 0.000000 0.000000 0.000000
0.000000 0.000000 0.000000 0.000000 0.000000 0.000000 0.000000 0.000000 0.000000 0.000000 0.000000 0.000000 1.530107 7.477279 25.874086 49.180229 59.216392 42.547531 71.422007 272.017274 776.660763 1253.708639 1605.198802 1522.113226 1106.750135 672.004567 326.699615 222.186163 98.417112 2.739444 0.000000 0.000000 0.000000 0.000000 0.000000 0.000000 0.000000 0.000000 0.000000 0.000000 0.000000 0.000000 0.000000 0.000000 0.000000 0.000000 0.000000 0.000000 0.000000 0.000000 0.000000 0.000000 0.054697 31.632308 102.429608 153.227721 155.846023 102.653527 43.543580 18.774844 1.712120 0.000000 0.000000
0.000000 0.000000 0.000000 0.000000 0.000000 0.000000 0.000000 0.000000 0.000000 0.000000 0.257670 6.540214 20.834360 51.710992 96.751912 157.874655 249.881552 491.703458 590.471623 599.154858 777.183636 1133.272001 1411.458585 1302.505091 921.469488 665.372928 596.778374 642.805515 440.309913 123.438338 2.861082 0.000000 0.000000 0.000000 0.000000 0.000000 0.000000 0.000000 0.000000 0.000000 0.000000 0.000000 0.000000 0.000000 0.000000 0.000000 0.000000 0.000000 0.000000 0.000000 0.000000 0.000000 0.012345 31.878316 105.902059 159.787740 164.528332 111.273827 49.781311 21.353932 2.548866 0.000000 0.000000
0.000000 0.000000 0.000000 0.000000 0.000000 0.000000 0.000000 0.000000 0.000000 0.839357 12.327211 33.278336 55.180571 89.876534 145.840404 275.569879 650.202246 1153.884481 1259.972442 958.323347 652.685473 603.284004 714.847161 670.020197 555.356083 634.338589 948.261498 1096.859694 806.943002 358.798421 78.222326 6.636351 0.000000 0.000000 0.000000 0.000000 0.000000 0.000000 0.000000 0.000000 0.000000 0.000000 0.000000 0.000000 0.000000 0.000000 0.000000 0.000000 0.000000 0.000000 0.000000 0.000000 0.000000 9.904148 57.819915 96.725907 99.342442 62.738261 30.601978 11.980992 0.190831 0.000000 0.000000
0.000000 0.000000 0.000000 0.000000 0.000000 0.000000 0.000000 0.000000 0.000000 6.110065 27.637133 68.589539 90.767241 98.110447 158.314739 358.414347 956.562480 1622.247915 1650.391970 1088.290856 453.670229 144.116864 215.198401 488.181786 903.324084 1429.417000 1894.862319 1889.585612 1474.865575 758.408754 329.936404 112.592901 2.332797 0.000000 0.000000 0.000000 0.000000 0.000000 0.000000 0.000000 0.000000 0.000000 1.058528 3.380712 1.441881 0.000000 0.000000 0.287908 0.326981 0.000000 0.000000 0.000000 0.000000 0.000000 4.433072 18.039485 16.611493 11.036340 5.908666 0.729267 0.000000 0.000000 0.000000
0.000000 0.000000 0.000000 0.000000 0.000000 0.000000 0.000000 0.000000 0.000000 7.899114 74.437479 142.695305 169.407049 137.534919 159.699672 463.700653 1222.667117 1917.474247 1816.555533 1007.788079 245.150724 67.185258 339.714663 1042.606653 1939.013763 2697.022321 3089.997280 2866.322536 2143.648327 1201.075839 574.436901 266.634814 46.201653 14.386332 2.966734 0.000000 0.000000 0.000000 0.000000 0.000000 0.000000 2.979082 15.932315 22.976299 17.267950 4.284377 5.858080 15.235828 15.512268 6.381193 0.000000 0.000000 0.000000 0.000000 0.000000 0.000000 0.000000 0.000000 0.000000 0.000000 0.000000 0.000000 0.000000
0.000000 0.000000 0.000000 0.000000 0.000000 0.000000 0.000000 0.000000 0.000000 15.641654 107.088832 200.581996 239.335950 197.394533 180.367846 554.324608 1279.407714 1748.005026 1521.533851 713.847198 91.302641 100.188797 477.123902 1336.909748 2427.376453 3401.085960 3897.942591 3493.791640 2562.916746 1563.179954 802.043263 447.840108 194.582380 118.640780 48.549116 3.103449 0.000000 0.000000 6.984670 43.475645 56.392259 38.598982 44.723407 51.734365 34.780941 14.778302 18.832071 33.899619 34.517350 19.853643 2.512098 0.000000 0.000000 0.000000 0.000000 0.000000 0.000000 0.000000 0.000000 0.000000 0.000000 0.000000 1.018423
0.000000 0.000000 0.000000 0.000000 0.000000 0.000000 0.000000 0.000000 1.066248 24.061859 111.493163 223.406774 281.987129 250.224399 209.672484 460.912373 1047.042036 1349.108132 1084.136362 476.590335 103.639949 162.005329 447.513081 1072.327958 2029.057824 2986.823173 3596.585369 3382.477039 2851.952846 2223.586013 1430.106264 818.203538 468.877927 252.157633 106.374864 15.920063 0.000000 33.653695 169.085012 317.528049 338.308150 251.443176 134.479943 90.231514 61.604213 23.662266 23.153325 46.255975 55.102860 38.103955 8.800997 0.000000 0.000000 0.000000 0.000000 0.000000 0.000000 0.000000 0.000000 0.000000 0.000000 0.032338 11.564831
0.000000 0.000000 0.000000 0.000000 0.000000 0.000000 0.000000 0.000000 7.620168 27.048816 98.267567 226.191807 319.886894 310.151212 229.785602 225.811079 513.466039 703.817800 548.598489 182.647615 92.917517 236.833368 430.324064 788.364167 1395.616765 2007.546875 2519.312841 3051.730626 4043.256111 4999.710107 4462.320086 2495.147603 899.000808 390.631651 133.811519 16.060416 12.608294 127.357707 377.444016 604.777497 643.152099 486.784379 285.390770 141.361769 71.527741 24.612144 19.495427 49.026156 62.950592 48.130403 18.107324 1.153521 0.000000 0.402389 5.496582 6.795957 2.021007 0.000000 0.000000 0.000000 0.000000 1.262606 18.875026
0.000000 0.000000 0.000000 0.000000 0.000000 0.000000 0.000000 0.000000 9.245408 30.217166 73.009794 179.665960 281.311145 305.281256 236.642467 128.744954 89.645903 114.937788 75.327412 23.643826 97.840744 322.797975 635.510830 957.556715 1270.604677 1594.059492 2013.677972 3141.206366 6032.637355 8428.265904 8164.068047 5133.867565 1665.228600 487.110243 129.349548 5.261059 26.531550 159.107424 440.402053 684.923577 714.839321 551.822737 328.813295 157.098036 64.157018 20.547383 9.595240 34.231609 49.364039 41.236477 21.583723 2.572442 0.007153 10.513300 24.527847 27.196082 16.238496 1.950788 0.000000 0.000000 0.000000 0.384122 14.750655
0.000000 0.000000 0.000000 0.000000 0.000000 0.000000 0.000000 0.000000 3.508414 18.434574 51.362093 115.767322 192.527665 224.993601 172.343411 86.728159 25.789936 5.684402 4.774466 20.909813 143.226414 396.215279 751.323439 1148.765523 1349.052175 1458.087568 1704.910908 2810.517249 6244.447461 9160.404627 8975.814003 5756.500160 1924.034664 418.268305 94.592375 43.845669 53.957361 185.977103 388.607398 569.190150 587.293696 419.199354 269.730732 136.035374 42.122128 10.991790 2.521157 19.335342 30.651214 28.325958 13.897832 0.470643 1.549882 19.384572 37.367902 40.645160 26.936839 6.538635 0.000000 0.000000 0.000000 0.000000 3.568568
0.000000 0.000000 0.000000 0.000000 0.000000 0.000000 0.000000 0.000000 0.000000 2.803444 11.961713 35.773198 70.833046 89.190619 65.010181 25.615820 3.433681 0.000000 15.393267 77.894187 190.633648 365.238344 586.625865 873.386482 1054.575448 1074.491289 1183.624452 1633.285794 4094.377920 6377.096269 6237.408772 3809.804900 1134.663274 229.415759 85.300880 91.967126 111.861620 207.787831 307.861749 349.574632 342.480443 257.385153 183.430741 96.684816 15.845075 9.528744 27.859961 37.810713 30.605589 13.073122 1.856187 0.000000 0.916999 16.936926 33.937468 37.063914 24.036756 5.151691 0.000000 0.000000 0.000000 0.000000 0.000000
0.000000 0.000000 0.000000 0.000000 0.000000 0.000000 0.000000 0.000000 0.000000 0.000000 0.000000 0.177784 1.738650 2.076289 0.123190 0.000000 0.000000 0.626038 36.171128 113.584334 187.777661 263.797451 293.292312 329.994984 421.345876 475.377412 563.443088 698.759993 1199.329663 2185.878139 2211.504346 1149.731077 235.734562 58.102566 64.159621 101.524755 130.540834 195.122256 238.193745 245.592129 230.066873 172.644663 131.226842 71.674858 25.000874 47.557688 79.122891 83.971640 56.903953 15.613466 0.163467 0.000000 0.000000 5.666289 16.732473 18.948271 10.034175 0.285884 0.000000 0.000000 0.000000 0.000000 0.667017
0.000000 0.000000 0.000000 0.000000 0.000000 0.000000 0.000000 0.000000 0.000000 0.000000 0.000000 0.000000 0.000000 0.000000 0.000000 0.000000 0.000000 1.167377 30.967257 96.751611 136.040046 146.950071 112.614518 61.478585 45.575554 78.209119 183.323428 249.227040 237.022314 210.511274 171.957535 86.540097 14.202197 13.935762 76.002847 129.910375 111.051147 104.455221 123.005207 123.733430 110.884252 93.083937 89.162233 65.910063 53.788710 81.399036 119.133832 116.668564 80.489771 24.970226 0.421249 0.000000 0.000000 0.000000 0.824047 1.369361 0.000000 0.000000 0.000000 0.000000 0.000000 2.195812 14.592729
0.000000 0.000000 0.000000 0.000000 0.000000 0.000000 0.000000 0.000000 0.000000 0.000000 0.000000 0.000000 0.000000 0.000000 0.000000 0.000000 0.000000 0.000000 12.656934 43.221202 64.568109 47.531548 11.963582 9.329110 10.037172 8.494916 12.490894 16.874856 11.265693 7.103094 9.533479 1.825353 8.644451 109.610198 236.882508 271.231017 174.919655 37.694535 7.729877 11.459617 15.490764 38.858659 50.118725 57.973299 57.618808 76.581331 107.586298 101.973581 67.314853 18.754707 0.000000 0.044541 5.443018 12.132907 4.201414 0.000000 0.000000 0.000000 0.000000 0.000000 0.000000 9.226091 30.878790
0.000000 0.000000 0.000000 0.000000 0.000000 0.000000 0.000000 0.000000 0.000000 0.000000 0.000000 0.000000 0.000000 0.000000 0.000000 0.000000 0.000000 0.000000 0.285904 6.275272 10.175745 3.671420 9.561069 23.817290 27.256578 30.370024 35.820509 34.133759 14.891388 0.000000 0.000000 0.339101 32.274363 203.210956 367.589196 387.151355 248.283966 59.206724 0.000000 0.000000 3.916265 19.451125 29.450202 37.114636 35.271499 40.712866 54.006787 49.413188 29.766077 6.323977 0.000000 14.033528 62.985730 87.406860 62.185315 12.510312 0.000000 0.000000 0.000000 0.000000 0.000000 17.293865 49.488601
0.000000 0.000000 0.000000 0.000000 0.000000 0.000000 0.000000 0.000000 0.000000 0.000000 0.000000 0.000000 0.000000 0.000000 0.000000 0.000000 0.000000 0.000000 0.000000 0.000000 0.000000 1.059990 18.194214 36.646872 45.186483 66.796907 77.083958 70.690570 41.271556 5.728590 0.000000 0.231847 25.792327 185.702702 344.691362 363.582334 228.946606 53.278564 4.808594 3.467711 0.007022 3.625134 8.338550 6.900037 6.758047 8.196580 15.167929 20.214786 10.873786 0.121163 0.337004 45.320729 121.887990 155.669827 121.554636 44.731634 0.000000 0.000000 0.000000 0.000000 1.294799 21.509188 52.671023
0.000000 0.000000 0.000000 0.000000 0.000000 0.000000 0.000000 0.000000 0.000000 0.000000 0.000000 0.000000 0.000000 0.000000 0.000000 0.000000 0.000000 0.000000 0.000000 0.000000 0.000000 0.570353 15.929090 33.400594 44.170251 70.696422 84.572536 79.669080 48.195245 8.476440 0.000000 0.000000 5.319963 73.270807 180.476200 194.896378 104.799463 25.824016 24.845540 21.658398 9.306747 4.388859 1.262331 2.262454 16.856782 29.263740 36.998667 32.612431 20.484084 5.137400 0.085740 48.341896 127.386741 162.158750 127.546318 48.738664 0.144956 0.000000 0.000000 0.000000 1.541773 19.146684 38.587186
0.000000 0.000000 0.000000 0.000000 0.000000 0.000000 0.000000 0.000000 0.000000 0.000000 0.000000 0.000000 0.000000 0.000000 0.000000 0.000000 0.000000 0.000000 0.000000 0.000000 0.000000 0.000000 5.148697 16.461459 20.469307 38.088518 54.306192 54.706235 29.299401 1.910049 0.000000 0.000000 0.000000 1.818497 16.881132 22.354180 14.302080 27.315636 40.049890 41.129439 46.897820 46.633954 51.420693 40.756616 55.737862 91.077710 100.670703 73.719821 42.475775 11.825298 0.000000 18.634793 75.019747 102.411393 75.698127 20.069167 0.000000 0.000000 0.000000 0.000000 0.000000 9.191633 22.260187
0.000000 0.000000 0.000000 0.000000 0.000000 0.000000 0.000000 0.000000 0.000000 0.000000 0.000000 0.000000 0.000000 0.000000 0.000000 0.000000 0.000000 0.000000 0.000000 0.000000 0.000000 0.000000 0.000000 0.787672 1.507974 2.718757 14.105340 14.589391 3.371380 0.000000 0.000000 0.000000 0.000000 0.000000 0.000000 0.000000 6.466672 26.088761 38.747578 55.882621 91.009355 186.082127 231.166912 191.935266 119.861118 121.086564 129.842238 98.452897 55.218893 13.056288 0.000000 0.000000 10.625592 22.266341 13.110415 2.820305 0.620561 0.000000 0.000000 0.000000 0.000000 0.057666 3.711161
0.000000 0.000000 0.000000 0.000000 0.000000 0.000000 0.000000 0.000000 0.000000 0.000000 0.000000 0.000000 0.000000 0.000000 0.000000 0.000000 0.000000 0.000000 0.000000 0.000000 0.000000 0.000000 0.000000 0.000000 0.000000 0.000000 0.000000 0.000000 0.000000 0.000000 0.000000 0.000000 0.000000 0.000000 0.000000 0.000000 0.983094 12.646997 21.839743 43.678398 141.264174 306.098533 372.028724 308.114803 175.726836 98.829201 111.152202 96.759592 69.330897 26.282024 2.120227 0.000000 0.000000 4.552083 17.117782 22.028530 14.453963 2.138925 0.000000 0.000000 0.000000 0.000000 0.000000
0.000000 0.000000 0.000000 0.000000 0.000000 0.000000 0.000000 0.000000 0.000000 0.000000 0.000000 0.000000 0.000000 0.000000 0.000000 0.000000 0.000000 0.000000 0.000000 0.000000 0.000000 0.000000 0.000000 0.000000 0.000000 0.000000 0.000000 0.000000 0.000000 0.000000 0.022458 0.050413 0.000000 0.000000 0.000000 0.000000 0.000000 0.310356 2.802731 14.517661 119.421933 292.348887 362.848899 285.922426 142.482960 46.727895 62.930896 80.127896 78.651518 51.671144 15.909779 0.017057 0.061710 13.689479 32.532566 39.185403 28.817628 9.174083 0.000000 0.000000 0.000000 0.000000 0.000000
0.000000 0.000000 0.000000 0.000000 0.000000 0.000000 0.000000 0.000000 0.000000 0.000000 0.000000 0.000000 0.000000 0.000000 0.000000 0.000000 0.000000 0.000000 0.000000 0.000000 0.000000 0.000000 0.000000 0.000000 0.000000 0.000000 0.000000 0.000000 0.000000 8.977582 26.197013 26.966931 10.370103 0.000000 0.000000 0.000000 0.000000 0.000000 0.000000 1.453023 42.391548 157.987445 212.845802 163.480254 51.971430 2.592509 30.334838 66.294247 78.071205 58.261493 21.078384 0.891165 0.134742 14.581606 33.900224 40.685030 30.105661 9.906959 0.000000 0.000000 0.000000 0.000000 0.000000
0.000000 0.000000 0.000000 0.000000 0.000000 0.000000 0.000000 0.000000 0.000000 0.000000 0.000000 0.000000 0.000000 0.000000 0.000000 0.000000 0.000000 0.000000 0.000000 0.000000 0.000000 0.000000 0.000000 0.000000 0.000000 0.000000 0.000000 0.000000 3.055213 35.014793 64.631475 65.837613 37.715970 4.499723 0.000000 0.000000 0.000000 0.000000 0.353009 11.874159 26.957551 44.293784 56.555150 26.061891 0.000000 0.000000 12.729403 40.873571 52.492254 39.594703 19.903971 7.551755 6.576294 10.204774 20.354631 25.496723 17.287374 3.306864 0.000000 0.000000 0.000000 0.000000 0.000000
0.000000 0.000000 0.000000 0.000000 0.000000 0.000000 0.000000 0.000000 0.000000 0.000000 0.000000 0.000000 2.543732 6.876196 4.848281 0.111423 0.000000 0.000000 0.000000 0.000000 0.000000 0.000000 0.025644 4.394393 6.680739 2.642033 0.000000 0.000000 8.762981 51.808011 83.238254 80.783371 49.210629 8.969732 0.000000 0.000000 0.000000 0.000000 3.832877 23.131466 38.608228 38.067352 24.410789 11.965840 8.667870 2.103927 0.042885 8.456040 16.385236 25.956168 33.287172 62.111868 70.516205 42.051106 13.908851 5.186317 1.907282 0.000000 0.000000 0.000000 0.000000 0.000000 0.000000
0.000000 0.000000 0.000000 0.000000 0.000000 0.000000 0.000000 0.000000 0.000000 0.000000 0.000000 3.025436 17.761432 27.476189 23.245941 8.722125 0.000000 0.000000 0.000000 0.000000 0.000000 0.000000 7.847453 22.443655 27.310085 18.204095 3.458243 2.684899 18.880502 57.639886 81.709030 68.817598 34.121392 3.317039 0.000000 0.000000 0.000000 0.000000 3.510716 22.329738 37.570389 38.328992 36.998503 31.770698 28.537928 14.810627 0.822856 0.000000 4.572564 24.503097 70.824371 138.116335 155.376003 108.459839 38.941523 2.197673 0.000000 0.000000 0.000000 0.000000 0.000000 0.000000 0.000000
0.000000 0.000000 0.000000 0.000000 0.000000 0.000000 0.000000 0.000000 0.000000 0.000000 0.000000 8.475028 29.011619 41.134081 35.918646 17.016751 0.655040 0.000000 0.000000 0.000000 0.000000 0.373270 15.958524 35.176227 41.208525 29.812770 9.321521 8.484764 28.848949 46.467968 55.752569 37.576348 7.394585 0.000000 0.000000 0.000000 0.000000 0.000000 0.116893 10.199343 21.138613 25.094357 33.748370 40.188871 39.593601 23.027638 3.449818 0.000000 3.225747 21.690407 83.164818 160.945322 182.345810 133.222745 54.925073 6.820501 2.934403 0.000000 0.000000 0.000000 0.000000 0.000000 0.000000
