InitialVersion/ascfiles2/tmp_kdeout29.asc
ncols        704
nrows        293
xllcorner    827.296065
yllcorner    924.742280
cellsize     0.500000000000000
NODATA_value -999.000000
[rows 56 to 83 of 293, columns 126 to 188 of 704]
0.000000 0.331703 7.554425 12.064611 22.845867 56.669238 81.989379 74.410209 46.712642 17.732909 11.003252 6.749984 23.615717 24.505378 6.596436 0.000000 0.000000 0.000000 0.000000 0.000000 6.539044 27.127350 41.112692 59.765402 183.048185 382.483970 454.358755 396.621007 282.614952 226.397604 222.718635 284.570574 375.971709 408.765098 416.008361 422.783379 380.179005 260.508105 505.833048 1184.073847 1767.867248 2774.423595 4445.096201 5706.713251 4475.241197 1762.569612 1628.586539 2710.457314 3380.987717 3566.185898 4057.614504 6324.560016 7749.213325 6529.707018 3376.265709 827.415999 486.132489 925.970560 1881.743599 4382.069388 7814.899743 9230.672992 9349.281728
0.004210 0.000000 0.000000 0.000000 12.204263 50.258534 74.622198 75.783069 58.828457 41.510490 30.974551 9.238366 0.000000 0.000000 0.000000 0.000000 0.000000 1.201675 0.670204 0.000000 2.475791 17.848103 29.526188 70.014191 254.373604 487.651237 645.159514 614.710814 354.416010 232.074596 516.192973 971.274497 1180.438569 921.721820 666.279826 778.444459 765.106004 619.889938 569.389153 1132.217531 1785.528697 3673.650434 8800.994410 12269.261361 10537.304033 5277.665577 2328.331049 3199.180568 3719.028969 3663.690324 4770.604634 8412.314519 10494.155599 9060.993115 5334.172557 2468.000105 1641.141360 1453.436678 1509.572332 2657.810721 5328.426364 6577.186244 6827.482809
0.000000 0.000000 0.000000 0.000000 1.078500 21.407012 38.134379 46.107717 73.565170 101.824027 86.710333 32.889401 0.000000 0.000000 0.000000 0.270406 9.846283 18.559213 16.244858 5.314088 3.403441 17.876519 35.698773 74.959415 237.490941 717.487656 1222.257618 1204.164552 720.779708 287.366775 903.950890 1649.074508 1858.046495 1413.153237 956.184551 1040.087370 1184.678394 1133.012683 803.889538 859.223122 1453.686398 4247.575525 11266.791533 15869.146668 14228.560408 8033.628946 3118.303389 3057.690696 3340.443545 3058.500671 4019.522219 7240.058178 9469.108587 8602.091842 6310.886323 4903.780313 4660.909918 3634.638291 2084.482114 1600.758201 2382.806128 3100.953010 2688.764472
0.000000 0.000000 0.000000 0.000000 0.000000 0.042843 2.791005 33.355893 158.732569 233.907676 178.979961 63.128960 4.283561 0.000000 0.000000 5.217231 24.029591 36.871133 33.577518 29.258666 47.726404 94.968150 116.945742 120.637746 359.623490 1156.206713 1822.329923 1735.508929 1042.674512 423.039865 909.477771 1702.814857 1856.437208 1319.469955 824.557895 964.502479 1260.612754 1335.327113 1062.649085 872.373521 1185.614876 3366.442456 9457.717598 13701.006479 12512.121143 7224.011765 2839.462256 2794.892013 2904.086917 2419.482612 2691.544776 4113.347299 5686.948603 5603.380968 5464.379414 6500.287339 7136.291242 5765.830130 3630.656960 2494.419246 1606.379490 918.803627 913.150845
0.000000 0.000000 0.000000 0.000000 0.033196 2.083363 2.455244 197.938968 671.094261 933.762857 548.736746 125.920724 5.991652 0.000000 0.000000 6.762781 27.231778 40.813818 38.756561 52.558005 96.698889 164.194567 193.789734 212.034958 486.700259 1236.732727 1876.767661 1802.268102 1082.191263 364.591160 523.916373 1093.599018 1201.322342 746.683687 352.172402 628.220271 1001.753478 1124.355647 1053.536651 1045.037784 1062.135150 1771.124138 4546.818118 7283.296982 6507.339174 3503.601932 2255.013599 2927.363974 2790.888839 2139.546983 2013.074594 2410.025853 3254.119879 3618.747353 4677.093696 6333.940773 7012.991689 6118.482643 4752.518654 4009.440228 2919.539789 1690.422642 1408.354382
0.000000 0.546858 2.114276 0.295393 10.988833 23.241784 78.374445 758.896785 2211.802464 2886.596754 2087.980229 561.081365 7.119009 4.144939 5.200959 3.544797 22.260653 35.434777 29.786741 45.807603 94.890177 162.551033 188.154929 189.095673 408.483475 859.320407 1330.795643 1246.472333 700.083952 256.862114 242.999511 380.037781 390.823107 199.933942 114.962947 313.221865 565.460407 728.870173 891.998344 1045.546942 1115.929046 1179.397971 1312.434921 1624.558218 1425.990857 1797.798033 3043.657713 3648.790414 3066.041431 2331.476287 2287.958651 2941.073622 4032.443452 4218.286035 4337.506747 4416.258607 4310.798681 4364.291831 4787.451155 5055.445124 4126.806695 2494.179927 1811.250939
14.357665 54.860276 66.552199 42.313670 38.380119 59.662493 164.567623 1408.473135 3458.405681 4404.013117 3410.464388 1256.549967 58.811192 22.853019 25.251950 23.734432 27.691836 35.673485 24.476123 27.087930 65.374167 103.263935 111.937458 92.313685 238.560306 483.900414 638.625435 622.965935 625.787407 920.855990 866.786146 460.960001 90.219743 115.995226 248.681539 333.578648 417.132621 600.350415 841.003096 947.583202 980.430347 1001.901311 927.076534 845.113916 1045.426381 2520.587911 4145.250947 4407.585159 3643.624309 3670.573499 4031.134507 4440.948391 4578.066126 4525.129273 3810.567243 2554.907389 1655.134237 2312.557917 3727.256136 4508.153144 3859.478097 2277.375236 1764.106966
57.464236 125.786979 143.234754 109.405163 75.802597 78.784114 123.256643 1279.223621 3412.549570 4439.770113 3504.040602 1371.170688 74.814290 37.522083 41.813302 43.292144 49.097684 53.644949 44.616963 54.212619 84.478605 105.986215 87.940672 91.356766 213.826606 376.162877 543.717536 794.472539 1454.526935 2010.476903 1847.099259 1079.334309 330.510969 324.582413 524.265234 575.547914 628.250744 1156.161751 1708.472191 1576.025832 1009.631912 736.707808 805.223134 850.571641 1277.812420 2681.860964 4059.837681 4323.963559 4202.944257 4724.959220 5368.986371 5149.075926 4242.165957 3624.534248 3111.842706 1876.179187 1023.698785 1042.939174 2031.279245 2662.041838 2273.529272 1418.256791 1788.667364
73.834437 151.795229 168.413501 124.450654 75.255604 65.624950 58.930138 511.893924 2047.005536 2922.349797 2293.576099 846.712372 72.347663 71.050951 71.952201 62.283361 61.185937 69.839169 73.368933 98.091463 151.701003 190.580403 190.104280 193.667095 354.407982 504.947759 679.446005 1026.963844 1799.635919 2384.520158 2212.100911 1338.811113 531.698422 496.879870 689.093315 737.434084 983.113638 1843.770365 2578.674284 2403.892252 1432.730597 645.540217 667.935529 846.182159 1165.552510 1950.604935 3243.832344 3837.562532 4206.216969 4947.860573 5334.044418 4215.800978 2509.338921 1931.561008 2058.471969 1660.049428 1173.985573 719.645792 783.535117 1010.154767 1006.975513 953.290988 2337.000025
60.306402 136.410959 154.887426 104.242412 72.674404 77.626579 35.955994 88.252470 590.338477 1074.555304 883.560607 370.820045 106.612139 106.703206 97.497759 72.298472 63.257682 71.507040 71.822362 104.774916 189.726001 260.531849 293.615134 505.290847 749.749914 816.462712 692.296909 753.707600 1282.573198 1782.947621 1656.389441 973.914540 382.491398 465.647347 625.538200 628.891849 925.710498 1902.274275 2668.622071 2519.304634 1530.339779 640.365518 671.220689 861.205122 1021.512297 1330.511490 2370.230263 3101.743506 3670.967219 4459.225485 4117.387471 2796.478953 1107.331159 1012.603934 1576.081238 1679.307499 1238.068760 614.007768 325.476267 405.181227 590.876629 866.748423 2157.086239
42.823021 99.003379 145.522674 205.637628 288.653908 288.657038 163.265827 24.729717 186.021197 366.133265 360.215080 189.580241 100.411978 107.847455 93.692386 70.492426 69.040385 79.791434 65.411511 79.813431 159.078490 245.599794 396.731907 793.637425 1038.186289 996.437431 634.473676 335.353893 499.411929 791.713978 792.773270 527.939957 315.521526 398.214428 413.872737 319.720646 424.674506 1170.242424 1827.037084 1820.468718 1161.859059 581.271917 603.092200 753.962448 779.930867 965.984187 1889.464587 2675.548616 3049.904448 3075.694777 2402.212528 1491.769058 840.222018 957.184410 1347.782988 1356.765995 992.780901 693.153454 554.463010 664.470289 840.007103 1005.857282 1919.537306
44.606272 111.269286 202.584583 393.226776 526.588615 485.455603 302.158793 78.988918 20.427054 69.295695 84.115494 65.187436 60.149250 76.334818 67.334294 69.363488 104.196398 132.986828 100.704722 67.083824 100.013923 164.660776 329.984926 754.207574 1011.099771 916.847924 553.222334 215.453492 281.771407 419.332004 541.601026 603.532644 517.229784 430.619018 282.852279 109.905562 128.299986 298.076487 657.700110 770.395576 636.648745 541.618919 492.969661 601.823068 758.769703 955.245650 1433.873525 1907.843296 2075.635294 1806.895985 1404.236007 1162.219744 841.894315 797.234223 879.562534 794.074062 640.303326 741.988506 942.695937 1159.783835 1171.878788 1087.679192 1585.032086
30.346712 113.978107 214.679874 420.490037 564.734718 510.078911 304.245649 79.148523 0.368350 5.167623 9.384355 11.255649 15.865480 21.797297 29.327762 63.993212 139.754884 175.580767 142.974392 91.545280 76.378348 103.120411 143.210804 442.212384 696.293271 668.780189 594.590501 564.859220 646.930273 708.214434 885.052462 968.555747 753.332035 483.877199 294.053889 97.020942 68.920810 123.817024 268.169273 400.097463 485.334349 474.160956 399.190578 564.376104 1306.420170 1956.834168 1850.450285 1256.600425 771.207836 749.128096 1172.112585 1324.886015 1059.712471 775.626995 629.751479 506.136971 554.090912 1005.186765 1777.336876 2243.900631 2011.226283 1654.211514 1550.306980
23.550139 82.045798 154.118143 262.109159 375.558513 368.769384 245.233906 61.934540 25.870356 3.854394 0.000000 0.000000 0.032993 0.017010 18.483254 70.458631 140.274156 163.933113 138.215859 88.199545 82.004948 123.854563 260.254968 720.346150 1133.886087 1104.801213 1014.850569 1092.218611 1046.483604 1070.410109 1069.517595 1092.259772 823.414302 442.504499 228.453136 92.785004 114.342725 166.484230 250.509646 381.662820 417.668173 403.140357 385.796713 823.567894 2139.348778 3168.164756 2968.159084 1712.237204 574.911070 744.454104 1526.632142 1955.124352 1746.124518 1233.234270 971.347236 893.268543 1096.854801 2056.356867 3008.391343 3400.223229 3795.903353 3606.643123 2778.484715
34.613382 54.764400 83.997495 103.305763 296.440794 609.523381 641.175309 357.477488 66.663727 19.647175 0.000000 0.000000 0.000000 11.056335 80.830095 141.204743 163.409102 124.108200 78.949873 76.665706 142.593035 245.353039 857.491029 1744.444763 2214.853424 2081.690087 1588.375279 1320.167143 1101.226934 1064.657580 1018.317660 968.476175 725.438605 621.417466 645.575371 470.716293 224.637985 306.903027 785.108506 1066.888694 906.386339 493.187248 398.513123 953.168789 2359.281343 3454.683771 3277.936241 1990.625362 846.840760 1170.430785 1896.026182 2266.623090 2141.646898 1653.663499 1516.283005 1707.607798 2662.385116 3978.364868 4614.763391 4427.509071 4941.612692 5079.343399 4174.477073
34.961419 39.837780 32.392200 75.771689 556.141567 1070.201392 1165.230052 766.897530 198.555153 23.747441 0.010243 0.188398 5.753854 56.970995 162.755134 219.166941 189.950657 100.065980 19.993335 61.882473 208.671881 452.920190 1302.804303 2281.478960 2686.553277 2319.856649 1539.884677 1033.343131 792.380915 719.544866 759.829339 731.335145 742.577904 1083.595835 1344.706575 1090.341310 522.129031 607.864091 1438.366998 1919.565480 1685.735289 903.999570 377.802860 637.389066 1839.090668 2853.857388 2764.199388 1860.228013 1122.461547 1416.124542 1886.967612 2012.187566 1925.584677 1870.938422 2122.151977 2765.483316 4055.355888 5102.795522 5258.851705 4544.381660 4523.255213 4843.698535 4240.313473
20.201532 23.946448 14.781711 68.055808 608.121888 1139.855737 1238.792035 828.060727 218.216751 10.707084 1.214907 12.532318 30.353445 86.663619 186.109730 244.095506 192.269304 82.788416 9.343086 56.317894 261.179787 544.517314 1160.804401 1872.711366 2152.307285 1696.740782 861.805028 449.534561 335.373079 344.705218 432.114875 401.609734 662.159518 1321.724291 1654.119351 1348.902417 652.232053 651.903755 1680.341997 2348.550544 2191.642701 1316.219863 533.128460 500.779548 1055.673996 1770.987485 1864.515980 1615.647011 1587.388035 2246.395381 3275.494925 2880.621032 1930.741558 1902.972109 2233.621702 2940.512573 4383.273128 5060.029458 4466.606326 3069.340482 2538.844170 3072.064643 2906.914340
2.652642 4.111133 0.958013 7.713399 334.983169 741.850352 813.460768 493.115228 78.267615 9.710400 15.598495 30.488497 46.666869 83.318000 304.853150 459.743974 362.746818 102.113998 19.669438 53.355512 250.848288 544.336427 732.209478 1016.386129 1163.077049 1006.343240 575.245649 317.591866 241.310493 303.924717 348.129460 323.377862 464.571746 1024.074482 1319.242436 1047.549284 438.069870 355.494775 1293.230670 2005.228962 1963.733016 1246.484959 644.860210 534.166162 905.018854 1360.057234 1526.668269 1648.027377 2621.090877 5782.173935 7977.159115 6988.394879 3893.160166 2067.567011 2016.506314 2495.857059 3600.593489 4043.530395 3233.870395 1683.857542 1199.037448 1489.584014 1378.677273
17.606010 2.756532 0.000000 0.000000 23.808893 185.527378 264.422064 159.016187 85.763943 62.099041 55.685170 58.581253 48.205165 183.634080 521.985190 724.124004 606.404474 263.860510 30.714869 47.840125 186.718316 409.341617 538.277089 980.009525 2857.102618 4522.819357 3516.102056 1282.413205 405.376244 393.936427 407.260114 382.005451 315.806952 453.787067 596.087950 421.548369 139.078906 108.843336 566.320377 1093.531683 1176.885134 856.249989 659.816357 903.823678 1389.008667 1671.672916 1545.187152 1578.366440 3594.275617 8280.189436 11234.116019 10176.406517 5873.265751 2134.635878 1581.977422 1961.383279 2393.237715 2512.034149 1976.019090 1113.923847 875.328994 934.688304 866.019462
64.708855 29.805471 2.778063 0.000000 8.781251 81.831675 179.096124 218.806964 213.359564 163.882632 130.037176 104.094989 59.071625 220.354132 597.206143 812.251020 705.595496 344.826042 49.391507 49.612049 142.103467 258.910907 619.815993 3528.033903 9966.413929 13573.300687 10903.375153 4705.099121 946.911361 528.734013 539.722616 594.457873 489.802126 293.133616 262.775475 206.410092 118.533760 109.821899 311.259685 545.856211 595.864451 504.374118 719.967024 1278.077662 1758.896263 1887.516580 1645.017671 1574.241571 3292.986891 7543.537496 10314.717302 9337.455635 5226.179923 1613.212581 1027.139933 1281.998469 1662.728923 1823.045893 1609.621515 1153.648940 894.320703 610.364963 499.425517
90.825717 52.001752 11.686400 6.645707 89.610682 267.296847 419.414704 375.427447 267.814100 238.951890 199.768026 154.663364 79.723537 153.354517 515.125395 687.524625 538.143873 235.113949 88.228044 113.055663 172.861650 289.454846 1129.726085 6336.279396 15057.915641 19426.933742 16020.126250 7673.308355 1740.609501 803.469697 849.341926 867.774192 739.722756 555.422573 406.416428 356.545866 298.020056 421.980327 647.138415 668.215483 465.040359 247.990418 672.086648 1261.625635 1744.111403 1975.356620 1868.738113 1817.299396 2206.588534 4270.368377 5995.024842 5201.672575 2564.945157 978.728835 726.699560 857.126906 1180.081857 1451.677263 1391.285144 1127.234833 836.193044 422.164075 189.058608
88.982762 47.826031 9.752819 29.563651 225.578434 578.865459 772.046249 632.770678 299.592695 197.942057 193.291668 158.392331 114.390283 236.257051 454.706160 519.959871 313.418353 99.987110 135.747964 181.224648 234.788241 330.113734 1029.257011 5613.612049 13497.644723 17457.491299 14232.522617 6587.644614 1592.353232 1036.606330 1053.988687 1009.070406 901.114100 777.506580 592.844898 505.938090 508.995551 737.536112 950.442741 901.162098 623.385600 272.374885 421.498546 828.659893 1153.892819 1446.771936 1548.390673 1770.993714 1750.511606 1608.066334 1876.352664 1518.071936 944.154784 676.454796 574.417099 814.625847 1047.333992 1241.154216 1317.379300 1034.261340 585.715837 175.669782 13.585120
68.263636 21.638734 0.608386 25.058429 321.154401 727.139046 903.249906 706.578216 286.909677 94.587182 121.202304 107.075418 143.901266 341.520604 499.580815 457.545649 274.732673 120.238616 155.779148 186.570679 224.306620 294.157763 500.869178 2483.448575 6729.137494 9150.945672 6948.421838 2665.581756 1067.245439 1069.721733 1033.029196 962.583730 825.137543 765.101856 646.605925 575.879133 515.383693 710.559238 922.455634 911.077785 654.380462 319.636144 228.919737 323.921079 409.196867 661.287939 1039.023837 1387.350910 1390.002754 1081.766969 937.351372 818.382669 674.225941 469.555277 394.787757 728.519877 1048.510526 1092.592708 967.970504 612.871651 228.718484 23.363598 0.000000
26.270497 2.465317 0.000000 1.460891 226.821528 590.621043 728.715976 539.950251 195.025731 24.901979 44.531455 51.591698 105.531454 308.393146 448.593608 393.900652 223.930460 96.975046 115.630763 116.713286 114.632123 166.297873 472.021068 1214.020324 2001.559698 2191.279765 1581.988155 1002.400198 964.944263 861.995916 760.355227 713.896408 586.555140 541.584215 547.575958 552.108505 671.412069 823.589486 847.305694 763.425324 620.818846 561.397647 658.716851 620.148236 539.639090 550.353395 687.150871 731.699241 698.043583 776.910545 896.835143 804.503557 492.093311 265.605740 325.037251 684.321340 960.215255 812.452206 464.056612 133.053413 5.849120 0.000000 0.000000
15.063488 0.667944 0.000000 0.000000 47.871737 251.377261 355.571192 257.665524 64.228659 0.694223 13.000022 35.793944 64.356482 163.175964 236.608209 187.942194 69.825213 52.826030 67.140601 53.606068 40.482233 203.434051 1639.203518 3017.286867 3155.951524 2305.383805 1559.151644 2196.408398 2534.214979 1686.832728 908.382786 716.190998 566.942213 515.791063 570.200844 939.349452 1392.339675 1650.543776 2165.161246 2037.077231 1432.483826 1148.909664 1284.994882 1366.519371 1249.826361 882.613055 650.387146 484.637913 537.642024 1030.524816 1395.709889 1311.943641 771.185677 330.909862 774.470461 1346.991778 1451.812509 890.734479 190.421907 2.026409 0.000000 0.000000 0.000000
2.860258 0.000000 0.000000 0.000000 0.000000 13.040141 45.305329 20.580765 0.562894 2.708874 21.690541 45.874246 66.106069 62.237455 46.151676 17.000682 1.552831 17.603274 26.538514 25.384629 172.256595 1517.062782 4135.451588 5396.229261 4799.115939 3360.323375 3246.153540 6121.838265 7524.908257 5814.117404 2554.153610 995.632273 743.413143 579.830454 654.237684 1265.787353 1977.690680 3351.101395 4534.270943 4346.795315 3098.147720 1729.881324 1492.507997 1631.590209 1481.293983 1052.435556 730.685129 486.760849 608.420460 1190.635017 1580.429882 1499.340685 946.301665 660.859237 1510.321711 2260.993506 2203.856785 1380.781570 331.843405 0.627128 0.000000 0.000000 0.000000
0.000000 0.000000 0.000000 0.000000 0.000000 0.000000 0.000000 0.000000 0.000000 1.696817 18.611148 35.246724 46.496574 39.537242 17.528223 3.283307 0.000000 0.000000 5.420520 45.781147 1001.626178 3284.719021 6085.557025 6899.216903 5155.106138 3139.855951 4514.817457 9134.186320 11272.893951 9260.379471 4540.782121 1314.878017 747.296457 518.608133 532.851843 1079.945427 1927.883236 3827.989530 5302.423837 5101.214753 3566.573627 1666.016865 1038.368922 1143.490182 1023.812737 719.991530 527.618200 322.213661 372.824234 868.641129 1202.731091 1114.183437 742.951962 749.622520 1781.423524 2686.799845 2768.261720 1796.439972 583.118653 34.060120 0.000000 0.000000 0.000000
0.000000 0.000000 0.000000 0.000000 0.000000 0.000000 0.000000 0.000000 0.000000 0.000000 6.366065 16.702260 17.664052 9.106457 0.210134 0.000000 0.000000 5.238206 33.147257 138.891418 1508.072694 3717.536908 5703.337308 5887.499862 3766.093173 1626.418914 3524.294069 8289.310797 10616.797747 8794.112365 4191.675463 1092.818307 458.823117 265.419338 281.469328 491.653284 1005.006869 2428.630559 3786.119442 3790.839750 2478.746562 751.170216 314.467920 323.582290 290.219009 240.494774 173.746910 155.851100 138.216505 292.532444 481.727133 410.981247 274.031614 670.693348 1636.079801 3330.275048 4038.384404 2846.407003 1019.794233 148.346461 0.000000 0.000000 0.000000
