InitialVersion/ascfiles2/tmp_kdeout6.asc
ncols        704
nrows        293
xllcorner    827.296065
yllcorner    924.742280
cellsize     0.500000000000000
NODATA_value -999.000000
[rows 28 to 55 of 293, columns 315 to 377 of 704]
0.000000 0.000000 0.000000 0.000000 0.000000 0.000000 0.000000 0.000000 0.000000 0.000000 0.000000 0.000000 0.000000 0.000000 0.000000 0.000000 0.000000 0.000000 0.000000 0.656332 81.799346 257.166377 317.966309 282.882754 323.019157 316.609150 248.955541 143.742426 30.474133 0.000000 0.000000 0.000000 0.000000 0.000000 0.000000 0.000000 0.000000 0.000000 0.000000 0.000000 0.000000 0.000000 0.000000 0.000000 0.000000 0.000000 0.000000 0.000000 0.230327 10.657550 21.174224 21.279658 28.673089 45.061328 50.619029 36.613422 8.545539 1.497334 0.000000 0.000000 0.000000 0.000000 0.000000
0.000000 0.000000 0.000000 0.000000 0.000000 0.000000 0.000000 0.000000 0.000000 0.000000 0.000000 0.000000 0.000000 0.000000 0.000000 0.000000 0.000000 0.000000 1.324457 55.123153 409.127807 752.647638 909.520480 761.625610 530.102823 391.124765 192.592351 79.041966 8.119041 0.000000 0.000000 0.000000 0.000000 0.000000 0.000000 0.000000 0.000000 0.000000 0.000000 0.000000 0.000000 0.000000 0.000000 0.000000 0.000000 0.000000 0.000000 0.000000 4.114412 23.165624 37.822789 36.472755 21.184701 19.799174 67.721671 98.263281 83.020310 31.625850 6.153646 0.000000 0.000000 0.000000 0.000000
0.000000 0.000000 0.000000 0.000000 0.000000 0.000000 0.000000 0.000000 0.000000 0.000000 0.000000 0.000000 3.424175 6.976510 7.583976 6.434700 2.945346 0.837106 14.382415 180.468782 691.395597 1119.559693 1299.711769 1070.813871 618.905151 355.048202 182.091916 128.619997 64.370484 1.735416 0.000000 0.000000 0.000000 0.000000 0.000000 0.000000 0.000000 0.000000 0.000000 0.000000 0.000000 0.000000 0.000000 0.000000 0.000000 0.000000 0.000000 0.000000 4.533356 24.145770 39.072375 38.721461 26.620804 48.352693 124.882636 180.835764 162.551404 82.524889 16.623181 0.709352 0.000000 0.000000 0.000000
0.000000 0.000000 0.000000 0.000000 0.000000 0.000000 0.000000 0.000000 0.000000 0.000000 0.000000 5.000841 20.024040 33.992757 42.199588 33.366124 33.610404 86.205540 128.858513 241.584113 637.848499 1003.478998 1134.498580 888.446284 474.913391 329.857485 337.987867 407.253685 299.612821 81.916638 0.000000 0.000000 0.000000 0.000000 0.000000 0.000000 0.000000 0.000000 0.000000 0.000000 0.000000 0.000000 0.000000 0.000000 0.000000 0.000000 0.000000 0.000000 0.611873 12.722703 24.823335 36.593657 35.991849 70.392334 145.337241 192.244327 173.081182 89.735829 17.941231 0.980223 0.000000 0.000000 0.000000
0.000000 0.000000 0.000000 0.000000 0.000000 0.000000 0.000000 0.000000 0.000000 0.000000 0.000000 11.647990 33.255969 64.012165 77.999534 64.822735 115.105820 224.583840 262.723373 240.671575 347.690411 518.172045 548.493846 409.016116 294.236175 363.235524 578.925729 704.053472 533.519503 208.836392 7.302294 0.000000 0.000000 0.000000 0.000000 0.000000 0.000000 0.000000 0.000000 0.000000 0.000000 0.000000 0.000000 0.000000 0.000000 0.000000 0.000000 0.000000 0.000000 0.596345 8.912813 28.226402 39.691986 56.465069 99.862971 124.790915 106.674712 45.323739 8.550648 0.000000 0.000000 0.000000 0.000000
0.000000 0.000000 0.000000 0.000000 0.000000 0.000000 0.000000 0.000000 0.000000 0.000000 0.111914 40.415115 82.339033 103.788414 144.272181 147.947199 282.082950 520.087587 492.880332 266.256875 115.914950 86.486403 164.726620 355.553117 668.938725 1100.209741 1384.544263 1226.370206 833.593670 344.487413 86.176707 22.417226 0.000000 0.000000 0.000000 0.000000 0.000000 0.000000 0.000000 0.000000 0.000000 0.000000 0.000000 0.000000 0.000000 0.000000 0.000000 0.000000 0.000000 0.000000 3.599691 22.156831 36.835337 35.803578 30.835795 27.674162 18.273094 3.852638 0.031173 0.000000 0.000000 0.000000 0.000000
0.000000 0.000000 0.000000 0.000000 0.000000 0.000000 0.000000 0.000000 0.000000 0.000000 75.245285 198.952529 270.086290 284.884135 256.455392 397.569243 828.479102 1126.000994 988.342419 471.066172 73.916574 116.821883 370.032413 854.369761 1575.170374 2137.478853 2322.638578 1898.145993 1146.472039 495.426398 171.703764 69.305676 13.062079 4.908127 0.372608 0.000000 0.000000 0.000000 0.000000 0.000000 0.017450 2.163122 9.559505 10.833201 4.174706 0.000000 0.000000 0.000000 0.000000 0.000000 0.054761 9.264895 19.412280 18.665284 7.767477 0.000000 0.100773 0.702141 0.000000 0.000000 0.000000 0.000000 0.000000
0.000000 0.000000 0.000000 0.000000 0.000000 0.000000 0.000000 0.000000 0.000000 9.907956 165.446381 346.894914 445.089197 448.765826 399.527260 684.838080 1252.432951 1502.652907 1247.062029 594.388540 106.600989 212.690916 526.155896 1134.689362 2008.252376 2721.244402 2899.651135 2309.521278 1410.909831 706.531604 263.140100 164.992340 149.393955 137.217178 65.793314 9.148695 0.000000 0.000000 12.179412 61.252001 71.323343 43.202625 34.997847 31.104838 18.740224 2.667060 0.000000 0.000000 0.000000 0.000000 0.000000 0.000000 1.676897 1.462521 0.000000 13.344126 56.840430 67.877290 33.029490 0.638373 0.000000 0.000000 0.000000
0.000000 0.000000 0.000000 0.000000 0.000000 0.000000 0.000000 0.000000 0.000000 8.295233 166.399130 368.866482 509.145061 589.200024 542.856720 690.434885 1176.736592 1368.363389 1073.259157 469.991405 103.737857 240.158883 492.952973 924.335993 1732.283660 2555.253938 2873.536894 2387.140402 1555.890857 955.639152 550.249946 428.511967 427.676927 366.898934 198.591886 45.246946 1.849262 23.354457 172.926975 335.041483 349.561697 231.053915 94.416276 46.205388 26.698665 6.106784 0.000000 0.000000 0.000000 0.000000 0.000000 0.000000 0.000000 0.000000 2.341897 69.331245 149.693831 167.128414 108.209782 22.388746 0.000000 0.000000 0.000000
0.000000 0.000000 0.000000 0.000000 0.000000 0.000000 0.000000 0.000000 0.000000 0.000000 81.147974 296.981887 601.195821 751.962489 694.818331 574.124130 640.954605 751.083670 524.636075 152.422528 64.533811 237.810627 424.533742 647.289099 1222.410962 1936.875222 2287.795986 2081.779573 2005.872330 2528.909730 2464.643473 1605.433146 826.594116 559.141996 288.154390 64.523663 7.299820 100.346065 361.886649 598.060742 629.902927 438.655339 190.117341 67.782503 30.163019 4.486944 5.155800 6.628342 2.047084 0.000000 0.000000 0.000000 0.000000 0.000000 8.073405 96.005170 187.800291 207.477116 140.898650 37.733520 0.000000 0.000000 0.000000
0.000000 0.000000 0.000000 0.000000 0.000000 0.000000 0.000000 0.000000 0.000000 0.224670 19.023623 195.087585 564.663673 773.964516 725.447303 476.646773 209.255209 131.925795 39.449263 4.213326 83.855853 265.042050 435.156435 637.511324 1065.751218 1606.345003 1919.981983 2047.829557 3324.349725 4874.939361 5155.712660 3683.490016 1543.867983 636.512255 248.895644 40.444568 36.163879 173.739372 447.042281 688.678119 721.015319 508.172706 270.950281 169.610537 118.658002 65.250363 27.484456 27.062088 16.470045 2.151579 0.000000 0.000000 0.000000 0.000000 2.213801 64.836257 149.185950 175.522223 120.256843 25.632076 0.000000 0.000000 3.024380
0.000000 0.000000 0.000000 0.000000 0.000000 0.000000 0.000000 0.000000 0.000000 0.000000 12.204576 113.775972 416.712660 621.287223 569.201250 309.839269 64.303995 11.505189 0.149928 2.453693 91.564732 321.372785 545.256381 732.060050 978.730838 1328.153622 1579.512931 1850.500795 3732.998807 5780.782316 6152.828913 4428.125028 1784.826289 505.417179 145.296041 71.186078 130.662402 240.710019 437.239799 602.514399 595.878408 435.019007 327.496729 319.890619 268.521655 180.267247 77.906123 40.729657 27.438592 7.004924 0.000000 0.000000 0.000000 0.000000 0.000000 12.926850 72.930151 119.934676 99.760525 47.795572 7.428989 0.000000 18.992633
0.000000 0.000000 0.000000 0.000000 0.000000 0.000000 0.000000 0.000000 0.000000 0.000000 2.314924 24.654755 148.988555 276.437293 239.049381 82.907372 1.674391 0.000010 0.000000 0.745201 91.047005 318.701280 514.937607 637.274079 718.128908 857.183586 1023.996384 1184.610945 2659.937999 4394.588837 4671.634620 3186.953651 1072.979964 280.312981 97.878640 131.098319 205.904971 274.201202 357.026467 383.058419 345.618959 296.658423 321.817978 367.527969 329.338310 228.647304 109.401088 46.046822 26.397305 5.658814 0.000000 0.000000 0.000000 0.673859 1.291321 4.576010 44.756315 102.110237 129.459209 100.020130 35.296183 0.267316 24.458750
0.000000 0.000000 0.000000 0.000000 0.000000 0.000000 0.000000 0.000000 0.000000 0.000000 0.000000 0.022948 0.736878 6.439814 3.752101 0.000000 0.000000 0.000000 0.000000 6.590109 78.067731 235.640751 358.576367 365.048305 341.936782 385.788218 504.511812 598.769720 922.482257 1703.702459 1815.778819 1005.028000 272.269577 99.051202 82.142914 126.450880 183.613215 221.644372 250.859830 228.709243 195.704471 201.245741 245.982509 302.263998 305.708037 269.274119 159.974356 56.745839 24.272684 0.876752 0.000000 0.000000 5.232417 17.285348 18.902634 11.643938 40.193500 107.358730 142.634444 116.856514 51.552685 5.715654 12.885134
0.000000 0.000000 0.000000 0.000000 0.000000 0.000000 0.000000 0.000000 0.000000 0.000000 0.000000 0.000000 0.000000 0.000000 0.000000 0.000000 0.000000 0.000000 0.000000 3.622750 52.652481 134.377080 199.585128 174.548909 96.130095 73.039583 147.760438 217.963379 223.419435 182.608616 141.151563 98.737943 45.225088 51.568479 151.232292 176.816054 111.558925 90.863819 93.365031 85.053872 86.705834 118.485626 157.207131 222.879042 322.057140 355.087585 286.963165 137.197445 23.065687 2.593926 0.000000 2.812419 29.154044 51.894490 49.704197 26.404014 19.215750 66.898612 100.485480 85.544614 41.083244 10.412118 14.760651
0.000000 0.000000 0.000000 0.000000 0.000000 0.000000 0.000000 0.000000 0.000000 0.000000 0.000000 0.000000 0.000000 0.000000 0.000000 0.000000 0.000000 0.000000 0.000000 0.000000 16.363758 47.355072 59.187787 37.784652 6.456167 6.213214 8.907080 19.142610 37.180955 43.609339 45.732960 41.294189 48.766826 236.336873 431.311538 434.522136 237.798238 24.684397 1.935689 3.590265 28.619425 89.801213 125.041281 191.969805 325.546830 400.250957 360.854698 188.786369 27.877247 1.237622 0.000000 11.972316 50.815945 92.821380 74.571707 37.651309 8.108353 17.729087 39.645512 37.472364 19.253269 12.928984 30.233226
0.000000 0.000000 0.000000 0.000000 0.000000 0.000000 0.000000 0.000000 0.000000 0.000000 0.000000 0.000000 0.000000 0.000000 0.000000 0.000000 0.000000 0.000000 0.000000 0.000000 0.000000 1.441207 2.372696 0.000000 0.000000 20.172981 50.086800 59.151027 50.457976 40.176240 43.565482 45.849117 100.587904 394.131256 633.652327 626.315965 379.502226 72.158249 0.000000 0.000000 11.748795 58.353375 87.286331 128.107043 246.078754 330.432854 295.227421 135.645933 8.994626 0.000000 0.002278 35.232021 189.925003 284.698655 221.885325 76.359613 25.862506 17.852046 10.705278 9.184779 3.822495 19.967623 63.290178
0.000000 0.000000 0.000000 0.000000 0.000000 0.000000 0.000000 0.000000 0.000000 0.000000 0.000000 0.000000 0.000000 0.000000 0.000000 0.000000 0.000000 0.000000 0.000000 0.000000 0.000000 0.000000 0.000000 0.000000 6.451932 58.267930 104.430249 108.147252 77.402069 33.312619 28.837142 37.572849 81.298779 342.620218 570.679121 568.337989 335.940903 55.707562 0.000000 0.000000 0.000000 10.875403 25.149178 31.334328 108.772019 181.515560 149.231940 51.378027 6.778980 0.000000 0.325269 113.046402 338.376673 460.780562 392.818996 199.312823 71.526060 52.359437 19.077167 0.165622 3.114019 41.108587 101.774210
0.000000 0.000000 0.000000 0.000000 0.000000 0.000000 0.000000 0.000000 0.000000 0.000000 0.000000 0.000000 0.000000 0.000000 0.000000 0.000000 0.000000 0.000000 0.000000 0.000000 0.000000 0.000000 0.000000 0.000000 10.077230 68.355577 117.798718 119.503620 73.551854 20.611234 22.410671 36.094610 40.440753 137.805307 280.974717 286.703854 132.596132 5.384347 0.000000 0.465757 4.308332 5.301715 5.393959 26.380401 58.826937 82.781681 83.856411 56.977006 26.716284 6.104001 0.685361 125.359728 356.633681 485.327123 433.713250 273.338554 141.112744 100.503194 36.840160 0.626649 4.829923 52.437558 108.812376
0.000000 0.000000 0.000000 0.000000 0.000000 0.000000 0.000000 0.000000 0.000000 0.000000 0.000000 0.000000 0.000000 0.000000 0.000000 0.000000 0.000000 0.000000 0.000000 0.000000 0.000000 0.000000 0.000000 0.000000 1.693527 40.891341 80.647627 82.059352 43.949101 16.610769 44.791875 58.926042 45.311439 19.228469 21.042675 22.580912 3.629812 0.000000 0.711240 15.218127 37.773023 45.377649 46.171245 39.845693 61.463169 99.782337 109.437312 79.593650 38.929116 12.439479 0.000000 53.127607 223.085473 329.727267 308.000047 215.673301 165.387879 120.235296 46.493884 0.018295 1.372972 35.996720 82.339264
0.000000 0.000000 0.000000 0.000000 0.000000 0.000000 0.000000 0.000000 0.000000 0.000000 0.000000 0.000000 0.000000 0.000000 0.000000 0.000000 0.000000 0.000000 0.000000 0.000000 0.000000 0.000000 0.000000 0.000000 0.000000 4.056257 21.158010 21.884087 6.884708 23.920159 58.250175 72.030686 54.053359 18.631845 0.340943 0.000000 0.000000 0.000000 5.320121 39.581200 82.172102 146.272051 164.593875 122.218306 72.617192 79.901950 93.211243 73.226102 40.539717 10.247606 0.000000 0.094177 38.339026 92.989659 98.304770 109.640806 126.397153 89.868318 32.481225 0.209289 0.000000 7.887859 30.302423
0.000000 0.000000 0.000000 0.000000 0.000000 0.000000 0.000000 0.000000 0.000000 0.000000 0.000000 0.000000 0.000000 0.000000 0.000000 0.000000 0.000000 0.000000 0.000000 0.000000 0.000000 0.000000 0.000000 0.000000 0.000000 0.000000 0.000000 6.940291 18.465914 36.904994 53.602542 57.526363 39.957529 9.318912 0.000000 0.000000 0.000000 0.008576 15.109186 59.568451 135.383449 230.214434 249.550478 186.322881 96.628941 41.751397 58.515829 93.573368 95.076837 47.659441 16.549452 32.139832 46.421816 45.084088 55.215134 81.838049 81.020552 51.916137 13.368505 0.000000 0.000000 0.000000 2.218807
0.000000 0.000000 0.000000 0.000000 0.000000 0.000000 0.000000 0.000000 0.000000 0.000000 0.000000 0.000000 0.000000 0.000000 0.000000 0.000000 0.000000 0.000000 0.000000 0.000000 0.000000 0.000000 0.000000 0.000000 0.000000 0.000000 2.872270 20.514988 39.450563 52.538061 46.891126 30.407018 16.147158 1.584567 0.000000 0.000000 0.000000 1.958513 20.668198 54.358615 123.702397 215.832966 235.401516 179.327678 84.132527 22.274492 81.211112 182.172540 215.426645 160.546629 97.578902 98.414442 129.750960 123.899003 96.159440 84.534070 63.562297 28.984022 2.995429 0.000000 0.000000 0.000000 0.000000
0.000000 0.000000 0.000000 0.000000 0.000000 0.000000 0.000000 0.000000 0.000000 0.000000 0.000000 0.000000 0.000000 0.000000 0.000000 0.000000 0.000000 0.000000 0.000000 0.000000 0.000000 0.000000 0.000000 0.000000 0.000000 0.000000 4.552701 33.280383 63.013397 75.916253 72.323826 40.273321 12.518777 0.000000 0.000000 0.000000 0.000000 1.584127 18.825388 35.979988 55.927716 111.926416 131.829903 102.547245 34.651383 11.970832 102.593887 232.067516 285.040161 227.587427 149.700368 132.102939 165.091542 156.948408 121.646292 94.431551 56.416646 24.008692 3.906781 0.000000 0.000000 0.000000 0.000000
0.000000 0.000000 0.000000 0.000000 0.000000 0.000000 0.000000 0.000000 0.000000 0.000000 0.000000 0.000000 0.000000 0.281842 4.160511 4.413642 0.510210 0.000000 0.000000 0.000000 0.000000 0.000000 0.000000 0.000000 0.000000 0.000000 2.058114 33.007080 67.503105 103.501272 107.010658 74.370370 37.885677 5.228508 0.000000 0.000000 0.000000 0.000000 9.866635 28.655495 30.987556 21.110795 23.759070 14.715387 0.000000 6.262241 75.386958 189.565505 237.728565 180.867809 106.066002 104.587673 143.183456 140.719376 116.712621 100.093377 58.588831 15.043779 0.600120 0.000000 0.000000 0.000000 0.000000
0.000000 0.000000 0.000000 0.000000 0.000000 0.000000 0.000000 0.000000 0.000000 0.000000 0.000000 0.000000 0.132068 11.022182 23.317428 23.911574 12.273595 4.600465 7.365483 3.772656 0.000000 0.000000 0.000000 0.971078 3.585599 1.833292 0.445372 17.819061 48.542499 91.994169 107.137627 90.875153 63.099963 26.346741 10.002021 0.502552 0.000000 0.696488 14.733315 30.913981 32.627226 17.408046 1.895177 0.000000 0.000000 0.000000 19.837797 75.228102 103.511144 66.041000 22.101154 66.763350 103.738024 118.473743 110.701910 89.575321 57.704848 13.740013 0.000000 0.000000 0.000000 0.000000 0.000000
0.000000 0.000000 0.000000 0.000000 0.000000 0.000000 0.000000 0.000000 0.000000 0.000000 0.000000 0.322155 10.668817 34.380090 46.366083 39.400075 29.757416 25.487971 28.165217 20.570592 5.364599 0.000000 2.430396 15.325805 23.260879 18.347318 5.272026 5.185174 18.986869 51.757524 71.811985 75.632636 65.414380 39.747292 25.298597 6.636204 0.000000 2.916544 22.199462 39.284824 40.655669 25.370238 5.061980 0.000000 0.000000 0.000000 0.000000 1.966689 3.187215 0.122832 10.471552 50.553129 82.022854 116.983108 129.655797 102.850325 63.802067 14.344496 0.000000 0.000000 0.000000 0.000000 0.000000
0.000000 0.000000 0.000000 0.000000 0.000000 0.000000 0.000000 0.000000 0.000000 0.000000 0.000000 7.671591 27.438250 53.915743 62.599630 46.269768 35.793975 36.992734 41.635129 32.272842 11.982662 0.000000 9.245535 29.122137 39.748331 33.235817 14.271499 0.117488 0.982897 7.636699 21.132945 38.103347 43.027881 41.669744 29.694149 8.973295 0.000000 1.284388 17.116008 32.413437 33.659712 19.913076 2.806978 0.000000 0.000000 0.000000 0.000000 0.000000 0.000000 0.000000 6.753601 41.975457 69.927924 99.156510 111.731540 89.740619 54.208892 18.742180 23.184099 19.414772 3.822509 0.000000 0.000000
