InitialVersion/ascfiles2/tmp_kdeout60.asc
ncols        704
nrows        293
xllcorner    827.296065
yllcorner    924.742280
cellsize     0.500000000000000
NODATA_value -999.000000
[rows 56 to 83 of 293, columns 126 to 188 of 704]
0.000000 0.000000 0.000000 0.000000 0.000000 0.000000 0.000000 0.000000 0.000000 0.000000 0.000000 3.405389 9.252626 7.787143 1.191518 0.000000 0.000000 0.000000 0.000000 0.000000 0.000000 0.000000 0.000000 0.000000 16.828698 69.907018 108.587298 111.690970 73.236986 36.835876 23.701975 9.942580 37.459208 105.001603 144.514970 135.241174 81.483149 26.936662 56.280602 159.673695 239.664997 348.435271 508.507018 597.573862 466.306849 184.818532 100.871967 139.095580 173.175751 223.096657 365.369173 732.839784 1010.478470 902.935678 485.995516 150.433728 70.275883 90.153457 163.636007 390.724894 584.062906 549.647545 370.860502
0.000000 0.000000 0.000000 0.000000 0.000000 0.000000 0.000000 0.000000 0.000000 0.000000 0.000000 0.000000 0.000000 0.000000 0.000000 0.000000 0.000000 0.000000 0.000000 0.000000 0.000000 0.000000 0.000000 0.000000 27.930166 101.380154 161.821762 180.664536 114.087356 41.714452 33.590301 55.670665 103.067484 147.270236 171.026729 174.890520 138.710903 123.626608 128.290251 184.616948 244.702640 437.848634 909.778509 1200.420013 1034.583719 521.334382 169.860382 169.209267 203.942942 226.300956 434.172158 961.258857 1314.539565 1215.681315 750.791796 320.448385 182.948459 128.713060 95.632866 119.606048 216.075732 233.157577 185.605531
0.000000 0.000000 0.000000 0.000000 0.000000 0.000000 0.000000 0.000000 0.000000 0.000000 0.000000 0.000000 0.000000 0.000000 0.000000 0.000000 0.000000 0.000000 0.000000 0.000000 1.753153 11.162926 18.542967 12.912291 20.367712 110.669745 246.879359 293.654422 201.675745 61.252803 53.861313 107.221557 156.557340 182.115513 194.690466 190.218152 209.977573 260.484216 250.544877 233.623129 235.570796 479.468137 1116.740336 1536.281497 1394.081154 812.332263 307.999465 184.682359 166.600853 164.255298 344.023810 812.293979 1159.692192 1137.656975 834.352641 575.161052 535.283937 379.247455 156.264101 65.533065 53.080804 77.621425 66.390497
0.000000 0.000000 0.000000 0.000000 0.000000 0.000000 0.000000 0.000000 0.000000 0.000000 0.000000 0.000000 0.000000 0.000000 0.000000 0.000000 0.000000 0.000000 0.000000 6.645705 27.578278 62.210049 72.172939 50.594220 22.965275 114.859441 283.374071 340.752961 253.143531 99.737761 51.454311 113.752510 161.808452 162.402783 152.934428 150.546702 216.740242 304.897035 318.120595 270.406974 221.024774 393.220249 934.071659 1325.305184 1233.746204 756.821600 314.840306 177.155724 113.805972 101.690132 215.219256 483.150322 703.940268 708.614963 661.752472 759.801547 842.351226 636.382856 345.710618 196.289465 90.656760 28.590894 35.442674
0.000000 0.000000 0.000000 0.000000 0.000000 0.000000 0.000000 5.311687 27.525959 53.281738 28.111431 3.623710 0.000000 0.000000 0.000000 0.000000 0.000000 0.000000 0.876778 17.160305 53.952108 99.186768 109.441598 77.843872 33.039276 87.757260 235.835015 301.386883 237.131061 96.028753 30.840088 71.637902 107.791695 103.196959 77.362688 84.512243 134.995942 215.893193 251.349529 234.836406 180.254821 230.175732 479.966940 721.016967 659.000855 376.199866 219.130463 165.660104 101.724507 130.078418 274.839530 364.657281 478.744427 563.597857 641.863629 742.555643 813.765633 693.171523 527.684378 417.579441 283.071416 106.164271 48.022140
0.000000 0.000000 0.000000 0.000000 0.000000 0.000000 2.710191 53.836383 205.513555 295.739232 228.069422 68.956036 2.662383 0.000000 0.000000 0.000000 0.000000 0.000000 1.109285 18.142165 50.188806 91.160239 99.416100 68.083664 25.983408 27.165880 123.541647 176.046487 145.362919 60.856409 23.557488 23.973796 31.206646 32.238270 26.997754 26.752631 24.660840 70.775289 122.157968 147.475915 153.966283 157.721768 153.889564 161.308403 136.737765 159.366527 258.683333 275.964899 205.219221 363.385970 618.709967 818.529985 995.076413 969.456530 899.965107 669.018854 485.619872 481.605427 525.486128 534.402563 411.676455 179.350415 63.907301
0.000000 0.000000 0.000000 0.000000 0.000000 0.000000 8.371311 134.962069 379.036974 512.751692 422.424835 178.263599 12.319618 0.000000 0.000000 0.000000 0.000000 0.000000 0.000000 8.576188 23.081145 44.923237 48.889221 28.106370 5.829418 0.008153 15.335026 47.126633 71.440875 103.758456 100.385120 45.053479 1.210665 4.042112 6.324025 2.469019 3.316030 17.145523 62.162258 104.354131 125.342261 135.234308 110.846797 82.022217 77.222596 221.185213 379.550861 397.461020 365.658961 655.430810 988.427075 1260.015918 1394.948568 1257.295229 995.400322 512.936015 160.117074 205.528098 366.795894 462.105189 365.902154 161.197994 84.181011
0.000000 0.000000 0.000000 0.000000 0.000000 0.000000 5.385761 135.789301 405.324088 553.950928 463.248934 203.425304 13.616170 0.000000 0.000000 0.000000 0.000000 0.000000 0.000000 0.022486 3.641905 4.924365 2.379349 0.172527 0.000000 0.410344 12.944208 48.153039 161.507700 246.866909 227.374265 123.938042 20.725932 0.000000 0.000000 5.803844 45.321742 153.649102 270.074159 269.490399 175.694601 95.536576 85.992464 89.190021 120.989082 264.248851 396.820692 407.060787 405.193650 711.715822 1034.695835 1194.625112 1230.471816 1057.329414 812.778597 333.067823 37.336524 34.336249 159.754812 239.979775 179.357666 90.318134 142.505183
0.000000 0.000000 0.000000 0.000000 0.000000 0.000000 0.000000 56.181110 257.625158 382.849307 311.967190 120.360090 5.221856 0.000000 0.000000 0.000000 0.000000 0.000000 0.000000 0.000000 0.000000 0.000000 0.000000 0.037686 3.341714 5.924374 24.111566 90.124593 235.367573 328.959587 291.591941 163.373952 36.538695 0.759955 0.000000 25.501112 114.556302 337.173429 497.380024 460.600985 270.130392 73.513959 53.913455 90.983922 135.941100 212.550312 314.172480 356.535885 338.173453 533.641283 772.061014 730.016335 583.680033 469.380608 330.440110 85.092667 12.802432 6.730945 23.349344 44.238347 39.773584 62.816995 220.339216
0.000000 0.000000 0.000000 0.000000 0.000000 0.000000 0.000000 17.059382 88.983445 153.898174 119.380839 40.839440 2.731486 0.000000 0.000000 0.000000 0.000000 0.000000 0.000000 0.000000 0.000000 0.000000 0.812090 19.594839 38.821467 38.310609 41.117897 91.087839 207.887440 283.682144 241.725450 124.252928 23.053723 1.402759 0.211477 27.907518 133.562154 382.113280 546.192321 491.311588 268.483937 57.817214 39.898681 100.252634 151.814352 171.606385 246.457448 292.816241 305.440304 364.649118 399.194152 319.025883 128.607697 41.873568 24.772939 7.082920 0.364590 0.000000 3.946319 7.406655 16.847107 48.191907 179.270642
0.000000 0.000000 0.000000 0.000000 0.000000 0.000000 0.982515 18.047933 55.025650 77.374552 60.942173 19.301660 0.000000 0.000000 0.000000 0.000000 0.000000 0.000000 0.000000 0.000000 0.000000 0.000000 9.105815 46.036992 73.773153 69.972535 51.554274 63.973724 127.585862 176.447427 139.715258 55.857025 21.993229 18.243090 7.691313 11.377922 75.261557 242.643188 371.600007 327.415450 159.711128 19.570624 33.601203 101.957559 144.783788 164.008212 237.576704 294.195126 316.208109 291.117133 214.274967 144.359566 50.830995 9.682202 3.612064 0.000000 0.000000 0.000000 0.000000 0.229238 15.473051 40.714565 120.883116
0.000000 0.000000 0.000000 0.000000 0.000000 0.000000 0.942819 17.504582 35.449849 42.391448 28.836267 6.544246 0.000000 0.000000 0.000000 0.000000 0.000000 0.000000 0.000000 0.000000 0.000000 0.000000 11.165969 50.431549 79.229989 75.219524 43.920054 39.181007 78.007455 99.712846 76.861693 51.261496 42.193131 35.708634 20.050682 3.007181 21.225647 59.773561 108.388062 92.736253 24.938405 1.906461 23.616234 97.751943 153.614689 168.471293 207.273647 247.831208 249.670583 201.879097 134.362085 102.822306 52.237249 16.509328 3.332995 0.000000 0.000000 0.154919 5.385897 6.190065 10.636204 27.889205 101.420194
0.000000 0.000000 0.000000 0.000000 0.000000 0.000000 0.634954 9.749779 20.780027 23.025515 13.455812 1.188603 0.000000 0.000000 0.000000 0.000000 0.000000 0.000000 0.000000 0.000000 0.000000 0.009219 3.407726 28.963092 51.531347 49.103634 55.993274 80.722732 105.645628 90.268458 73.323819 60.329053 48.247194 38.843262 22.416104 3.200457 3.297858 14.265734 18.498199 11.717359 11.631181 19.496993 40.981393 88.289119 164.547023 223.411521 218.648240 178.022739 118.520200 91.878067 147.322547 166.622016 127.186568 68.342173 43.315682 13.780797 1.704485 50.493812 157.848896 208.033513 151.945962 119.942097 151.023329
0.000000 0.000000 0.000000 0.000000 0.000000 4.950273 18.803578 21.499633 17.721771 6.629483 0.566352 0.000000 0.000000 0.000000 0.000000 0.000000 0.000000 0.000000 0.000000 0.000000 2.984352 12.551008 24.221405 51.190411 60.960642 56.189763 97.194143 148.105132 151.717735 102.324328 48.461755 41.734011 37.866376 28.459051 13.260182 0.358257 0.000000 0.274639 1.480920 8.390522 25.149671 37.456453 57.704883 88.233353 190.829633 281.604623 262.100910 177.731436 74.282897 104.259590 242.115311 310.697686 283.557474 180.969376 106.867612 57.938907 50.282195 206.282416 408.409453 471.452177 476.392191 432.234241 374.775394
0.000000 0.000000 0.000000 0.000000 12.083085 50.747106 75.456343 62.355386 32.103630 11.421815 0.000000 0.000000 0.000000 3.101940 6.893517 4.170409 0.000122 0.000000 0.000000 0.214942 13.887112 33.280727 92.105939 153.499349 154.164160 134.003742 139.092199 168.075641 150.224634 81.306827 24.116634 30.020462 36.906347 45.913111 37.227447 21.575859 2.524963 4.448711 26.684992 45.252051 54.062952 46.872248 48.953367 73.811691 185.592953 296.625595 284.714871 176.882540 56.613444 124.240068 285.376174 370.446075 354.468095 242.316835 157.549614 140.794027 233.351196 503.612607 713.599800 699.899181 673.979434 644.456966 580.949121
0.000000 0.000000 0.000000 2.131836 46.112843 105.041966 132.137838 103.456642 45.328544 12.639995 0.000000 0.000000 4.318531 19.273303 27.609301 21.818824 6.969381 0.000000 0.000000 1.030064 20.958690 58.040690 149.395038 222.043302 213.564158 161.724583 126.982818 126.601484 106.506781 43.058284 17.424261 36.243586 62.956426 97.761117 98.292723 67.141577 20.406008 21.105857 58.657548 77.466238 87.838371 92.958286 77.559331 70.764416 152.570837 264.744971 261.322329 142.777510 33.459265 89.676418 229.374704 286.901400 272.691448 205.972160 177.975418 228.424552 447.634950 725.571990 870.708506 752.053611 619.393122 593.489847 560.533749
0.000000 0.000000 0.000000 6.889241 60.608269 117.168636 138.660926 103.176213 37.044664 5.213118 0.000000 0.000000 10.623042 31.039722 41.417573 34.248898 14.601201 0.117194 0.000000 0.014045 23.251119 59.736087 136.837697 199.905082 187.287850 119.821817 53.516544 44.301891 32.732772 4.012921 14.555271 32.236262 74.729867 122.283875 128.288583 94.508503 35.018051 25.431117 65.690752 84.590854 112.907189 128.763182 114.854637 110.889922 144.454248 209.971335 196.308643 105.587680 64.106971 197.462663 403.010211 384.486354 216.089584 127.899286 146.468814 236.353991 498.835482 713.413625 742.832845 558.791356 373.631576 368.129041 357.555384
0.000000 0.000000 0.000000 4.053944 40.920179 83.260650 91.425802 57.914294 9.322956 0.000000 0.000000 0.000000 8.956750 28.141036 38.058175 31.200468 12.635423 0.005748 0.000000 0.085046 15.492482 42.411663 68.282360 106.994289 116.276005 88.240498 44.362139 18.140500 1.691723 0.000000 4.086139 15.126348 47.132250 91.879125 104.567424 78.842494 25.671644 11.845802 42.303275 60.067067 96.837689 121.895929 123.493474 122.518144 149.608892 186.861616 174.650422 132.881924 281.244046 749.145574 1050.291344 898.848223 458.609545 167.799330 116.356233 159.756965 345.283404 506.360387 495.870041 345.551772 231.016206 218.972150 165.013555
0.000000 0.000000 0.000000 0.135881 10.125005 28.880402 30.921743 11.314592 0.000000 0.000000 0.000000 0.000000 1.634700 12.892290 19.846150 14.988582 3.387090 0.000000 0.000000 0.000000 7.335988 22.715378 30.153224 63.092427 222.594897 365.097601 270.881486 93.518089 23.528933 2.597184 0.000000 0.408466 8.635753 35.019043 49.513259 33.340638 5.399485 0.001084 8.164195 15.535958 39.131427 74.768607 90.582515 100.963503 130.909473 170.264217 177.999975 202.631657 562.751538 1211.221598 1557.610008 1337.819382 705.163913 211.065776 96.871908 85.380724 136.072404 195.651959 200.740330 170.687528 171.449787 163.489602 107.279106
0.000000 0.000000 0.000000 0.000000 1.034997 7.508592 6.771178 0.573169 0.000000 0.000000 0.000000 0.000000 0.000000 0.183735 1.673130 0.540713 0.000000 0.000000 0.000000 0.000000 0.029720 4.972704 21.712817 289.947643 888.067065 1218.170635 963.702827 393.431616 78.622020 21.151083 8.693147 10.707210 9.281144 14.005575 41.527586 44.793498 20.106577 5.757929 29.443009 31.647282 11.555212 19.176069 39.563953 62.565233 102.430477 137.137068 168.272518 234.811825 586.720606 1182.066113 1477.552185 1235.833692 618.517358 164.132893 77.602592 82.960315 83.063024 70.013977 87.755376 114.241935 131.791676 100.587401 56.013977
0.000000 0.000000 0.000000 0.783926 13.648323 25.560371 26.951248 14.125675 0.215311 0.000000 0.000000 0.000000 0.000000 3.803520 12.629175 13.760668 5.844832 0.000000 0.000000 0.000000 0.000000 0.000000 48.070254 573.817178 1396.289034 1805.976728 1477.436905 674.488399 141.221955 37.566326 30.972477 31.050810 29.063242 53.504163 89.289686 100.616388 67.824092 67.252845 107.879238 111.798739 62.014762 6.197684 16.572356 44.014199 76.450437 114.890869 160.246614 225.744699 398.179947 707.385587 882.019625 691.415691 294.967656 96.635631 94.412835 128.340927 119.530577 84.179258 75.906850 93.704238 92.913560 55.623785 19.869903
0.335539 0.000000 0.000000 4.475787 24.267469 48.780541 58.813763 42.348382 12.516058 0.056946 0.000000 0.000000 0.936919 16.153572 31.614128 34.386787 22.804559 3.733189 0.000000 0.074653 1.833122 0.974009 44.569434 530.963028 1308.685481 1683.393675 1351.758968 586.443006 111.647988 38.683925 38.460397 41.277440 41.971315 76.489001 114.082554 125.099107 97.920726 111.994850 155.655888 160.238934 98.994891 19.069535 8.429499 23.061831 38.251178 75.056707 109.344153 169.280464 224.034137 270.325459 312.751915 232.334207 128.296200 83.811010 112.105595 158.930972 145.728861 100.915280 70.093073 77.651451 58.844328 21.510225 0.045601
0.391008 0.000000 0.000000 3.602800 25.014887 58.062736 72.732052 57.004083 24.010488 3.249489 0.000000 0.000000 2.525315 21.532651 42.774996 57.211579 47.892431 20.501821 3.321457 11.549343 20.062644 17.104657 43.237842 306.769984 782.116924 987.371655 701.543722 222.985104 42.593533 19.906178 24.850685 33.982695 31.861999 53.179115 86.099384 97.019841 70.510126 87.714821 140.745830 144.139790 83.662271 12.581344 2.000925 7.989520 12.339599 43.197741 70.557869 97.813702 114.220312 108.029816 130.369563 139.012525 117.452984 73.159703 93.042309 142.238357 136.247656 81.413739 41.320903 44.357367 30.473123 6.537035 0.000000
0.000000 0.000000 0.000000 0.054239 12.518004 41.710908 57.010068 46.396730 22.962802 3.682264 0.000000 0.000000 0.581545 14.545038 41.826749 62.620020 57.458709 32.027087 16.649150 25.765037 37.904082 45.814125 122.890839 250.056553 362.516996 335.284757 159.460101 47.727449 16.265241 21.383030 25.327243 22.942459 12.721046 12.266758 42.469397 63.806670 75.490969 95.098968 113.681243 99.251317 57.533535 30.554455 41.969919 60.866072 84.637370 83.348978 64.098394 41.484171 36.001419 46.907290 108.126398 176.288196 179.858142 106.684090 66.616759 103.218955 99.498155 39.532225 7.771988 6.973932 3.466310 0.000000 0.000000
0.000000 0.000000 0.000000 0.000000 0.226133 13.179422 25.102174 23.871505 11.975264 0.345157 0.000000 0.000000 0.000000 2.389251 23.354315 44.015560 44.906843 31.175525 18.773090 28.150567 40.786267 62.446219 244.023496 413.778621 439.070142 301.159629 130.487309 111.948202 148.153621 116.350354 103.938518 82.231818 32.317623 19.337308 49.435877 140.042856 224.815964 250.917920 255.961606 197.036458 134.424616 100.505315 117.517082 173.922993 223.856357 194.561595 129.095209 63.297022 46.445721 73.882589 164.388269 265.289587 262.655979 170.111237 120.673305 133.538449 129.500650 63.176990 2.699523 0.000000 0.000000 0.000000 0.000000
0.000000 0.000000 0.000000 0.000000 0.000000 0.377262 4.344393 4.438244 0.464301 0.000000 0.000000 0.000000 0.000000 0.000000 5.576418 19.773022 25.849273 18.267404 6.496486 20.227245 56.612475 237.154748 518.768158 610.559505 494.289776 318.038943 248.173682 557.474847 753.934406 637.704151 338.702585 177.808955 94.785064 51.058700 91.616405 237.923609 354.138685 465.779290 506.795771 428.437821 294.937296 166.181661 156.162055 225.829321 280.170456 254.982576 192.242867 111.203709 90.239821 112.010743 180.389328 267.728551 263.193736 197.101047 190.921984 209.278265 190.739125 105.499118 17.778166 0.000000 0.000000 0.000000 0.000000
0.000000 0.000000 0.000000 0.000000 0.000000 0.000000 2.322728 2.812856 0.146347 0.000000 0.000000 0.000000 0.000000 0.000000 0.000000 2.854441 5.415118 2.300867 5.832386 24.968980 201.058298 529.865046 795.536144 785.724155 494.434262 265.786475 458.474133 1004.379172 1303.242924 1151.191515 644.827750 240.552502 114.602435 58.049785 86.431401 221.233889 342.204540 493.049255 557.542605 484.698912 340.722020 164.932768 108.931060 158.653231 210.071940 197.314006 157.187759 100.275612 87.512073 92.562148 112.761996 167.445570 166.631358 140.990308 189.473481 244.195137 234.161630 128.191339 22.210462 0.000000 0.000000 0.000000 0.000000
0.000000 0.000000 0.000000 0.000000 0.000000 8.399312 20.240774 21.641866 11.272657 0.378425 0.000000 0.000000 0.000000 0.000000 0.000000 0.000000 0.000000 0.003505 13.181580 41.745803 289.151931 633.875920 841.429840 755.648005 421.627181 179.893013 466.622214 1037.617051 1334.022651 1165.516178 631.621965 204.820419 80.438668 24.737296 45.152686 107.067266 184.644393 295.361787 368.469994 339.000949 232.702412 76.442221 27.647908 38.009948 70.656467 72.415202 55.097659 54.013084 49.657567 38.639332 29.356444 37.486618 42.529914 90.829912 181.148863 325.517618 378.585087 255.150045 77.114847 5.478708 0.000000 0.000000 0.000000
