InitialVersion/ascfiles2/tmp_kdeout22.asc
ncols        704
nrows        293
xllcorner    827.296065
yllcorner    924.742280
cellsize     0.500000000000000
NODATA_value -999.000000
[rows 28 to 55 of 293, columns 315 to 377 of 704]
0.000000 0.000000 0.000000 0.000000 0.000000 0.000000 0.000000 0.000000 0.000000 0.000000 0.000000 0.000000 0.000000 0.000000 0.000000 0.000000 3.776047 36.292205 153.522424 275.694584 562.420628 1064.611835 1436.141814 1645.003268 1784.406647 1509.597780 1046.837230 594.797767 143.649091 0.239328 9.631658 22.036506 23.400527 12.480685 0.609153 0.000000 0.000000 0.000000 0.000000 0.000000 0.000000 0.000000 0.000000 0.000000 0.000000 0.000000 0.000000 3.037108 15.648689 31.970108 34.728941 22.395560 39.955412 79.573920 114.841513 106.282160 37.421844 12.453827 29.430836 77.751741 106.098577 86.974825 33.288541
0.000000 0.000000 0.000000 0.000000 0.000000 0.000000 0.000000 0.000000 0.000000 0.000000 0.000000 0.000000 0.000000 0.000000 0.620226 4.123942 3.442907 28.261820 147.752367 485.088987 1713.696886 3070.127991 4097.492927 4019.615138 3172.804494 2140.472227 984.378853 391.301570 41.306099 0.000000 0.064413 3.402589 3.951008 0.466634 0.000000 0.000000 0.000000 0.000000 0.000000 0.000000 0.000000 0.000000 0.000000 0.000000 0.000000 0.000000 0.000000 11.327943 35.997875 67.756899 79.591225 57.293926 41.557139 122.894686 327.747444 441.568882 350.029474 129.809213 35.015334 35.174050 46.524287 33.545524 5.086463
0.000000 0.000000 0.000000 0.000000 0.000000 0.000000 0.000000 0.000000 0.000000 0.000000 0.000000 0.266674 9.193511 24.886625 80.119238 116.227582 96.383943 61.000043 136.326865 802.571254 2615.806999 4432.898576 5701.707755 5422.876441 3773.010953 2326.575440 1526.676401 1201.248411 583.519821 21.447617 0.000000 0.000000 0.000000 0.000000 0.000000 0.000000 0.000000 0.000000 0.000000 0.000000 0.000000 0.000000 0.000000 0.000000 0.000000 1.896415 8.114741 20.789442 52.605841 106.383016 126.921914 120.912397 108.923292 296.615743 615.260397 781.544515 658.909314 317.637464 75.103563 13.053693 0.708181 0.000000 0.000000
0.000000 0.000000 0.000000 0.000000 0.000000 0.000000 0.000000 0.000000 0.000000 0.000000 0.000000 12.461222 65.507041 171.463251 304.108305 380.111719 425.013539 573.363607 617.531022 993.634585 2343.518030 3899.925641 4896.915769 4531.294300 3097.070088 2669.984780 3074.519056 3368.550082 2299.629131 576.841547 13.819814 0.000000 0.000000 0.000000 0.000000 0.000000 0.000000 0.000000 0.000000 0.000000 0.000000 0.000000 0.000000 0.000000 0.819181 14.625515 28.046204 41.815424 77.069113 124.295683 148.101762 146.926903 141.121941 330.623186 652.589876 809.068647 679.526388 332.824905 78.616643 9.866918 0.000000 0.000000 0.000000
0.000000 0.000000 0.000000 0.000000 0.000000 0.000000 0.000000 0.000000 0.000000 0.005387 24.753375 117.317653 254.756984 399.837704 534.799019 629.000507 981.709121 1399.137173 1365.946807 1102.882223 1395.028533 2046.786728 2427.137109 2250.326634 1939.385405 2898.878384 4667.493239 5355.431449 3910.732998 1495.126936 214.967923 31.771416 0.000000 0.000000 0.000000 0.000000 0.000000 0.000000 0.000000 0.000000 0.000000 0.000000 0.000000 0.000000 3.627514 23.269521 40.236731 57.272027 81.117809 107.431128 120.273292 118.632672 109.966735 178.517796 387.049723 495.122081 397.714325 161.793289 35.512423 0.838482 0.000000 0.000000 0.000000
0.000000 0.000000 0.000000 0.000000 0.000000 0.000000 0.000000 0.000000 0.000000 17.171295 104.495014 306.191335 502.886907 584.267984 638.113833 798.443484 1667.894997 2754.472022 2509.717925 1352.726156 654.921683 496.095651 779.184024 1854.840114 3596.885666 6413.173691 8585.557036 8250.373703 5989.039473 2662.210580 963.969655 301.454244 3.732911 0.000000 0.000000 0.000000 0.000000 0.000000 0.000000 0.000000 0.000000 0.002893 6.611170 13.914515 8.139452 19.146358 34.637746 58.074721 90.372872 138.504736 145.431336 97.814515 50.959630 45.053066 65.948912 100.675649 66.445922 18.505274 3.272743 8.036462 6.084656 0.423596 0.000000
0.000000 0.000000 0.000000 0.000000 0.000000 0.000000 0.000000 0.000000 0.709080 35.618100 228.753677 544.705840 781.644937 767.447380 624.560922 1178.500184 3406.862920 5144.619278 4610.166790 2280.225133 455.752418 365.408498 1366.818992 4301.088084 8632.085055 12374.375874 14048.448603 12305.532152 8329.511376 4218.229817 1820.535901 720.446439 115.705533 35.923816 5.024520 0.000000 0.000000 0.000000 0.000000 0.000000 0.642187 25.632054 71.563509 82.900352 53.948229 18.705911 25.506716 57.576570 128.509434 198.579361 191.190541 113.398368 34.018154 2.181153 0.119616 0.000000 0.100773 3.795173 18.285597 28.683752 24.875811 10.059672 0.000000
0.000000 0.000000 0.000000 0.000000 0.000000 0.000000 0.000000 0.000000 0.490696 42.393333 322.773090 668.078217 909.262309 870.377771 743.065970 1866.625172 4703.289830 6428.523861 5603.359353 2787.729677 455.877634 447.206206 2002.368249 5878.080142 11523.678579 16735.805817 18721.636513 16009.569620 10697.692731 5829.181796 2515.054521 1191.598904 549.051827 373.205768 160.994533 17.564737 0.000000 0.000000 21.775207 120.003608 152.355079 125.231829 168.229781 185.227631 122.715487 47.957603 39.100378 77.675061 188.500888 271.354015 246.333000 142.105798 41.580854 1.584323 0.723000 35.246137 128.350975 151.387652 90.981455 41.976013 36.732211 18.018696 0.962882
0.000000 0.000000 0.000000 0.000000 0.000000 0.000000 0.000000 0.000000 5.861022 72.881269 341.165934 686.226576 1097.415915 1302.844418 1298.722127 2075.128949 4471.022026 5770.727480 4768.615201 2216.414310 367.066373 503.918720 1753.576663 4792.314476 10506.252398 16437.813116 19225.520785 17125.035087 11968.219273 7163.864079 3682.653774 2100.165471 1576.246651 1089.014468 478.810737 98.122071 3.117722 78.635006 455.376352 790.711108 786.936583 564.204842 350.263596 279.073912 198.474656 126.926305 110.555881 160.591771 225.508165 276.572303 232.134799 121.711192 31.028432 19.564149 25.625287 172.594124 337.174903 366.793277 245.469221 73.812703 32.332235 14.979045 0.368084
0.000000 0.000000 0.000000 0.000000 0.000000 0.000000 0.000000 0.072170 21.978926 106.222770 305.570949 851.344032 1684.633838 2143.892725 2101.482380 1850.346523 2653.200268 3289.436349 2445.912903 837.514156 331.577062 851.209915 1839.454361 3654.817914 7710.440591 12276.738651 15016.849231 14919.677497 13836.200636 13781.940718 11520.123282 6802.168004 3256.619886 1875.715649 777.288982 140.647574 32.791867 351.630268 1049.740585 1554.385297 1542.533931 1064.808345 590.815274 354.898124 238.107100 177.043584 165.072623 192.889846 200.987057 189.714012 140.802292 62.695906 26.095557 37.697951 60.106842 246.167588 424.710133 450.925406 301.442394 85.432187 14.929466 4.620853 2.961087
0.000000 0.000000 0.000000 0.000000 0.000000 0.000000 0.000000 0.084747 20.438388 102.961845 250.503770 901.214103 1866.633177 2395.010551 2281.543962 1619.403283 984.176199 759.598292 326.674808 125.680910 505.518384 1390.374481 2745.254411 4325.753323 6629.171510 9222.481890 11198.797654 13300.538147 18668.704170 23715.033654 22901.624313 15429.016161 6433.965652 2528.314817 851.833518 116.644726 114.951465 615.424212 1619.456497 2193.189058 1904.121329 1197.165012 662.223342 439.973998 323.656534 235.706612 161.974573 145.650766 130.260050 99.325009 60.437802 21.847652 28.832349 41.073772 45.236517 177.653257 326.270271 348.204930 210.302960 33.012599 1.615201 13.242308 24.092354
0.000000 0.000000 0.000000 0.000000 0.000000 0.000000 0.000000 0.000000 5.547867 47.161418 151.216223 599.313529 1399.310944 1832.370054 1629.748112 937.840601 372.876809 145.356561 33.634612 136.093281 672.584428 1763.825972 3436.151179 5005.927199 6174.683814 7225.798682 8236.655620 10844.314149 19478.986277 27460.005812 27366.527234 18922.151733 7776.477638 2427.756275 667.394168 112.031084 225.510841 1126.599527 2288.392110 2754.142394 2129.643015 991.106009 597.469495 503.283346 404.037420 289.600433 138.340585 77.784243 38.187341 24.737516 6.515048 2.903154 17.563489 27.354863 23.249587 38.628648 114.629990 127.728593 51.683073 2.358409 7.188578 26.970138 49.678420
0.000000 0.000000 0.000000 0.000000 0.000000 0.000000 0.000000 0.000000 0.000000 2.331958 27.317624 135.249299 530.500001 774.465744 574.866545 169.210152 44.309478 30.514472 250.913496 645.539154 1166.541897 1905.842108 3028.856942 4120.911686 4633.200146 4696.224086 4993.554928 6678.844253 13973.397529 20990.097855 20996.114809 13919.345457 5064.979850 1487.262684 378.852956 135.292795 352.361363 1387.158760 2434.519416 2630.444505 1869.730195 787.876570 465.458788 447.679746 390.518092 289.600134 203.226713 168.101931 111.289666 21.381074 0.000000 0.000000 2.447585 8.034808 6.031340 0.115098 0.024356 14.594337 54.732832 67.069028 60.302566 64.535924 82.641287
0.000000 0.000000 0.000000 0.000000 0.000000 0.000000 0.000000 0.000000 0.000000 0.000000 0.000000 0.723319 7.301118 33.190652 6.351217 0.000000 0.380073 108.686139 581.802293 1149.667939 1559.077564 1773.616882 1866.613987 2062.089831 2092.947293 2033.156845 2365.379028 3111.083737 5283.440830 8609.897279 8594.592520 4883.603081 1571.428554 535.920878 158.573805 96.485091 265.109606 1098.061315 1928.347098 2030.011322 1390.250617 506.494775 294.053136 332.401422 367.229410 414.465946 452.243399 427.453982 306.026641 96.102014 1.410457 11.746435 30.289975 33.862101 19.481154 7.831294 2.734002 56.791016 124.793446 155.618663 160.270488 133.713912 113.845405
0.000000 0.000000 0.000000 0.000000 0.000000 0.000000 0.000000 0.000000 0.000000 0.000000 0.000000 0.000000 0.000000 0.000000 0.000000 0.000000 1.852191 127.474118 605.410671 1136.277279 1453.038946 1430.088718 1114.047491 792.477874 597.772825 642.212691 965.983607 1174.479220 1249.853839 1332.605079 1158.747774 712.616141 264.048611 120.677545 202.825989 251.564264 171.411069 405.827925 904.706474 974.258257 582.505933 193.412704 183.030530 260.203588 395.850477 598.395552 764.831217 692.300333 456.929304 162.458663 15.431253 47.631148 84.414689 87.888114 55.069414 20.391595 8.186936 70.785764 145.662225 190.420109 200.821574 157.680061 113.028482
0.000000 0.000000 0.000000 0.000000 0.000000 0.000000 0.000000 0.000000 0.000000 0.000000 0.000000 0.000000 0.000000 0.000000 0.000000 0.000000 0.000000 51.347917 315.724604 648.519850 773.660804 621.790779 389.650868 270.739674 299.795617 428.743538 473.566845 344.921259 196.398172 218.351226 251.809472 173.023635 107.025555 357.707632 687.312694 724.127543 442.946461 120.249281 102.026529 119.217124 76.258905 128.396365 163.654032 265.027998 432.433062 649.168330 819.441511 711.909586 429.896272 148.739758 24.769425 66.832309 117.144080 134.270705 80.141808 23.545607 4.362879 41.287933 101.039141 135.379561 143.746606 114.533310 99.036712
0.000000 0.000000 0.000000 0.000000 0.000000 0.000000 0.000000 0.000000 0.000000 0.000000 0.000000 0.000000 0.000000 0.000000 0.000000 0.000000 0.000000 0.816078 36.037342 119.280508 118.956539 30.690295 5.878441 26.677933 216.178524 433.407217 508.381816 380.133080 189.863820 161.179510 183.485290 142.437146 156.314073 572.260617 984.470171 1023.707719 659.482707 183.570746 44.676787 41.072224 56.351134 110.232454 147.884954 220.332782 355.287426 478.884317 556.139361 447.275608 243.205694 78.956284 25.328885 76.116246 215.179228 277.707484 194.536013 52.814840 12.159272 9.172617 26.492934 39.987440 38.653452 85.865324 151.430331
0.000000 0.000000 0.000000 0.000000 0.000000 0.000000 0.000000 0.000000 0.000000 0.000000 0.000000 0.000000 0.000000 0.000000 0.000000 0.000000 0.000000 0.000000 0.000000 0.000000 0.000000 0.000000 0.000000 2.169498 113.912251 338.250184 437.813130 339.346432 170.952110 111.690519 104.546693 76.537607 100.990351 475.565909 853.320385 899.003502 557.747223 126.529315 32.175426 33.228107 36.051935 67.622183 96.270819 92.502602 166.793932 231.001622 262.002460 207.639076 128.353049 49.102256 22.616476 112.240847 303.066768 396.243231 322.960441 165.616176 58.335923 39.381989 10.486794 0.000000 8.693062 112.020655 221.318658
0.000000 0.000000 0.000000 0.000000 0.000000 0.000000 0.000000 0.000000 0.000000 0.000000 0.000000 0.000000 0.000000 0.000000 0.000000 0.000000 0.000000 0.000000 0.000000 0.000000 0.000000 0.000000 0.000000 0.000000 16.684559 154.670268 250.853924 226.277809 155.514587 72.834001 67.514628 63.890941 58.343102 188.092422 411.148409 445.418583 223.876756 26.641398 15.918041 13.485730 10.540287 21.374605 34.244855 44.399514 84.270821 157.116494 247.722932 265.677856 203.193651 100.816545 33.809019 114.634005 296.656036 399.765841 359.137951 213.398550 94.761665 65.218591 25.387770 12.400055 60.781103 176.929754 264.167959
0.000000 0.000000 0.000000 0.000000 0.000000 0.000000 0.000000 0.000000 0.000000 0.000000 0.000000 0.000000 0.000000 0.000000 0.000000 0.000000 0.000000 0.000000 0.000000 0.000000 0.000000 0.000000 0.000000 0.000000 2.407866 66.833979 134.793720 155.528591 111.917852 61.748617 85.080675 91.225471 75.176376 41.166582 44.791104 59.223232 41.810098 29.025935 8.244894 0.017554 0.000000 12.952357 64.786004 97.627184 137.024287 235.191082 349.893195 365.069065 287.534501 147.613066 39.985611 59.216565 182.827222 266.053138 238.299578 140.326014 87.409067 64.987001 31.590220 60.513337 123.784422 194.854658 232.141712
0.000000 0.000000 0.000000 0.000000 0.000000 0.000000 0.000000 0.000000 0.000000 0.000000 0.000000 0.000000 0.000000 0.000000 0.000000 0.000000 0.000000 0.000000 0.000000 0.000000 0.000000 0.000000 0.000000 0.000000 0.000000 6.422945 35.224907 50.025424 39.286866 43.357927 69.091530 76.642124 64.723903 31.418662 15.238054 31.124823 35.500207 23.909520 6.072216 5.744655 34.537808 209.076590 373.340151 376.828056 253.194031 241.508062 317.151010 329.302398 256.399871 124.386115 33.756603 32.021404 61.142238 93.283331 66.350807 58.627418 62.603807 57.702093 61.722122 124.799265 174.568393 177.051150 150.228587
0.000000 0.000000 0.000000 0.000000 0.000000 0.000000 0.000000 0.000000 0.000000 0.000000 0.000000 0.000000 0.000000 0.000000 0.000000 0.000000 0.000000 0.000000 0.000000 0.000000 0.000000 0.000000 0.000000 0.000000 0.000000 0.000000 4.222996 17.239123 29.212508 24.408780 27.443799 36.183923 28.893561 8.480846 3.263304 13.201707 16.101423 10.023027 29.412905 62.144671 178.841441 451.487985 652.041042 619.423693 371.740847 163.195265 185.064885 230.970246 216.843343 117.551385 65.708361 79.827302 91.677977 80.577105 75.236716 71.029766 92.776568 113.347905 130.926824 159.823017 187.253134 182.125242 132.683040
0.000000 0.000000 0.000000 0.000000 0.000000 0.000000 0.000000 0.000000 0.000000 0.000000 0.000000 0.000000 0.000000 0.000000 0.000000 0.000000 0.000000 0.000000 0.000000 0.000000 0.000000 0.000000 0.000000 0.000000 0.000000 0.270234 14.653420 32.357965 37.325885 35.872489 28.063743 22.374844 10.235041 0.046568 0.000000 0.057675 0.383656 15.911904 82.142085 134.064416 262.154419 514.597890 674.506396 616.244595 389.858398 184.528304 189.118018 248.296215 267.051291 233.960461 165.454083 140.970821 148.865262 129.207452 133.012370 129.569613 155.532161 179.542793 179.249384 155.144697 141.769981 132.630056 98.990992
0.000000 0.000000 0.000000 0.000000 0.000000 0.000000 0.000000 0.000000 0.000000 0.000000 0.000000 0.000000 0.000000 0.000000 0.000000 0.000000 0.000000 0.000000 0.000000 0.000000 0.000000 0.000000 0.000000 0.000000 0.000000 0.714219 17.249513 36.164357 44.644547 64.659758 85.342525 77.782590 37.098878 2.976746 0.000000 0.000000 0.065019 24.430643 100.296082 156.393524 195.611661 341.605139 421.500070 387.879476 282.929656 242.395983 305.917852 355.270841 339.883772 317.824921 225.186675 166.376274 151.256452 120.169287 125.150809 134.554109 154.343139 160.528945 149.263540 119.988156 83.283927 78.867212 77.014134
0.000000 0.000000 0.000000 0.000000 0.000000 0.000000 0.000000 0.000000 0.000000 0.000000 0.000000 0.000000 0.000000 0.000000 0.000000 0.000000 0.000000 0.000000 0.075595 0.088661 0.000000 0.000000 0.000000 0.000000 0.000000 0.000000 9.185850 23.924271 36.290757 93.457804 138.486226 136.847841 78.695354 9.943462 0.000000 0.000000 0.000000 13.121397 73.055255 132.365349 125.706234 95.223710 99.511712 104.673426 179.655972 262.354163 293.157407 308.628581 272.642222 256.314156 185.394508 133.698952 122.666395 75.556273 68.584896 87.912459 100.656925 82.195424 67.775232 46.734537 21.940558 33.772602 41.744872
0.000000 0.000000 0.000000 0.000000 0.000000 0.000000 0.000000 0.000000 0.000000 0.000000 0.000000 0.000000 0.000000 0.000000 0.000000 0.000000 0.000000 5.130076 13.953896 14.124852 5.613396 12.891837 22.307155 24.262979 23.989374 15.352181 16.011018 21.005329 24.011402 83.485869 142.268541 144.074175 84.821386 13.615597 2.051204 2.675747 3.947993 14.195592 58.938307 104.073527 115.199188 69.414301 20.747949 72.004544 219.370792 285.877445 221.391152 128.390004 103.119711 112.331243 121.104120 171.701244 187.474930 138.379659 88.724085 50.602733 45.350025 30.116835 14.336584 2.425011 0.000000 2.022614 4.406044
0.000000 0.000000 0.000000 0.000000 0.000000 0.000000 0.000000 0.000000 0.000000 0.000000 0.000000 0.529175 12.182078 17.698148 8.300849 0.000000 1.848419 18.300276 33.301945 34.211796 32.383957 49.139808 84.052708 140.127905 152.268377 130.613009 84.405364 58.010870 31.664622 52.515327 93.740345 95.400806 51.416189 12.700699 19.631043 23.688795 29.480040 39.301179 77.363537 122.010450 141.317499 116.385318 71.852189 135.918018 238.135655 268.959810 169.371268 27.320302 1.875022 43.119492 111.837712 218.898638 263.370288 229.264468 170.390959 96.543726 61.301251 21.608305 1.611066 0.000000 0.000000 0.000000 0.000000
0.000000 0.000000 0.000000 0.000000 0.000000 0.000000 0.000000 0.000000 0.000000 0.000000 0.000000 19.627566 56.616901 67.172820 42.428244 10.778947 14.008642 40.201442 60.939885 58.066066 58.434748 69.861482 142.598513 238.438670 269.427960 248.667558 178.965510 100.608175 56.017016 19.637398 31.048850 31.643574 12.218827 18.751557 35.778016 43.696936 50.285554 50.055874 78.244749 123.967052 142.588218 120.517969 82.761476 148.143422 227.373092 230.695755 138.817952 24.758542 0.000000 25.167703 83.657829 189.859033 245.236751 240.956711 200.773790 144.377928 104.734413 49.373201 20.716381 12.140540 2.102076 0.000000 0.000000
