InitialVersion/ascfiles2/tmp_kdeout37.asc
ncols        704
nrows        293
xllcorner    827.296065
yllcorner    924.742280
cellsize     0.500000000000000
NODATA_value -999.000000
[rows 56 to 83 of 293, columns 126 to 188 of 704]
9.964249 30.787323 42.158192 35.874401 24.071528 28.651233 40.893194 37.789162 21.158660 1.983154 10.219283 30.427471 48.491719 40.721466 12.356119 0.000000 0.000000 0.000000 0.000000 0.000000 0.000000 0.000000 0.000000 15.770564 89.441865 158.260437 182.544836 172.721350 174.626310 162.557390 149.742254 218.464581 234.412000 186.707599 116.857910 81.606096 105.508592 110.777296 169.932857 289.571311 423.625126 961.627538 1920.234076 2438.586887 1876.638620 731.847808 527.152319 924.264054 1152.770448 1228.133520 1520.267833 2316.182041 2625.698960 2042.214448 968.159318 324.402506 325.087515 510.806474 908.124426 1742.977148 2580.320672 2587.517732 1947.778106
5.348380 22.133911 31.910868 26.476796 16.612663 25.599533 37.700083 33.324868 15.664090 0.483159 1.426875 10.851989 15.572821 9.925877 0.822865 0.000000 0.000000 0.000000 0.000000 0.000000 0.000000 0.000000 0.117921 27.074164 108.648726 174.113913 223.046815 208.795676 154.804437 133.100372 223.071653 421.627457 461.887180 294.002217 116.104461 123.790658 189.470169 214.340404 199.333038 289.280671 405.654055 1215.011038 3170.907790 4347.028536 3626.181018 1729.074428 790.732355 1103.567233 1266.054572 1225.711507 1689.255253 2829.982741 3292.715648 2664.386092 1476.712173 766.276558 621.030174 584.158396 631.073477 910.637312 1483.031907 1594.379470 1415.674172
0.000440 5.822542 11.271436 8.144666 1.502218 11.270440 19.692196 16.567498 5.837728 2.210512 0.000000 0.000000 0.246302 0.000000 0.000000 0.000000 0.000000 0.000000 0.000000 0.000000 2.124305 7.256647 9.741363 37.984689 101.700865 267.864104 455.009632 445.314989 291.483375 133.570796 354.809093 616.769900 656.773139 436.084391 180.699569 189.302393 295.672124 339.449907 277.881090 272.983929 406.200577 1432.745505 3801.354579 5266.691552 4575.245034 2485.290094 1071.792935 1064.156938 1118.581515 982.998719 1327.125951 2307.468462 2819.061378 2418.219158 1751.730583 1501.192379 1526.893830 1235.174980 747.872222 576.956625 669.606099 757.571205 646.141130
0.000000 0.000000 0.000000 0.000000 0.000000 0.042843 1.657469 15.641290 60.649904 84.938425 53.950971 5.716010 0.000000 0.000000 0.000000 0.000000 0.000000 0.000000 0.000000 6.862625 23.384844 42.360004 45.792979 54.600847 152.946044 437.892391 696.635958 692.169686 452.537198 191.644557 334.506628 609.012299 653.255964 422.941435 170.225360 184.200137 282.460711 330.147871 306.185574 317.893963 463.785817 1263.827718 3177.578292 4455.284746 3948.408134 2240.953311 1007.525282 941.215047 913.177539 731.061400 877.929075 1331.942417 1676.679883 1551.810409 1594.861215 2083.572572 2335.235154 1978.007762 1420.018744 1109.193483 738.617313 383.836971 365.620523
0.000000 0.000000 0.000000 0.000000 0.000086 4.811655 3.632342 88.790066 279.236077 392.224669 236.227399 53.176329 2.119341 0.000000 0.000000 0.000000 0.000000 0.000000 0.785706 17.002180 43.855904 70.137838 84.345122 92.790011 187.813964 458.776978 707.036516 712.244248 461.080814 168.144078 187.495930 381.358309 413.875182 236.121652 58.052839 99.654786 165.756044 199.741196 267.733268 388.132287 479.752520 839.101609 1712.078348 2477.845506 2142.089741 1186.712635 895.341997 1043.928074 897.911173 669.783733 754.319548 893.571168 1092.392739 1133.993274 1448.032452 2027.478360 2314.199270 2219.246293 2045.554533 1915.923873 1429.244192 767.414731 547.025190
0.000000 0.000000 0.000000 1.873778 41.584483 75.832411 87.926333 323.744033 975.254970 1323.738833 985.590865 273.790646 7.608526 0.000000 0.000000 0.000000 0.000000 0.000000 0.888114 17.467112 42.031690 69.195267 87.678972 92.093781 158.966128 298.577273 472.392980 465.077401 301.809591 141.931219 106.593332 117.712031 108.560048 37.064551 0.034053 14.011388 33.955558 58.017504 194.967720 403.725517 547.655163 615.947652 685.686113 751.094318 628.206844 805.541198 1306.277444 1538.902623 1237.488600 906.656149 965.879038 1196.317484 1508.971947 1502.840275 1466.074019 1463.973057 1463.288921 1683.489337 2093.101904 2296.257955 1846.690380 1036.680190 633.598755
0.000000 0.000000 0.000000 24.135735 99.851188 159.529890 187.492487 670.618288 1630.695416 2146.846027 1706.649232 653.465145 22.767560 0.000000 0.000000 0.000000 0.000000 0.000000 0.000000 14.357834 37.971201 48.845793 52.200997 53.813156 101.927990 169.150021 196.246700 174.006990 197.176989 367.964646 382.018773 203.774542 24.097049 57.320087 111.970119 89.797123 19.246325 49.569689 216.040503 413.226422 526.522031 553.231411 497.911795 447.214066 518.627138 1144.402085 1840.219459 1986.239766 1645.454975 1537.384167 1621.521827 1795.947643 1832.076791 1772.127061 1460.905337 946.292005 611.853718 912.435093 1596.652760 1933.082972 1606.120313 868.300205 574.025205
0.000000 0.000000 0.000000 30.928552 113.813370 181.458663 197.169460 677.025793 1741.544676 2325.545696 1892.136188 782.116054 32.488319 0.000000 0.000000 0.000000 0.000000 0.000000 6.475301 37.243676 60.984019 54.404021 38.283171 45.233468 90.931626 130.675736 126.112191 135.621420 380.566976 680.526117 737.065142 511.867115 232.274180 276.571090 343.483423 283.057210 220.817024 446.930855 832.463091 869.007946 599.049913 430.114536 399.639256 390.885896 532.135935 1139.571253 1786.107756 1912.265286 1812.910525 1888.736944 2081.675632 2049.544778 1758.700802 1584.346081 1356.114778 757.914285 363.184057 384.991983 822.134057 1065.811037 859.963025 492.662763 591.732340
0.000000 0.000000 5.730851 22.228788 78.674347 124.572825 126.236746 343.898552 1191.662158 1703.723241 1390.106189 547.158983 21.003566 0.000000 0.000000 0.000000 0.000000 0.000000 16.269672 57.633400 82.853542 78.870380 91.509444 101.296747 155.935722 161.147599 134.994523 146.790287 425.287578 756.251251 840.011820 633.604068 384.030559 422.195806 485.331514 407.066045 500.962304 995.605018 1510.682103 1447.021618 864.234464 369.715323 285.238003 357.326956 448.438916 712.201272 1216.137652 1417.134890 1522.705746 1835.823964 2057.896120 1692.617107 1142.587203 1034.983157 1015.202438 701.283762 407.151491 259.235280 319.005333 380.270030 332.842253 309.703901 839.957999
0.000000 5.196640 21.963205 31.873458 37.170567 41.629565 32.660167 87.004603 432.836018 744.598943 615.553425 234.622958 17.043501 0.000000 0.000000 0.000000 0.000000 0.000000 12.076335 49.465909 72.998674 89.489123 134.950631 243.984786 336.191130 295.466605 153.257891 91.103557 251.183358 528.684744 612.397520 483.731376 314.164933 386.877018 433.708446 356.836965 516.183749 1097.866048 1610.579796 1530.720295 901.666492 292.123444 237.097335 357.370657 409.178416 454.399507 709.935437 900.708122 1148.159451 1575.071955 1613.568889 1195.718885 604.240283 595.771091 743.981054 678.000472 426.731086 217.627921 193.442988 215.732182 207.977145 234.672424 704.417111
0.000000 9.762345 30.595864 42.126842 36.023701 16.530071 0.464786 6.504504 137.328246 256.578627 230.092485 87.148864 6.514663 0.000000 0.000000 0.000000 1.840481 6.229759 5.540962 19.787661 35.260883 58.553042 155.176869 354.349803 456.970497 379.725888 182.904671 39.143063 75.127777 216.143787 282.740156 269.792861 241.809827 276.896049 245.716896 159.745074 224.980518 682.779067 1094.066485 1075.089444 642.135937 269.744811 284.695755 376.344378 385.260940 396.936543 570.465106 738.795583 919.919866 1065.295391 958.420762 643.629392 381.316036 438.461505 559.370106 519.916664 348.731523 282.206374 276.564621 287.200771 267.016453 254.477075 502.818204
0.000000 6.358593 24.946133 35.501039 29.150547 11.991461 0.006226 0.000000 6.712835 33.365080 29.675169 11.805082 0.813289 0.000000 0.000000 2.049288 16.148742 26.603468 23.517156 9.568703 1.650906 12.611586 115.164635 312.554260 420.606957 353.731495 193.623859 95.303463 76.792260 108.384592 165.374919 234.207475 257.999572 220.871730 120.602541 43.409546 36.498003 153.804704 374.697429 438.183023 359.083058 353.197145 400.874935 460.030933 467.246528 473.921244 499.963540 549.290267 604.373949 607.249308 534.338972 401.626715 207.299861 231.972359 350.084421 333.564017 266.093958 339.903588 396.824688 432.625172 389.866786 304.756991 438.939438
0.000000 6.621240 24.806888 32.108552 19.201688 2.140804 5.692815 8.664355 4.216378 1.128914 2.027488 0.113962 0.000000 0.000000 0.000000 6.999880 27.381621 40.875852 36.767784 18.554792 1.218152 0.037196 27.194014 170.140108 297.667025 352.486803 678.535770 862.721755 699.184789 286.767574 217.227537 264.144701 252.189255 199.647446 106.772130 33.707801 28.802774 40.721041 117.328720 222.932600 342.685119 423.747861 432.547209 488.759711 710.815536 877.691775 780.918839 464.486411 200.483348 226.059592 400.269010 391.075346 234.659710 189.424582 273.907934 285.202271 317.660401 434.902527 730.805506 920.259999 856.834816 636.604489 536.533184
19.148813 53.473546 61.963009 43.021145 21.471592 13.422484 26.870886 29.495377 20.619039 4.853044 0.000000 0.000000 0.000000 0.000000 1.751427 16.446958 41.062591 53.393787 44.477201 17.731999 5.824473 13.589360 59.418725 345.674095 560.810683 873.324121 1460.469127 1804.570236 1510.565694 760.672931 252.269508 217.663724 177.672272 121.877272 59.521080 26.872956 47.754334 72.395288 123.252156 216.028606 306.798312 381.386372 393.351793 521.351143 972.579777 1350.659800 1268.063158 730.323672 191.933238 272.329871 549.695390 644.863129 546.454751 444.653526 467.864459 516.619888 571.764422 805.097641 1187.668258 1461.788230 1657.276411 1487.628520 1024.254584
67.833413 116.649145 119.088762 74.323005 61.654927 122.241936 145.193113 92.291423 31.644492 10.515029 0.000000 0.000000 0.000000 4.974432 41.773813 77.322684 93.993071 73.159385 44.588807 17.090386 20.022454 40.272636 341.727549 895.001790 1193.410445 1555.684927 1974.608371 2152.511269 1792.176284 926.138607 285.373544 170.282123 115.029384 161.011944 193.078994 144.469007 87.897425 129.705311 259.654677 340.516501 312.092745 263.796146 260.475307 423.825036 959.542239 1423.470607 1379.434329 863.850406 380.808002 513.992629 758.487905 798.885280 718.701025 627.570484 699.520893 873.296261 1128.516168 1420.516222 1686.452579 1766.227922 2058.403839 2002.873055 1484.970302
89.956725 136.220094 132.333446 87.131967 140.581798 244.794663 273.104705 184.534618 51.730427 8.035542 0.000000 0.000000 0.000000 23.649362 84.371684 132.699926 135.165033 90.664531 36.327314 27.373505 59.586785 146.430926 599.437488 1209.618948 1486.058424 1536.517409 1631.687897 1611.577943 1293.394031 597.294880 243.544715 159.431171 189.093222 362.076958 453.439973 358.985968 196.675185 213.170341 416.140905 532.940065 455.170451 256.369730 140.198693 210.248812 689.705912 1156.358457 1148.708893 796.016671 495.870637 629.086450 791.623982 725.598086 636.647083 724.394347 954.614139 1252.190271 1586.518668 1769.121231 1794.422274 1627.507673 1729.601424 1768.774424 1422.817378
70.416001 100.864686 90.375352 61.502823 163.175136 290.083847 309.266130 199.796503 49.567414 0.958454 0.000000 0.000000 0.000000 32.195560 103.920043 153.919899 140.061431 79.949582 31.117501 43.709787 130.576323 244.674704 571.427012 1027.636513 1185.111230 969.169727 658.815244 578.126963 405.425982 179.635482 143.614265 115.654663 272.642357 524.683756 619.991357 480.089101 254.571486 225.875203 474.923004 641.630958 591.984696 363.546644 161.934184 170.642193 391.383023 705.860122 727.651325 611.584866 599.227623 898.507292 1357.946339 1200.740866 811.649465 813.196817 1040.294473 1332.464172 1744.868184 1830.386382 1488.072255 996.532410 861.761747 996.674549 930.528354
24.391841 40.988810 30.301080 17.018245 120.475826 229.150904 233.603930 130.718899 13.555627 0.000000 0.000000 0.000000 1.464110 31.755262 165.631348 249.998355 198.041993 59.595133 18.550614 52.623325 155.525801 271.899014 349.257050 516.625724 552.966139 398.396291 174.722699 99.980588 54.493493 55.755100 63.103273 100.445510 240.865433 479.878141 559.361374 405.808535 186.693687 147.973684 376.253240 548.885793 541.821658 356.767999 207.569591 177.615200 347.660425 563.889662 590.127562 542.387846 813.963905 2041.808972 3060.573777 2870.642432 1821.859138 1066.571119 988.404962 1157.630388 1552.848584 1632.080930 1233.274689 603.809141 409.891555 513.972349 511.380938
0.642568 1.376220 0.009396 10.666315 43.254356 101.122383 109.966692 52.071852 10.363820 0.705664 0.000000 0.000000 1.914795 79.631760 249.769120 344.916347 278.141525 107.391658 10.065332 43.531820 113.808697 203.941576 217.727752 267.360146 897.299389 1470.746371 1081.629763 319.363440 79.097415 42.691976 57.050980 104.373862 164.175988 267.783502 305.476603 205.660258 88.321202 72.899341 195.638860 322.931787 356.733380 276.435479 211.986193 265.256789 470.246353 660.622550 639.509879 524.277367 1085.098279 2883.518934 4250.700018 4130.001187 2674.936171 1204.509518 810.637974 910.511723 1113.543276 1208.411720 958.023128 522.507442 390.873401 437.898390 445.356385
0.000000 0.000000 0.000000 5.322265 32.187219 86.143720 92.282405 48.642322 26.103117 7.633230 0.000000 0.000000 0.012058 90.114938 268.178037 359.487440 297.465809 128.712656 5.883151 21.504496 60.639867 102.375540 161.560116 1171.846026 3598.569480 4944.180243 3969.203322 1618.022060 266.974117 127.117155 127.994862 160.871825 161.386316 144.407812 126.058178 83.791349 57.037159 56.411765 105.017714 158.697940 173.125326 157.258400 200.018947 342.867064 547.805379 685.333226 640.370155 511.995050 985.362222 2582.430002 3857.498083 3739.187297 2317.016669 895.157879 512.553936 572.637258 871.520425 1044.671509 918.631984 591.152162 440.899546 362.813755 320.769555
0.000000 0.000000 0.000000 9.304720 109.507386 218.646756 250.881532 144.767460 32.055886 10.484067 0.000000 0.000000 0.000000 48.239197 188.598831 257.128319 196.617895 70.767223 0.009098 12.014514 38.240102 68.699390 284.716511 2267.167684 5576.607261 7246.253337 6000.465708 2788.816266 533.897678 242.211453 260.358522 265.080870 223.406412 156.119875 103.839207 84.859187 58.346374 88.806513 140.006427 137.993378 86.044870 50.220654 159.670608 314.152255 508.827459 625.610594 580.920865 492.910189 599.045893 1386.726524 2149.451657 2033.717719 1137.425066 489.023932 333.400325 404.721352 740.905204 946.121028 836.061261 565.514365 396.321490 262.173014 147.561407
2.893082 0.000000 0.000000 38.243131 196.019358 421.272641 504.441140 356.258130 101.004618 5.131496 0.000000 0.000000 10.837960 43.892109 96.512868 122.187508 67.472244 2.337611 0.000000 9.622984 31.945266 61.082953 254.931030 1981.804189 5022.294039 6554.213746 5354.196978 2390.766185 486.901380 293.921267 326.510281 322.976866 265.915175 197.860046 137.879916 98.336650 65.015086 113.973023 169.910463 181.072456 137.968843 56.833740 90.187037 188.676707 279.538515 363.688876 356.552260 366.490761 389.365404 457.889426 608.326735 532.495767 353.628447 300.527653 288.515431 429.832572 685.491814 843.908590 777.773546 491.396012 248.882015 109.763662 22.956438
5.011108 0.000000 0.000000 30.526472 230.283569 506.436294 607.517591 452.444136 165.496936 7.703960 0.000000 0.000000 25.158886 71.132303 90.046308 71.025237 31.459948 0.564907 0.000000 2.610279 16.982222 45.289232 118.743863 812.026954 2488.062096 3436.806091 2579.174263 891.474863 293.434570 261.502220 281.046553 267.271926 220.409759 178.123524 138.848060 95.352064 52.112356 92.790572 157.204414 215.809078 198.032874 114.535732 65.042973 58.467044 69.797991 135.646124 206.640184 266.316944 296.920318 256.714935 220.848449 216.725008 260.349898 266.718974 240.349914 391.264043 612.771866 680.443535 557.895533 277.225770 88.677893 15.975029 0.000000
1.098577 0.000000 0.000000 1.424725 134.808997 378.937441 477.387534 358.006897 147.803081 7.355720 0.000000 4.965824 35.143223 80.328888 94.450075 66.631115 23.366433 0.000000 0.000000 0.000000 1.280052 32.774151 156.266265 416.551023 637.789808 689.931262 488.517598 301.195101 236.223568 177.169130 161.044830 154.069552 112.192060 94.117119 98.091194 98.096864 132.908163 174.397101 187.646150 215.706446 225.189284 235.128297 221.927374 163.281723 151.245673 175.271840 231.020207 236.502778 192.356369 190.958233 220.442719 266.481343 300.227090 267.286831 227.803113 396.129753 558.220913 451.167366 234.291822 48.775834 3.630332 0.000000 0.000000
0.000000 0.000000 0.000000 0.000000 15.020796 136.646835 214.574221 174.306054 60.073129 0.000000 0.000000 10.627636 32.188718 60.386205 66.089349 38.422484 4.235559 0.000000 0.000000 4.001545 15.959038 86.983757 611.544797 1087.985158 1098.592408 731.521300 437.709058 622.615434 695.473992 432.202968 224.681205 191.260973 116.547849 62.899081 106.826550 243.546080 386.517315 461.204945 558.900781 518.322227 388.662199 373.439111 399.851901 393.147421 411.798886 365.806559 333.293492 273.292950 210.815700 258.010577 347.339866 420.337285 398.172204 297.721472 479.167098 802.301796 918.358118 600.287238 113.000503 0.000505 0.000000 0.000000 0.000000
0.000000 0.000000 0.000000 0.000000 0.000000 6.304305 31.324436 19.893138 0.004254 0.000000 0.000000 8.087694 26.774155 36.689083 30.674542 12.107416 3.725143 8.352867 6.120275 22.244098 114.413793 587.584296 1469.953449 1863.747508 1632.060864 1089.846093 850.024202 1653.366923 2027.501466 1589.795505 760.653214 346.931938 227.631117 106.234318 135.275713 351.354799 582.808061 933.969883 1156.991598 1053.838085 733.532428 448.755044 430.507758 483.348241 502.774300 448.416347 385.222410 291.970468 242.530443 310.212695 383.092511 456.188096 415.497786 359.679255 802.782017 1279.692050 1379.081975 946.447899 255.979268 0.212882 0.000000 0.000000 0.000000
0.000000 0.000000 0.000000 0.000000 0.000000 0.000000 0.000000 0.000000 0.000000 0.000000 0.000000 0.960512 10.959709 17.583947 13.165194 6.728070 19.687205 29.129682 25.725880 83.095226 487.243122 1252.734820 2134.769747 2342.122447 1753.013599 1020.573509 1170.239237 2368.214195 2933.593862 2475.553848 1312.084574 451.117397 261.276687 115.400045 107.737321 299.600198 564.007425 1050.612982 1346.573653 1227.122013 821.027473 383.927032 285.697893 343.516510 350.911810 318.959182 283.963682 205.857043 171.281937 234.847901 279.624115 305.313521 298.202234 333.271694 835.407132 1440.768535 1593.998689 1113.549337 373.969403 17.746925 0.000000 0.000000 0.000000
0.000000 0.000000 0.000000 0.000000 0.000000 0.000000 0.000000 0.000000 0.000000 0.000000 0.000000 0.000000 0.000000 0.777538 0.100392 9.538821 30.210135 41.686911 42.744103 137.572930 697.150057 1434.504970 2028.405752 2029.374541 1315.903370 548.706861 882.975838 2071.191189 2673.365660 2263.944037 1142.143301 348.587662 172.137904 51.082884 55.088239 134.539187 283.355724 659.310219 963.108811 917.757355 577.574204 164.133972 75.244628 92.638347 111.469691 106.774074 87.569812 88.134742 89.258730 101.637925 115.006957 105.475936 124.627649 272.624875 655.692113 1392.513839 1693.589816 1180.660214 392.854454 59.125187 0.000000 0.000000 0.000000
