InitialVersion/ascfiles2/tmp_kdeout6.asc
ncols        704
nrows        293
xllcorner    827.296065
yllcorner    924.742280
cellsize     0.500000000000000
NODATA_value -999.000000
[rows 56 to 83 of 293, columns 126 to 188 of 704]
10.377947 40.876646 64.125952 58.787150 35.832321 29.077513 41.073620 42.247594 30.317484 4.097931 16.237907 126.704102 245.702506 255.590747 163.410064 61.098644 38.598371 22.984980 3.717418 0.000000 0.000000 0.000000 11.234403 170.161307 592.140794 995.979728 1038.034435 738.453637 391.415277 247.917549 320.946436 600.629983 818.370566 1022.520367 1266.847250 1557.306302 1358.283471 774.515137 783.374054 1482.417851 2332.592977 4146.606583 6869.402380 8368.492470 6232.660512 2214.312222 1626.053676 2864.085577 3965.904551 4965.818591 7079.246213 11603.416645 14855.994509 13146.553411 7540.031079 2404.505421 732.024268 1160.885481 2769.009466 5734.408589 8481.729463 8421.614077 6684.877630
21.523082 37.409753 40.748542 30.595506 16.899379 25.042421 37.178089 32.979938 15.527835 1.909677 26.423133 136.928888 234.604847 235.972274 152.530305 52.987021 23.680260 11.864783 0.334460 0.000000 0.000000 0.000000 17.070456 219.669292 654.458622 1068.269966 1322.462074 1153.751055 595.897331 322.819026 837.508311 1651.112155 2032.239700 1884.124068 1983.506499 2458.154721 2255.913408 1496.499885 988.598141 1664.832520 2802.104920 6174.117962 13195.799600 17318.427013 14241.453235 6739.329922 2778.802861 3780.916853 4593.503142 5354.532600 8379.482342 15086.971601 19333.317435 17148.489471 10381.548053 4561.068951 2230.995628 1820.167482 1843.085318 2797.500626 4610.702742 5037.443287 4596.906366
34.964787 39.433785 29.195140 9.910936 1.485098 10.530301 18.819858 16.181598 16.392066 34.567590 55.750108 114.799044 176.215623 166.348747 87.377195 20.166744 4.575906 0.418716 0.000000 0.000000 3.411516 8.988840 26.247985 173.624405 514.110092 1408.885901 2478.912188 2519.279183 1586.815482 582.587622 1458.450988 2586.349737 2904.097556 2491.856838 2353.045290 2799.876399 2843.840394 2257.561109 1408.057440 1515.885876 2610.661231 7136.817913 16670.983892 22372.545865 19424.758539 10709.279877 4254.305634 3915.432511 4214.277473 4215.832185 6875.566435 12657.746161 16516.004631 14997.754474 10490.351833 7237.184350 6424.511267 4925.625157 2695.282612 1774.226697 1975.680083 2324.115642 1912.915461
40.682945 38.782678 21.428738 2.505737 0.000000 0.001454 1.279788 50.410446 213.774419 320.387906 250.898663 112.342512 91.596930 64.153534 27.403840 8.428597 0.000000 0.000000 0.000000 13.065276 43.602447 83.427027 101.361929 146.473100 555.955407 2103.831928 3583.146363 3675.842977 2438.472167 973.513502 1404.836124 2516.385856 2678.296680 1957.607192 1594.304071 2044.896044 2329.889739 2108.353190 1467.831881 1310.243590 1965.879781 5531.657666 13882.411032 19307.792707 17275.436430 9953.535107 4004.369383 3416.891766 3378.000367 2927.388438 4209.493893 6979.299465 9236.680305 8736.436836 8060.099418 9087.193966 10071.862457 8201.756955 5074.883636 3233.659829 2008.982743 1170.095899 1212.692500
29.124691 27.520362 13.304474 0.361638 0.000000 0.000000 4.992260 257.751765 818.504286 1191.641818 814.355151 268.243003 73.669174 27.784167 5.612061 0.149849 0.000000 0.000000 1.659028 41.023551 110.633054 175.250180 177.147329 218.501137 674.255495 2162.113612 3576.353149 3680.964089 2414.763591 843.035680 757.614856 1503.330548 1598.509638 913.742819 428.119911 866.229911 1222.631139 1210.222211 1123.779208 1300.695616 1486.631733 2808.973213 6959.430959 10662.001442 9433.365331 5122.633849 2972.134885 3377.867370 3027.722678 2566.377349 3017.763874 3835.438906 4893.390531 5168.792958 6504.709953 8963.062512 10110.475997 8861.987557 6752.587750 5374.101004 3852.932076 2302.812164 1904.270644
8.805640 8.683709 3.816881 4.400293 10.850628 13.981738 58.845510 798.830783 2619.861784 3637.319496 2807.745962 897.790301 75.859014 14.379875 0.029701 0.000000 0.000000 0.000000 5.093673 56.633792 135.711989 203.006561 198.708772 212.412805 548.526734 1377.966423 2387.545108 2377.185716 1416.163089 453.043567 340.635104 441.015213 411.546689 161.999156 56.275224 191.688016 312.003449 450.693482 796.992523 1376.857912 1845.908994 2133.821300 2488.720102 3018.295547 2564.336328 2559.068585 3954.983044 4663.372016 3826.772088 3030.018821 3331.814544 4148.166594 5347.168689 5412.065845 5803.491709 6402.968261 6509.135642 6407.192829 6675.346847 6718.017258 5394.304073 3316.943583 2419.100338
19.252743 77.840469 98.980464 72.741069 45.662740 61.905731 130.879244 1519.846507 4212.217596 5665.622166 4618.279894 1876.503894 125.146770 12.654837 0.000000 0.000000 0.000000 0.000000 4.685241 44.434909 102.944860 150.855621 159.134615 167.126566 435.810845 801.254619 1062.130540 1015.524502 1002.340927 1863.414960 2036.280009 1180.293598 204.800460 149.182003 306.402783 335.574045 244.053815 342.705025 894.221209 1640.660014 2110.433210 2273.216522 2001.124815 1704.067648 1686.627633 3381.113219 5409.136362 5860.553558 5051.951563 4939.370930 5484.891852 6086.595078 6161.691010 6009.473912 5108.028122 3727.404477 2784.109417 3506.284164 5114.570395 5980.978502 5057.003476 3200.432228 2682.435544
82.963119 184.903507 219.479640 179.149516 103.544877 92.245797 131.383952 1433.573240 4309.549869 5926.480228 4932.022037 2140.567033 139.282591 4.096806 0.611637 0.000000 0.000000 0.000900 3.616898 34.228852 72.806269 105.564922 196.898341 322.038237 604.771633 841.577542 992.439130 1301.002162 2757.963967 4566.898530 4740.178944 3161.728759 1135.427670 567.183318 761.714604 727.075659 631.319998 1270.021052 2477.250220 2936.567023 2430.532809 1921.678863 1643.852192 1437.832451 1675.007113 3355.947922 5194.849164 5727.272028 5670.771227 6006.281305 6890.993892 6876.190294 6016.030846 5267.954760 4438.592069 2699.594501 1661.664057 1734.975973 2845.968457 3560.635193 3205.177030 2543.292409 3446.831099
106.862454 220.139702 254.471934 205.493233 113.732082 79.983186 79.529532 647.880970 2831.599671 4213.650604 3521.979330 1441.129645 97.357235 14.927790 16.838482 9.684341 9.737443 13.210544 16.232890 45.635036 83.919737 145.307923 324.678863 533.905553 959.114646 1086.117877 1168.270545 1712.296263 3624.355022 5697.488622 5893.135647 4054.018851 1692.633986 843.595075 1000.396258 942.079647 1170.005836 2459.067011 3939.769900 4162.294145 2926.175521 1476.228426 1020.834251 1065.989208 1272.663011 2184.775762 4141.814748 5184.329067 5518.615115 6038.547710 6601.666627 5626.214356 3794.525306 3012.279834 2795.982860 2141.617131 1624.331869 1114.841592 1115.903857 1435.348447 1856.373040 2317.896446 5137.422463
64.493169 157.091475 188.117982 144.025478 65.282619 38.832322 30.609377 141.530066 953.183318 1767.426623 1510.619465 627.184127 82.783153 32.917052 35.726447 34.510318 53.050327 71.588572 67.059787 72.637600 107.766189 193.186546 430.728925 1257.754917 2026.521270 1952.989125 1303.136956 1301.291631 2754.989096 4542.747954 4646.804989 3034.681578 1137.163594 741.534808 917.562299 848.610389 1181.270922 2621.243622 3993.469701 4041.675333 2696.689576 1133.880410 748.340964 920.999246 1116.899513 1569.660519 3250.904787 4446.334423 4955.575242 5540.203197 4891.355808 3613.914924 1660.360632 1243.406550 1651.161680 1786.482144 1408.381951 799.148805 515.197669 790.054510 1489.256852 2320.630542 4937.449927
4.848919 53.363177 99.185402 83.455318 48.653026 22.890051 3.285844 18.454067 310.024104 620.984223 592.037269 262.040846 36.431304 37.986462 41.345281 71.478989 141.935547 188.103938 160.144723 101.676182 104.404021 175.697524 647.086505 1988.195848 2874.377323 2648.151954 1575.073824 897.818104 1550.582277 2409.574150 2361.712045 1537.130536 821.706888 808.608751 654.387569 477.021300 577.470567 1591.539765 2621.001351 2665.069311 1737.659464 864.169500 777.093939 943.019277 1049.002994 1432.143941 2943.216848 4055.959647 4417.327363 3987.230560 2790.536570 1799.216090 921.855543 728.614096 1021.679787 1149.682744 1081.331853 1050.475844 995.148579 1123.391151 1655.140098 2183.678636 3920.274331
5.694578 36.119885 82.346042 98.605759 74.722300 34.031985 1.399913 2.759225 38.093950 113.101108 108.421224 38.832816 13.674043 26.435867 53.637435 164.086018 284.688772 314.516222 249.694689 156.936945 117.269028 133.879430 588.323474 1948.730959 2864.926104 2678.721587 1724.391523 1017.828073 1373.581835 1559.184131 1444.856766 1442.888069 1361.541339 1146.710228 650.845262 209.303197 154.185838 340.692745 759.840387 887.353756 787.829654 837.855261 870.266299 1162.389061 1459.534474 1594.963704 2184.571989 2793.782405 2874.400423 2338.696431 1656.884813 1258.531277 589.753016 394.751048 594.827953 766.005276 1018.651761 1395.793199 1664.624840 1698.635383 1645.842963 1688.349301 2857.335618
14.303133 47.228895 91.867632 104.329676 74.390582 29.148832 1.281019 2.756570 1.343965 8.405211 8.263584 0.320194 2.697456 24.792217 107.406387 239.894592 363.060475 369.709200 279.287302 202.270084 164.921913 149.115375 255.831003 1229.985774 2140.088866 2115.251631 1947.604954 2004.958874 2269.376076 1877.847106 1731.579643 1836.299476 1700.123443 1307.910325 701.990313 140.388131 75.478028 72.756761 167.454836 332.323901 698.858342 1009.826114 1116.987493 1497.613994 2381.641311 3040.494983 2658.691143 1811.426625 1049.783928 892.866095 1410.064506 1478.680518 930.062978 604.755958 746.388966 908.967995 1227.316401 1829.322082 2683.148943 3031.401728 2515.939931 2020.178791 2304.495183
31.340670 73.966443 100.964146 83.608575 41.078397 38.147681 63.800119 40.920291 24.272836 2.607959 0.000000 0.000000 11.127586 41.649056 146.021018 271.277290 348.204028 320.577710 231.113533 180.080206 195.936552 215.257921 443.424279 1684.526636 2746.386414 2675.175456 2715.333196 3240.200178 3185.221352 2402.332793 1663.480137 1674.950900 1496.158774 1047.037453 452.223210 85.931245 107.328575 144.536663 220.526232 462.701239 998.151648 1447.916711 1587.921564 1963.510529 3380.652439 4666.055906 4383.536733 2763.347504 1135.117504 1218.149831 2255.030220 2672.464417 2258.045677 1523.164484 1410.882398 1507.746979 1834.990804 3075.164919 4201.467837 4542.471089 4953.630084 4741.618075 3905.845849
105.113416 147.336325 134.348418 77.159174 166.837020 487.728973 581.792061 341.205769 68.636412 16.807537 0.000000 0.196304 15.367538 75.428291 345.061885 552.314505 503.720971 260.028867 138.129516 148.424628 202.803739 311.731788 1652.405921 4149.195848 5430.764866 5077.461539 4004.205846 3618.708672 3226.906737 2373.028238 1537.950940 1338.749518 1105.227656 938.977131 889.766826 650.306624 351.534920 334.448654 824.183357 1433.061889 1838.850094 1825.056477 1715.491483 2078.547904 3503.695052 5006.015381 4962.001742 3419.682665 1781.935289 2031.457722 3093.916665 3466.936474 3073.881608 2313.284121 2180.917533 2625.395959 3827.214181 5526.045607 6292.566993 6002.885828 6850.074185 7208.131551 6238.423050
157.212075 187.610791 159.936651 115.845224 533.757011 1055.580441 1175.129785 780.812547 206.517305 20.705716 0.000000 2.368356 25.017446 244.716970 661.818721 906.522887 759.665481 345.916101 76.361809 100.358213 195.308106 516.947264 2608.572295 5520.264686 6824.934792 5914.660371 3996.329655 2788.893350 2362.874383 1712.527300 1310.786677 1147.744949 1105.240731 1546.790261 2003.512904 1695.692238 907.853705 760.594747 1597.281106 2369.714483 2639.847032 2104.490899 1568.494870 1704.299814 2975.450694 4399.762704 4355.656457 3243.529200 2022.947343 2195.623996 2959.238280 3073.342276 2852.075092 2899.038219 3341.711812 4367.413613 5926.297180 7173.591447 7273.103454 6379.607412 6637.603307 7228.062091 6704.734176
136.527855 162.085402 131.315490 130.975571 651.120612 1213.653440 1327.487715 890.716209 237.291935 9.103305 0.833938 15.302992 62.631396 365.932936 873.646727 1142.934104 922.234767 417.035303 61.672820 57.740932 230.764399 636.864887 2301.969283 4603.579509 5558.710928 4410.485588 2247.309753 1213.100753 917.241071 748.932312 851.540987 835.059252 1121.467740 1930.496435 2529.488898 2188.676566 1198.974921 883.184651 1807.008548 2548.181132 2644.939282 1903.202805 1276.234638 1442.874911 2245.253428 3190.121426 3098.758699 2490.670710 2231.434224 3528.016138 5409.448085 4956.135456 3370.910668 3247.320268 3963.937706 4953.245396 6542.999308 7170.857722 6311.969178 4471.633019 4043.580193 4855.842993 5138.584868
61.422543 76.812388 52.726787 39.164823 404.841901 853.471688 928.648252 560.740149 82.127337 5.603493 11.531471 30.496504 87.034357 348.685721 1307.598562 1870.582573 1444.127626 443.743513 31.488137 37.033439 335.197232 813.267018 1331.102017 2376.387262 3060.477669 2867.747688 1426.033201 591.139333 302.592773 381.188213 623.398668 702.128481 879.397024 1566.768063 2028.833114 1759.391044 898.161829 484.552609 1274.771405 1919.734250 1821.583209 1181.857371 892.902941 1267.314589 2223.830964 2809.897946 2583.464198 2225.103234 3936.100959 9263.208349 13225.070257 11967.036062 7160.957400 4227.237518 4030.467158 4548.591463 5479.520739 5681.573817 4464.761296 2492.826959 2183.192895 2819.343656 3171.146344
17.244097 10.163779 4.077352 22.739072 104.848248 291.427739 310.975021 124.794395 24.229614 36.835148 51.952245 54.160734 88.412368 599.814185 1817.291867 2484.059653 2001.623766 791.965173 39.745912 85.329967 370.457495 792.247781 1034.460412 3019.377172 12116.067083 20389.633398 15591.597819 4856.691699 929.247552 627.792990 751.708421 789.616130 696.123966 830.013331 983.302322 799.360802 338.892471 128.057531 457.966808 875.579543 941.409309 708.970859 901.385146 1796.002634 2995.095198 3434.406195 2869.418553 2497.168082 5896.651646 13883.021996 19360.632241 17913.620066 10777.099845 4741.473309 3413.150576 3608.714079 3722.215257 3418.991479 2672.654700 1869.270412 1750.866902 1983.312023 2232.051255
25.814149 23.560629 31.380973 74.299854 112.352477 183.589634 172.192157 76.057572 83.045628 142.971954 203.913930 204.112037 173.703262 750.512544 1917.159142 2492.533161 2066.413811 934.959954 190.626432 365.038853 531.678262 669.086518 1973.774465 15772.019490 47384.693867 65547.070155 53043.125412 22597.106373 3896.067464 1684.254992 1442.421121 1454.275440 1227.498410 897.185680 825.065302 648.722531 330.956178 164.323164 309.939754 455.657694 565.099139 630.081886 1241.199472 2389.889862 3543.251673 3901.909858 3194.287366 2710.391905 5636.616750 12934.060712 18225.503264 16983.055750 9901.477366 3827.353986 2347.230066 2573.289487 2785.729809 2558.694504 2485.024329 2288.486654 2002.415163 1462.772330 1350.557470
42.603401 45.325797 80.770640 166.328637 379.723723 605.769570 680.534327 387.538961 140.841886 299.003278 410.133913 433.518571 334.466956 569.098917 1516.403596 1917.703665 1452.982013 604.865233 516.367180 834.678649 887.242685 1027.370587 4451.599119 29860.993060 73204.902823 95396.917089 79342.496895 38107.266791 8151.325941 3183.103094 2611.418377 2273.320064 2046.846308 1797.125444 1578.556553 1321.828645 810.211411 746.211108 982.619481 992.290746 769.413126 586.923155 1354.643347 2358.027940 3360.551894 3722.249945 3218.133053 2776.024539 3621.948604 7337.802864 10635.034400 9734.245008 5300.676240 2353.529277 1933.322625 2217.457309 2269.334462 2147.818254 2177.434544 2260.129306 2029.810682 1199.212396 499.699472
80.674112 51.557971 107.754477 251.628774 695.014099 1360.965924 1585.678383 1134.233904 415.665853 331.385384 465.747520 507.615445 466.672420 617.878738 1024.919118 1141.625136 662.477507 390.972023 922.794177 1209.962385 1219.147127 1354.002846 4299.549433 26564.647389 66315.794194 86734.546583 71145.746685 32805.740931 7290.597782 4006.853680 3390.544013 2717.109773 2384.999846 2317.187387 2077.457003 1648.921385 1166.352716 1260.475746 1549.971160 1520.221874 1084.021972 539.589211 828.904061 1436.417023 2060.060244 2346.847742 2241.296104 2278.175005 2266.179119 2731.818022 3633.095827 3333.332943 2201.446295 1450.383601 1586.648461 2012.691673 1929.830740 1756.991853 1838.729011 1827.176458 1395.350859 578.882024 61.080630
167.136651 34.366518 90.292706 198.853532 832.437716 1704.618614 2012.659243 1537.084928 619.440427 232.527607 349.082837 392.796964 500.147775 798.432731 972.621930 809.579911 610.416704 708.850653 1201.544944 1416.081226 1236.776844 1215.870914 2475.860329 12676.001956 34378.597313 46744.217860 35405.308686 13187.645647 4168.186578 3641.652679 3143.396580 2518.670941 2106.572542 2159.715033 2005.164928 1571.098420 1015.101981 1140.135174 1535.186903 1592.018333 1125.860422 502.801176 360.396341 530.801348 658.458721 837.344745 1268.079065 1684.704860 1673.053579 1571.555541 1676.725000 1803.368818 1625.901539 1171.176507 1204.154163 1680.277642 1737.798451 1367.907005 1142.258995 944.727455 540.000183 88.983258 0.000000
188.380220 20.669191 38.170134 75.999060 529.252866 1327.391294 1650.104438 1260.112862 494.831148 72.281855 160.879374 245.222193 403.145458 745.253552 903.685498 717.688734 646.709207 818.217897 1115.910070 1149.792840 816.125045 842.711178 2896.109066 7128.062430 11445.095454 12654.330825 8644.723793 4676.774549 3565.499481 2852.958193 2201.273434 1757.199337 1462.501230 1542.044133 1636.367044 1419.099794 1199.240718 1388.292601 1551.458274 1372.827389 920.946173 757.415846 997.167412 1052.783282 985.417259 782.708224 823.650026 1003.196316 1020.870583 1283.708553 1636.231880 1870.639501 1603.756344 1151.659426 1073.275115 1371.020601 1440.105176 900.635372 392.824011 124.462803 21.153827 0.000000 0.000000
129.047537 4.832812 1.177581 12.782165 87.925822 514.159284 777.037460 593.479650 166.696031 13.711230 71.250525 200.396730 332.634382 504.603426 567.272013 388.337985 347.730761 670.786665 838.985828 682.768960 389.049098 1022.175253 7330.955775 13598.067734 14624.959642 11265.733674 7935.431393 8935.023586 8746.676972 5083.798330 2282.917509 1483.462476 1306.259805 1603.282329 2004.087589 2502.578881 2970.347240 3192.923015 3565.804086 2831.478844 1649.278206 1382.568787 1851.761984 2430.196074 2485.883931 1778.624665 1142.905904 797.793040 851.899046 1519.243559 2147.444222 2405.450733 1920.927998 1249.808959 1446.779081 1755.483395 1781.675610 1073.070795 188.277212 0.666678 0.000000 0.000000 0.000000
22.364505 0.000000 0.000000 0.000000 0.642083 29.460056 106.297090 59.297912 5.501048 29.793989 74.825573 172.234844 264.585396 268.641021 206.451627 95.745773 89.899208 304.873464 415.695317 331.769020 808.785537 5680.459406 16024.341232 21489.306397 19790.184588 14220.504217 12453.681674 20349.619866 23216.461487 16553.587977 6370.604952 1807.462213 1489.573056 1822.448653 2451.233187 3548.813121 4659.919515 6025.819731 6629.354530 5484.217048 3339.933669 1873.531501 2118.501243 2970.182979 3096.559194 2318.590560 1512.923095 908.858134 991.375222 1652.905623 2137.145743 2284.109627 1849.175423 1613.751953 2414.909491 2871.014304 2595.112948 1642.957215 407.877009 0.024640 0.000000 0.000000 0.000000
0.000000 0.000000 0.000000 0.000000 6.524802 25.569077 37.345475 32.694270 15.135210 27.127995 64.025029 89.899091 125.479791 116.538298 74.891674 25.906946 37.064033 59.512922 109.957842 322.107639 3780.207111 11648.702895 21999.480958 25459.199289 19521.935639 12257.320031 14985.218190 28176.076828 33337.127569 26012.488150 11703.966705 2600.733132 1382.872020 1485.546409 2016.302102 3170.575605 4603.639247 6499.511160 7335.083066 6125.124652 3706.742537 1602.546417 1389.730316 2133.735267 2296.144153 1770.459749 1201.310130 671.771849 707.171350 1260.573577 1563.890171 1580.302138 1498.188617 1747.902891 2881.234202 3682.428586 3541.669145 2264.433705 752.381479 42.091018 0.000000 0.000000 0.000000
0.003585 0.000000 0.000000 0.000000 8.178035 28.750449 41.170850 36.279509 17.491901 8.891678 32.160232 41.609400 27.161593 5.614100 0.574079 1.013045 10.025856 63.327372 147.568805 635.391091 5407.004989 12718.992879 19881.886853 20860.443658 13607.532948 5961.203611 10898.509077 24498.634706 30610.254598 24636.167082 11029.283846 2268.522149 830.400446 690.038806 1055.920760 1661.424262 2541.089074 3989.377532 4950.081733 4297.180120 2477.292010 641.123679 314.861331 620.587224 799.149713 713.143399 424.869867 309.229682 315.051732 496.413167 680.125655 629.152818 767.167360 1706.386951 2949.680109 4801.873533 5469.184155 3917.742218 1491.603375 210.281318 0.000000 0.000000 0.000000
