InitialVersion/ascfiles2/tmp_kdeout43.asc
ncols        704
nrows        293
xllcorner    827.296065
yllcorner    924.742280
cellsize     0.500000000000000
NODATA_value -999.000000
[rows 28 to 55 of 293, columns 315 to 377 of 704]
0.000000 0.000000 0.000000 0.000000 0.000000 0.000000 0.000000 0.000000 0.000000 0.000000 0.000000 0.000000 0.000000 0.000000 0.000000 0.000000 1.612519 6.236919 21.785447 41.903305 103.173577 276.431831 488.549700 597.042725 541.409181 373.751979 217.490102 101.762888 20.479311 0.000000 0.000000 0.000000 0.000000 0.000000 0.000000 0.000000 0.000000 0.000000 0.000000 0.000000 0.000000 0.000000 0.000000 0.000000 0.000000 0.000000 0.000000 0.000000 0.000000 0.000000 0.000000 0.580834 9.970311 16.853685 22.845961 27.302241 11.693328 1.743686 15.541100 51.793542 70.626429 57.210473 21.866801
0.000000 0.000000 0.000000 0.000000 0.000000 0.000000 0.000000 0.000000 0.000000 0.000000 0.000000 0.000000 0.000000 0.366555 0.148942 0.000000 0.000000 0.988921 17.877317 81.408832 363.486674 819.559205 1281.290796 1356.441208 1038.419530 594.966063 226.292630 82.991018 7.155995 0.000000 0.000000 0.000000 0.000000 0.000000 0.000000 0.000000 0.000000 0.000000 0.000000 0.000000 0.000000 0.000000 0.000000 0.000000 0.000000 0.000000 0.000000 1.215587 9.432755 12.904694 7.105586 0.084820 0.000000 26.941781 117.293852 172.929578 137.232425 44.186647 8.041940 19.027376 31.016191 22.363683 3.390976
0.000000 0.000000 0.000000 0.000000 0.000000 0.000000 0.000000 0.000000 0.000000 0.000000 0.000000 0.006889 7.611624 19.255381 30.143403 36.205297 28.879945 12.181279 17.089199 144.585658 572.973334 1195.074031 1737.954367 1758.647765 1250.932521 655.582845 274.300656 168.131433 70.709859 1.784769 0.000000 0.000000 0.000000 0.000000 0.000000 0.000000 0.000000 0.000000 0.000000 0.000000 0.000000 0.000000 0.000000 0.000000 0.000000 0.000000 0.000000 10.761524 27.554296 33.295784 23.460170 6.096845 0.180383 81.728472 223.491240 302.716383 255.531970 115.984640 17.654607 1.010751 0.472121 0.000000 0.000000
0.000000 0.000000 0.000000 0.000000 0.000000 0.000000 0.000000 0.000000 0.000000 0.000000 0.000000 4.757507 24.466661 58.052472 106.670382 138.022449 136.135999 136.642983 111.130547 162.294538 508.740750 1011.785528 1448.036045 1419.802563 953.491159 562.996385 460.609238 481.585874 322.477200 83.390402 2.602433 0.000000 0.000000 0.000000 0.000000 0.000000 0.000000 0.000000 0.000000 0.000000 0.000000 0.000000 0.000000 0.000000 0.000000 0.000000 0.353134 16.085752 35.753787 42.256218 31.067228 10.236207 0.134250 84.115579 228.304704 308.871879 261.549086 120.382964 18.838107 1.279369 0.000000 0.000000 0.000000
0.000000 0.000000 0.000000 0.000000 0.000000 0.000000 0.000000 0.000000 0.000000 0.000000 6.329929 22.881563 48.679931 89.618249 165.136598 238.885468 315.857925 342.928471 283.303589 192.883253 264.252510 470.544630 668.098203 666.987283 479.105407 481.458279 743.358763 915.741984 691.621467 273.458928 37.689408 5.629983 0.000000 0.000000 0.000000 0.000000 0.000000 0.000000 0.000000 0.000000 0.000000 0.000000 0.000000 0.000000 0.000000 0.000000 0.000000 10.845311 27.688268 33.443037 23.901754 6.160259 0.000000 30.191900 127.230623 186.954829 150.842536 52.940384 8.927114 0.000000 0.000000 0.000000 0.000000
0.000000 0.000000 0.000000 0.000000 0.000000 0.000000 0.000000 0.000000 0.000000 1.706140 19.369821 49.505231 71.171857 95.950430 184.563511 321.055616 538.280229 683.993847 525.137122 236.453989 95.779613 94.873543 190.343163 415.550134 746.147046 1287.226395 1726.080149 1716.227573 1255.605654 527.202860 134.084186 30.056439 0.537236 0.000000 0.000000 0.000000 0.000000 0.000000 0.000000 0.000000 0.000000 0.000000 0.000000 0.000000 0.000000 0.000000 0.000000 1.272447 10.132489 22.610027 23.139417 11.939897 2.093482 0.000000 14.045129 33.125642 19.572729 3.799152 0.047583 0.000000 0.000000 0.000000 0.000000
0.000000 0.000000 0.000000 0.000000 0.000000 0.000000 0.000000 0.000000 0.000000 3.052735 51.549282 108.952040 121.170339 119.499149 163.014702 398.168704 939.497004 1219.755447 985.327797 424.605847 50.338515 56.765416 310.552783 888.213331 1801.774738 2648.482927 3038.299998 2676.898699 1768.667234 787.983940 230.045046 70.605166 14.818126 0.265504 0.000000 0.000000 0.000000 0.000000 0.000000 0.000000 0.000000 0.000000 0.000000 0.000000 0.000000 0.000000 0.000000 0.000000 7.355501 25.616319 35.553729 29.337651 11.713112 0.000000 0.000000 0.000000 0.000000 0.067195 0.000000 0.000000 0.000000 0.000000 0.000000
0.000000 0.000000 0.000000 0.000000 0.000000 0.000000 0.000000 0.000000 0.000000 8.994340 85.854904 162.733332 190.518490 164.037132 178.554950 516.073978 1158.567984 1459.195276 1189.025957 538.978615 58.623567 80.281567 388.662642 1183.238682 2413.719317 3452.864367 3817.097264 3182.606888 2001.150314 1008.932381 338.322511 147.968306 52.870248 6.561524 0.000000 0.000000 0.000000 0.000000 12.094888 67.267540 74.630563 26.129206 10.742843 5.169452 0.000000 0.000000 0.000000 1.708283 14.816183 33.202733 42.127096 35.334326 15.604764 0.258667 0.000000 7.218804 33.536364 40.860395 20.129378 0.007415 0.000000 0.000000 0.000000
0.000000 0.000000 0.000000 0.000000 0.000000 0.000000 0.000000 0.000000 0.000000 16.622784 86.949871 174.952707 258.792955 269.743394 266.874192 509.322559 1033.360823 1254.110664 982.727155 425.098015 52.410617 99.723875 298.961096 927.203554 2127.959288 3158.277911 3553.726778 2991.997120 1906.177254 1110.014469 634.101096 400.243482 198.300703 52.273587 4.237021 0.000000 0.000000 54.770619 259.986795 439.031166 418.512664 258.392849 81.330333 27.439937 10.705420 11.730687 12.397854 18.350176 29.767615 39.962788 35.600642 25.244609 9.183443 0.000000 0.559101 40.159829 89.220426 100.953757 66.298305 13.918171 0.000000 0.000000 0.000000
0.000000 0.000000 0.000000 0.000000 0.000000 0.000000 0.000000 0.000000 0.049464 14.105724 63.258109 203.821820 385.128597 450.378679 419.906590 375.902468 580.742735 700.123146 490.311327 144.511278 74.667939 191.599892 356.326704 708.165421 1510.956136 2248.906271 2577.981016 2338.764931 2248.390572 2693.187644 2525.541150 1521.482410 568.666264 190.791369 33.427949 3.047720 26.545813 199.082851 545.071331 794.862875 786.477651 525.509644 233.488390 84.462724 36.124518 32.297919 38.239718 41.699296 40.326165 37.489244 22.859009 7.058710 0.439359 0.000000 3.509444 56.016028 112.223949 125.346075 86.320888 23.812488 0.000000 0.000000 0.000000
0.000000 0.000000 0.000000 0.000000 0.000000 0.000000 0.000000 0.000000 0.000000 6.772029 41.437903 200.200226 408.606905 502.067217 463.187252 318.131993 202.144579 154.451375 51.132409 29.209138 142.226216 344.744873 630.876300 939.192676 1339.826746 1746.162288 1990.316415 2326.007721 3798.622397 5261.427240 5290.340019 3605.677778 1379.595358 445.248847 117.192432 32.883166 64.037977 266.122577 651.951400 894.271744 840.934092 561.695502 266.433887 115.609898 52.951353 42.165949 47.072993 47.231175 40.331456 31.789789 12.348274 0.000000 0.000000 0.000000 0.270285 37.511808 85.271343 96.761758 62.921536 12.414775 0.000000 0.000000 0.000000
0.000000 0.000000 0.000000 0.000000 0.000000 0.000000 0.000000 0.000000 0.000000 0.003145 21.203943 139.005000 312.904479 390.276798 326.134417 179.859860 78.032378 29.037412 2.473484 34.794382 205.794282 487.462407 850.885539 1162.068138 1332.437836 1482.792528 1758.879968 2445.786736 4620.461203 6533.757969 6529.437947 4530.935186 1816.321243 580.305792 214.086868 98.286392 100.774609 323.280636 602.977735 751.091435 629.472984 348.012137 178.636865 85.235391 35.956612 34.295379 32.194057 28.343532 23.345075 17.264094 4.124051 0.000000 0.000000 0.000000 0.000000 5.097195 28.812634 35.650832 16.550273 0.000000 0.000000 0.000000 0.000000
0.000000 0.000000 0.000000 0.000000 0.000000 0.000000 0.000000 0.000000 0.000000 0.000000 3.839051 39.271855 134.339648 178.703543 120.334984 30.876942 7.916165 0.700231 19.234098 92.841688 268.429431 522.538793 780.061178 975.453191 1019.163739 1013.538266 1249.944508 1848.933651 3696.343209 5292.312305 5180.390041 3399.466880 1236.762423 454.108081 213.211142 125.976267 145.946229 321.251223 471.031642 464.678953 316.549699 152.322237 93.065485 39.286505 8.136977 18.175279 23.927740 17.687006 10.212298 1.498328 0.000000 0.000000 0.000000 0.000000 0.000000 0.000000 0.000000 0.000000 0.000000 0.000000 0.000000 0.000000 0.000000
0.000000 0.000000 0.000000 0.000000 0.000000 0.000000 0.000000 0.000000 0.000000 0.000000 0.000000 0.884826 5.846401 8.790495 1.094617 0.000000 0.000000 0.800227 50.566652 152.519774 281.783959 421.161860 484.285353 485.236524 450.642284 421.955995 623.006055 981.546041 1625.807833 2399.031818 2222.462221 1195.187382 408.902386 207.902869 132.948207 92.192161 113.793006 255.850035 350.775114 328.302972 213.897988 101.986317 78.664643 46.428570 10.347451 16.891306 31.883154 34.106893 21.031334 3.550077 0.000000 0.000000 0.000000 0.000000 0.000000 0.000000 0.000000 0.000000 0.000000 0.000000 0.000000 0.000000 0.000000
0.000000 0.000000 0.000000 0.000000 0.000000 0.000000 0.000000 0.000000 0.000000 0.000000 0.000000 0.000000 0.000000 0.000000 0.000000 0.000000 0.000000 1.201593 46.078729 137.944515 232.706002 291.992710 263.288774 171.304513 86.619660 69.224598 186.396639 356.168699 462.850203 434.912120 311.086917 162.315283 59.732454 66.661377 101.447513 97.248533 59.877571 102.283304 170.792026 159.118384 108.736208 89.207268 108.673022 88.906276 47.910444 35.311171 40.211586 42.707015 32.123065 8.137977 0.000000 0.000000 0.000000 0.000000 0.000000 0.000000 0.000000 0.000000 0.000000 0.000000 0.000000 0.000000 0.000000
0.000000 0.000000 0.000000 0.000000 0.000000 0.000000 0.000000 0.000000 0.000000 0.000000 0.000000 0.000000 0.000000 0.000000 0.000000 0.000000 0.000000 0.000000 16.474638 64.954022 110.434447 119.291117 80.657320 43.017597 7.845143 4.047482 9.469012 22.735514 26.054975 21.047620 14.965856 4.831728 23.563959 125.618521 218.717735 212.493034 117.284707 18.200135 11.649058 10.655744 29.192025 84.880074 124.655603 117.830796 71.339340 41.414445 41.293946 60.854917 61.920937 34.566522 7.231567 0.044541 8.431989 18.243303 7.434022 0.000000 0.000000 0.000000 0.000000 0.089866 3.384896 3.733169 13.867419
0.000000 0.000000 0.000000 0.000000 0.000000 0.000000 0.000000 0.000000 0.000000 0.000000 0.000000 0.000000 0.000000 0.000000 0.000000 0.000000 0.000000 0.000000 0.285904 6.959846 12.085750 5.030203 3.461153 3.991782 2.224029 0.000000 0.000000 0.000000 0.000000 0.000000 0.000000 6.607611 46.906345 194.110631 310.097168 302.019920 177.634493 34.980253 0.000000 0.000000 16.793130 65.949491 108.593218 109.194426 67.408051 29.667854 37.342691 70.150597 81.980949 62.382308 24.098450 18.482479 81.729994 113.963696 82.723385 18.430447 0.000000 0.000000 0.030838 10.006782 22.121797 72.481567 140.186748
0.000000 0.000000 0.000000 0.000000 0.000000 0.000000 0.000000 0.000000 0.000000 0.000000 0.000000 0.000000 0.000000 0.000000 0.000000 0.000000 0.000000 0.000000 0.000000 0.000000 0.000000 2.414973 15.545782 23.852465 19.160511 5.870611 0.000000 0.000000 0.000000 0.000000 0.000000 3.399127 31.592302 160.192438 267.806096 261.587240 149.291476 23.760321 0.000000 0.000000 7.418311 35.613854 63.881390 64.365141 41.247465 15.015973 25.613926 66.944008 83.781815 65.468812 26.342870 56.122582 152.867040 196.704913 155.174035 58.695788 0.000000 0.000000 2.532772 20.969176 49.295607 179.509730 286.848354
0.000000 0.000000 0.000000 0.000000 0.000000 0.000000 0.000000 0.000000 0.000000 0.000000 0.000000 0.000000 0.000000 0.000000 0.000000 0.000000 0.000000 0.000000 0.000000 0.000000 0.000000 8.953628 28.955775 39.969476 33.820217 14.908692 0.210799 0.000000 0.000000 0.000000 0.000000 0.000000 5.403787 53.718246 122.010347 120.235085 53.805603 0.180986 0.000000 0.000000 7.685462 38.069769 50.635869 42.020616 29.161390 22.793414 33.917537 60.939172 70.554823 44.527085 10.651674 57.684899 156.158904 200.782735 159.101749 61.537331 0.217434 0.000000 2.432411 20.678498 60.171133 207.955560 323.457061
0.000000 0.000000 0.000000 0.000000 0.000000 0.000000 0.000000 0.000000 0.000000 0.000000 0.000000 0.000000 0.000000 0.000000 0.000000 0.000000 0.000000 0.000000 0.000000 0.000000 0.000000 8.897056 28.853969 39.849849 33.710184 14.835666 0.202195 0.000000 0.000000 0.000000 0.000000 0.000000 0.000000 0.000000 3.896602 5.188834 0.000000 0.000000 0.000000 5.165016 42.062457 83.584908 102.413991 73.975374 61.151873 70.350607 71.141041 54.431447 44.438392 20.041117 0.131764 20.378255 88.797392 123.388967 91.698335 24.146882 0.000000 0.000000 0.006409 9.471667 33.376595 129.596777 221.790587
0.000000 0.000000 0.000000 0.000000 0.000000 0.000000 0.000000 0.000000 0.000000 0.000000 0.000000 0.000000 0.000000 0.000000 0.000000 0.000000 0.000000 0.000000 0.000000 0.000000 0.000000 2.327498 15.322605 23.575827 18.912653 5.733775 0.000000 0.000000 0.000000 0.000000 0.000000 0.000000 0.000000 0.000000 0.000000 0.000000 0.000000 0.000000 0.089862 24.619340 93.440764 217.330021 266.611088 217.903138 121.952418 93.263559 92.243431 70.724358 46.657047 20.438243 0.125266 0.000000 10.850337 24.591441 13.031625 0.000000 0.000000 0.835999 9.437709 14.324255 14.204502 30.125974 66.803500
0.000000 0.000000 0.000000 0.000000 0.000000 0.000000 0.000000 0.000000 0.000000 0.000000 0.000000 0.000000 0.000000 0.000000 0.000000 0.000000 0.000000 0.000000 0.000000 0.000000 0.000000 0.000000 1.019130 3.804857 2.085071 0.000000 0.000000 0.000000 0.000000 0.000000 0.000000 0.000000 0.000000 0.000000 0.000000 0.000000 0.000000 0.027669 10.247893 45.999622 155.590422 315.613300 368.454461 302.983400 167.085193 76.118327 88.273220 98.323444 98.942910 57.216900 8.426454 0.000000 0.000000 0.000000 0.000000 0.000000 0.000000 9.019561 26.636065 34.469326 26.351710 9.927594 6.892886
0.000000 0.000000 0.000000 0.000000 0.000000 0.000000 0.000000 0.000000 0.000000 0.000000 0.000000 0.000000 0.000000 0.000000 0.000000 0.000000 0.000000 0.000000 0.000000 0.000000 0.000000 0.000000 0.000000 0.000000 0.000000 0.000000 0.000000 0.000000 0.000000 0.000000 0.033687 0.075619 0.000000 0.000000 0.000000 0.000000 2.481077 14.671526 36.628893 63.686936 158.764192 300.358846 336.756566 254.085401 129.630581 40.549994 73.469619 138.712291 170.166203 126.741313 43.328656 0.492292 0.000000 0.000000 0.000000 0.000000 0.001522 13.282203 33.665888 42.409735 33.346109 12.882580 0.000000
0.000000 0.000000 0.000000 0.000000 0.000000 0.000000 0.000000 0.000000 0.000000 0.000000 0.000000 0.000000 0.000000 0.000000 0.000000 0.000000 0.000000 0.000000 0.000000 0.000000 0.000000 0.000000 0.000000 0.000000 0.000000 0.000000 0.000000 0.000000 0.000000 13.466373 39.295519 40.450397 15.555154 0.000000 0.000000 0.028166 12.570950 32.230284 57.999607 81.501312 103.189920 180.943600 199.386521 137.800193 41.839112 7.075404 65.552890 171.419469 215.379272 161.313442 60.791602 3.275804 0.000000 0.000000 1.038927 0.677872 0.000000 8.054141 24.957393 32.555947 24.682168 9.105733 9.449498
0.000000 0.000000 0.000000 0.000000 0.000000 0.000000 0.000000 0.000000 0.000000 0.000000 0.000000 0.000000 0.000000 0.000000 0.000000 0.000000 0.000000 0.000000 0.000000 0.000000 0.000000 0.000000 0.000000 0.000000 0.000000 0.000000 0.000000 0.000000 4.582819 52.522190 96.947213 98.756419 56.573956 6.749585 0.000000 0.476825 16.550679 35.979273 54.102709 73.470983 70.319034 59.025909 52.998066 20.846297 0.000000 1.811296 56.201932 160.750521 203.809430 149.259800 50.290916 6.101967 7.859583 13.924477 18.100610 16.429390 5.806459 0.340796 7.516000 11.913383 7.365528 11.632459 27.839855
0.000000 0.000000 0.000000 0.000000 0.000000 0.000000 0.000000 0.000000 0.000000 0.000000 0.000000 0.000000 0.000000 0.000000 0.000000 0.000000 0.000000 0.000000 0.000000 0.000000 0.000000 0.000000 0.000000 3.187369 5.789968 2.494626 0.000000 0.000000 10.309279 69.177046 119.164123 121.169040 73.815944 13.454597 0.000000 0.000000 9.879960 25.737932 31.168999 39.385008 45.577124 40.621906 20.722366 0.816120 0.000000 1.704428 38.849786 105.429048 135.683381 103.568809 48.394936 44.011027 52.686122 59.792842 55.833911 39.245859 17.572334 1.211247 0.000000 0.000000 0.592054 17.007969 36.372751
0.000000 0.000000 0.000000 0.000000 0.000000 0.000000 0.000000 0.000000 0.000000 0.000000 0.000000 0.000000 0.000000 0.000000 0.840031 6.024466 6.475573 1.409537 0.000000 0.000000 0.000000 0.000000 5.955176 21.471465 33.148278 25.871881 5.971551 0.000000 3.144777 47.331912 89.847219 91.589229 51.182088 4.975559 0.000000 0.000000 0.593697 7.292880 10.618509 20.585585 36.806349 40.188518 22.885642 4.114409 0.000000 0.344751 27.516266 61.778500 73.688416 66.786847 63.536528 90.298761 112.764785 115.214500 93.174838 58.586999 24.126276 2.059606 0.000000 0.000000 0.005833 11.771725 28.493234
0.000000 0.000000 0.000000 0.000000 0.000000 0.000000 0.000000 0.000000 0.000000 0.000000 0.000000 0.000000 0.000000 0.289100 12.413914 25.616610 26.538171 14.394785 0.977843 0.000000 0.000000 0.039961 14.181691 46.445343 67.543384 58.654679 26.108507 1.210045 0.000000 8.613375 30.623090 31.643574 10.497399 4.865878 8.464009 4.062837 0.039268 0.000000 1.678912 19.865828 38.078526 41.431609 27.614887 6.893374 0.000000 0.000000 6.149606 25.917341 33.950336 37.607885 59.877612 102.413080 126.106032 122.734336 93.751348 53.605540 18.892194 0.103676 0.000000 0.000000 0.000000 1.664632 10.221557
