InitialVersion/ascfiles2/tmp_kdeout5.asc
ncols        704
nrows        293
xllcorner    827.296065
yllcorner    924.742280
cellsize     0.500000000000000
NODATA_value -999.000000
[rows 56 to 83 of 293, columns 126 to 188 of 704]
0.405537 0.236267 0.000000 0.000000 7.699916 28.256953 41.073620 37.460345 20.399710 1.495412 15.701575 113.737471 211.010663 220.437298 132.533987 22.862464 0.000000 0.000000 0.000000 0.000000 0.000000 0.000000 0.568718 81.765265 273.696258 420.124830 384.896610 250.246813 141.687052 122.992696 174.898328 283.286002 333.789036 320.526012 349.351634 418.573528 366.794004 222.178992 325.370755 641.230563 961.730044 1648.627149 2663.473969 3292.612711 2457.905892 807.194753 434.566269 721.300262 1066.505219 1419.779157 1908.108919 3084.031375 4007.703865 3645.198530 2149.177556 709.713989 285.507235 424.321000 833.866369 1658.170297 2478.075066 2491.359958 2026.993144
15.986901 14.804164 5.058732 0.000000 6.068269 25.042421 37.178089 32.979938 15.527835 0.476856 13.013823 111.304258 209.106464 222.136373 140.466688 29.621348 0.031268 0.000000 0.000000 0.000000 0.000000 0.000000 8.968376 120.227625 328.988000 470.425854 513.845456 432.680340 218.510737 144.035785 399.991538 731.641673 838.531594 672.783753 589.325313 771.838294 759.920688 556.105756 424.896654 683.916844 1077.751440 2384.933415 5242.516378 6936.122947 5769.801013 2751.089799 953.049171 1051.967289 1212.122333 1426.474070 2315.345334 4320.773020 5627.539135 5082.407219 3160.733786 1441.401827 810.204153 709.749327 695.843056 919.665575 1385.297433 1467.778764 1342.054486
34.954061 33.194324 17.330536 1.247308 0.495880 10.530301 18.819858 15.869216 5.123121 1.703401 0.000306 53.335057 128.990504 142.032800 82.534649 16.019990 0.309302 0.000000 0.000000 0.000000 0.000000 0.000000 15.696061 106.513138 271.337208 666.399684 1125.280628 1132.753337 725.262037 254.302874 624.921134 1087.768349 1192.506374 941.227063 790.874762 975.751197 1066.817833 897.643650 567.192405 543.573841 877.967307 2678.418643 6483.256955 8802.266463 7709.212285 4333.141395 1653.893959 1233.118104 1191.159827 1158.066756 2000.024559 3856.232235 5099.714981 4709.638251 3385.619462 2447.967664 2265.185835 1824.453149 1111.281463 767.698311 663.397408 658.103271 539.216939
40.682945 38.782678 21.428738 2.505737 0.000000 0.001454 1.279788 17.641358 83.344458 128.291867 86.630437 20.786358 33.456248 39.213389 23.728085 8.428597 0.000000 0.000000 0.000000 0.000000 0.000000 0.000000 14.533453 72.587585 300.066203 1062.558499 1755.972295 1791.751865 1207.524822 458.615185 562.820404 1011.875773 1079.844312 764.521452 590.408262 794.811243 950.068486 864.271277 547.949391 361.945691 543.055973 1943.482867 5244.177640 7408.607460 6677.688399 3921.555582 1599.348270 1234.492203 1084.032696 833.640813 1215.119352 2147.973315 2956.105228 2913.765329 2780.352286 3162.950809 3543.061970 2969.190488 2010.401279 1416.985634 824.960583 394.081876 500.784912
29.124691 27.520362 13.304474 0.361638 0.000000 0.000000 1.636881 113.253535 362.795207 531.813251 371.395319 124.861339 28.984199 14.678053 5.545260 0.149849 0.000000 0.000000 0.000000 0.000000 0.000000 0.000000 5.869694 75.678490 357.792770 1126.963957 1830.203482 1877.963131 1231.495140 414.528236 270.318804 563.639435 611.038346 345.934375 178.864778 377.635392 529.175909 492.725664 353.648123 330.990268 388.505551 844.444873 2351.438013 3791.480050 3433.752624 1919.519129 1239.993491 1335.336558 1064.872274 714.461083 778.106532 1037.588816 1525.176117 1790.466163 2370.576571 3199.871291 3582.535307 3241.827221 2701.754534 2315.651146 1649.169293 975.150969 894.832891
8.805640 8.683709 3.652845 0.000000 0.000000 0.000000 21.299117 344.370980 1163.344164 1633.216940 1279.850303 436.425509 48.723763 13.762082 0.029701 0.000000 0.000000 0.000000 0.000000 0.000000 0.000000 0.000000 4.894622 68.198595 297.854884 748.580118 1249.309114 1232.955704 714.962927 186.796404 97.829406 138.584139 138.473558 50.530521 7.785948 58.071624 108.418669 137.054324 228.097196 413.569277 567.934159 605.309614 649.330316 816.397366 780.242109 1012.873606 1590.686582 1801.746771 1386.843837 882.503604 861.460063 1245.098669 1877.387235 2063.883582 2249.510320 2402.688177 2366.072045 2397.568676 2708.759376 2843.699831 2284.028825 1447.036143 1139.314351
15.789095 56.271509 66.617723 35.270041 0.964074 0.040399 36.224450 650.550950 1847.727153 2485.558693 2039.791844 859.769030 73.347464 11.828853 0.000000 0.000000 0.000000 0.000000 0.000000 0.000000 0.000000 1.327535 19.685199 52.996297 233.553589 468.817616 607.091716 533.861607 361.833721 467.392886 436.390584 233.480699 34.464630 39.837696 84.849963 83.275967 47.473116 88.002686 301.284480 559.039997 706.199858 656.771534 495.716583 447.054188 593.565043 1384.835145 2134.142422 2226.554550 1782.343151 1543.667908 1736.964828 2195.498147 2472.855990 2486.049541 2080.335864 1517.174320 1086.978198 1341.388675 2064.567708 2483.500730 2111.651127 1338.469120 1074.920481
60.031275 127.570263 142.991357 94.736861 21.549902 0.040366 24.886782 601.024546 1815.451253 2483.701519 2058.820044 890.495162 64.803285 2.962464 0.000000 0.000000 0.000000 0.000000 0.000000 0.000000 0.000000 11.356267 52.022712 101.578167 269.307073 443.816234 552.117813 605.958152 832.202583 1096.613549 1012.481840 630.475507 225.315278 168.006774 230.795947 219.321634 182.443569 438.473920 899.981891 1038.673971 806.722476 544.177815 419.752862 438.078035 679.952975 1405.387342 2060.286790 2140.751740 1939.376384 1932.514634 2394.177972 2670.751396 2546.024902 2256.617911 1811.987136 1099.017567 688.621612 660.850864 1083.490239 1406.674756 1289.477540 968.302382 1040.164088
74.725117 148.701173 165.344581 113.097647 30.703496 0.000000 5.052110 251.391269 1121.922533 1655.929054 1357.958007 528.583574 21.986517 0.000000 0.000000 0.000000 0.000000 0.000000 0.000000 0.000000 2.169973 24.014410 91.366698 164.441127 374.828539 492.751593 591.446233 724.978102 1037.116343 1334.625295 1238.829607 796.243486 345.449850 248.596300 304.436963 291.906450 401.735138 920.590390 1457.195891 1489.338318 966.470978 403.575008 298.786186 404.681112 583.899425 925.851688 1504.803847 1712.604791 1717.511598 1948.047729 2365.049535 2209.748735 1655.049291 1335.554111 1160.128828 909.880007 679.531197 412.591665 337.686118 466.602419 695.106615 855.019171 1589.865419
44.226361 104.019979 122.236148 84.538809 20.477330 0.926958 0.000000 42.827948 314.544590 604.208634 491.910847 178.776575 20.081548 0.000000 0.000000 0.000000 0.000000 0.284893 0.000000 0.000000 2.522864 38.619144 128.157499 463.270411 806.976003 816.762777 582.177401 517.298256 751.343221 1019.728398 930.306354 572.091157 243.627879 220.129778 266.629232 249.642736 422.690025 1021.877001 1525.606448 1472.341425 887.655158 293.871680 231.164595 327.998344 400.610646 504.622065 905.758073 1177.817008 1361.130806 1813.681346 1845.347825 1479.638874 782.203769 566.585582 728.455277 817.135297 620.372195 313.743657 162.880116 261.167279 561.858089 889.614434 1648.749271
3.191568 34.199215 59.822856 46.175349 26.586017 11.195754 0.007768 3.638312 94.104466 183.514597 174.310617 80.252459 6.895544 0.000000 0.000000 2.672307 23.899216 36.920439 25.139970 2.450072 0.065491 32.870927 244.444239 814.487226 1187.661435 1092.747535 623.693197 247.611097 339.260030 468.000792 427.611610 348.589688 294.126977 291.375679 198.656596 123.346953 198.403576 645.916106 1055.055609 1027.040435 591.964038 227.382499 208.015122 231.538028 203.953922 277.507101 663.931920 959.859666 1155.885180 1315.374138 1165.579037 817.826777 446.677798 356.266287 508.640376 585.884828 509.025887 450.254682 403.562828 435.378541 648.445339 876.479515 1518.701187
5.694578 27.349402 53.366208 58.189567 40.103871 18.331360 1.047850 0.000000 6.984060 35.179143 35.276654 12.616064 0.936259 0.000000 9.726906 48.511340 102.301281 114.346372 81.017576 35.120335 10.525799 17.645380 230.339382 827.942704 1223.439393 1118.096407 633.178839 212.066266 197.249139 211.808569 267.325146 448.266242 540.247324 463.263599 234.594600 47.716373 37.379288 142.420592 340.238125 377.667089 273.368862 246.311302 241.703389 283.733104 348.951677 406.795639 539.545347 697.184628 767.288905 800.147748 736.849669 593.831615 300.803417 229.499449 338.795118 403.923237 435.868017 560.108768 651.559852 648.884914 646.355923 695.819324 1178.241511
14.303133 38.971059 63.913339 65.137727 40.904487 14.207703 0.712076 1.501035 0.109845 1.391386 2.366986 0.202249 1.728011 14.544287 48.267139 105.534407 163.187886 169.538404 122.406038 69.516590 32.584816 23.978462 77.993766 507.602082 893.087487 860.397988 832.307485 826.672268 729.502904 386.354490 420.883041 653.996186 698.998545 537.229781 273.675128 38.638243 13.970321 12.444522 66.079726 154.913383 304.337049 385.590078 391.782837 508.668806 883.401120 1185.999097 1044.180513 659.006475 344.116061 319.631417 535.521858 573.808237 367.796039 255.392715 306.597647 312.194375 350.521057 557.393329 921.311117 1044.791343 852.216904 672.733491 852.039354
23.573967 56.930656 74.011458 57.289589 22.954525 10.906094 20.794061 19.465357 12.371944 1.382806 0.000000 0.000000 11.127586 35.234918 76.030136 121.951650 159.994536 153.068562 109.072450 65.997101 43.047758 33.695175 111.924189 599.052482 1052.048118 1128.734236 1384.098548 1681.030654 1476.275085 906.185961 541.905392 673.137699 631.012399 413.533018 170.102125 11.956217 13.308190 26.049158 68.575922 229.283329 460.322101 576.124573 599.126384 819.937099 1503.231589 2054.676281 1870.010884 1111.499847 417.077434 378.323454 744.259675 926.108456 842.581009 631.834235 503.343375 407.703776 382.462934 765.742446 1268.615137 1488.187037 1608.153571 1463.368688 1168.179155
65.029787 95.672326 95.070569 57.458995 50.637950 125.029134 152.822101 95.754044 29.218905 8.492360 0.000000 0.196304 15.283078 40.926707 107.578061 152.222878 139.240500 81.472444 44.992558 33.521828 35.532750 44.665748 535.306971 1597.916128 2171.457812 2174.491496 2016.214037 2006.105882 1734.450387 1139.290278 625.348007 569.951306 435.273261 343.816460 334.811156 227.934946 68.169432 56.538772 183.200492 411.756274 611.898506 647.896633 618.626708 904.071940 1661.994595 2279.729356 2104.505373 1277.280184 568.103908 631.612518 1041.143806 1241.236781 1202.957408 973.871437 760.611555 734.598922 961.716296 1487.273951 1870.735940 1900.815906 2146.694037 2126.838677 1729.748848
93.875728 111.820111 102.737337 67.858378 148.492108 270.677230 303.195862 204.085793 59.755659 10.270051 0.000000 0.000000 9.212444 59.286952 163.471175 219.201082 171.217493 62.103004 2.149518 10.395071 17.258555 62.439920 886.359273 2176.712176 2819.732700 2526.440463 1926.361460 1529.665699 1285.223565 816.678504 540.896223 451.146797 396.178733 558.843357 759.503401 650.900443 301.203409 145.360482 302.662716 528.652514 696.151338 618.152746 493.282201 673.861933 1408.562878 2027.133561 1849.584872 1181.416966 592.772438 637.729429 985.984190 1130.990133 1116.997651 1112.148784 1094.193397 1282.406654 1652.749943 2055.754720 2203.111446 1971.253855 2027.051809 2096.322627 1853.286924
78.557167 93.965446 82.226550 63.629369 178.170985 312.427569 340.770606 228.401889 61.794490 4.192287 0.000000 0.000000 0.508844 63.958965 191.778701 277.415340 216.422657 92.971833 2.215345 0.000000 10.459709 66.505312 729.648336 1810.213451 2345.627975 1891.846643 997.819835 586.477425 447.848044 298.836492 337.138659 285.828193 374.411554 721.921864 986.749409 864.618053 451.517592 205.062465 347.621057 528.921655 619.592900 495.868414 355.781179 491.982368 1009.799459 1485.884231 1371.225588 942.896524 698.022681 1048.487420 1678.678971 1614.225552 1183.036093 1123.923823 1220.436783 1462.415598 1857.199625 2038.404977 1851.826314 1345.011603 1201.050790 1391.059919 1546.415803
31.839648 42.564319 32.744943 18.919354 111.758323 223.030987 238.297172 141.494164 19.095037 0.000000 0.000000 0.000000 0.383339 72.181576 518.681471 819.133592 640.758457 175.836676 2.818303 0.000000 47.002718 129.242921 317.121742 868.757478 1316.452185 1302.813389 594.517971 206.093688 108.979057 175.431683 235.122991 211.926824 259.368160 585.702537 822.238358 725.950131 376.211001 161.009654 283.260181 436.547777 465.459586 368.046149 302.618517 428.069543 956.404667 1349.230982 1263.596489 950.323450 1298.686859 2973.076393 4227.104600 3878.128639 2354.704863 1389.319405 1211.202257 1222.339593 1445.716345 1477.744855 1146.915664 629.203258 561.273427 794.338058 1079.903042
11.559349 5.474306 3.705592 4.053843 21.718633 72.966637 81.823429 38.229056 10.084675 6.121362 7.034991 4.058477 10.193900 286.591416 992.863247 1393.724973 1154.000759 468.755406 13.903178 22.702692 87.618030 166.082870 230.611810 1280.666274 5747.145758 9577.652136 7150.342558 2037.330586 318.759315 244.254640 253.232365 205.498447 145.237886 241.667400 385.378941 350.442328 195.944176 102.811061 146.790407 270.810448 372.991598 364.253608 404.046784 769.581482 1367.604205 1638.481803 1418.136502 1099.496727 1980.096592 4511.323429 6237.805965 5840.312039 3562.479598 1550.679784 1022.313540 877.941496 811.585388 696.674031 511.680378 375.351481 402.523438 543.307994 794.728188
25.814149 23.560629 22.868960 23.478302 13.969337 16.849295 31.049798 31.806594 34.830806 42.058074 48.373971 49.570991 42.054540 396.538798 1121.373553 1507.015252 1267.367402 571.486069 94.566549 160.069698 193.076454 196.884484 810.658721 7464.116583 22148.852652 30267.390324 24170.294862 9987.869232 1421.504122 593.438465 513.943849 439.517426 300.957684 215.578784 253.455208 247.315388 171.422865 95.662875 118.133162 191.519216 293.713619 351.045529 651.857671 1199.763466 1744.633682 1857.350220 1443.391488 1098.083341 1896.306238 4207.983147 5818.353205 5451.981285 3219.256387 1237.820422 696.715706 596.675313 571.059809 489.752289 549.055522 570.447981 489.915077 330.732236 409.712779
42.574953 44.694629 49.217082 57.917208 66.897246 87.651211 128.675105 97.109283 56.377383 89.320631 107.492554 111.941532 83.819411 234.340021 810.192255 1112.117945 879.435166 357.776012 228.185431 362.381085 364.155988 422.402501 2119.678816 14020.962319 33793.992283 43583.995810 35818.196609 16771.657752 3217.139704 1181.303489 1006.596925 803.019342 630.005613 520.307819 476.510417 425.965634 275.681309 235.739986 293.670635 313.314415 301.288052 281.221350 706.927772 1213.091249 1671.176121 1698.305649 1298.522387 1006.888222 1187.408123 2369.564143 3302.138273 2988.744923 1608.461688 699.722035 533.582715 587.522227 573.047064 550.110450 629.677683 695.481398 591.615203 296.085181 97.557744
58.898369 44.374891 60.319437 82.416989 141.652697 287.460762 374.097423 299.703318 133.469939 97.722651 123.512842 129.283373 101.564290 129.367249 329.169183 467.508614 293.972132 117.251021 331.178152 486.459790 539.626509 646.225761 2127.241221 12330.925538 30253.801855 39165.622927 31692.463852 14191.292550 2867.544241 1558.442459 1352.815262 1040.972115 819.101444 718.920090 606.100629 485.823383 336.036995 347.910338 437.276443 448.144116 339.247020 181.390771 406.187815 751.894754 1002.715706 971.780852 764.445709 756.919794 762.538072 837.401488 1018.433162 883.012721 562.675751 378.922746 443.752035 607.668835 612.159471 588.949851 637.008507 640.125420 480.496332 189.484660 12.121209
99.218865 24.660443 44.502768 68.222993 196.110988 417.474267 522.572385 428.801052 195.800976 68.133253 87.992401 92.112785 107.021516 176.387800 226.927635 201.045896 143.171257 151.390603 330.897680 492.476503 532.628528 614.539534 1184.194474 5653.828751 15210.553107 20589.185914 15322.045179 5465.587591 1651.333451 1467.523182 1254.120785 953.989896 729.296641 641.719880 532.512905 400.649347 246.880144 287.784739 430.514225 492.274200 363.209257 151.595733 126.326792 261.028952 303.501226 254.777042 353.278062 545.747142 569.298128 500.092557 469.281981 480.084142 435.972942 279.872279 311.930016 511.088073 594.132603 501.173589 426.563801 365.744691 221.436761 42.187052 0.000000
107.790318 12.622412 15.114131 27.833913 139.007954 359.058425 464.375659 377.601317 161.253826 21.756603 35.543236 68.428410 112.445492 203.536551 249.640011 200.391378 156.931473 147.891506 228.356588 326.855506 328.534892 405.792645 1149.793086 2897.268665 4594.931949 5080.569952 3519.899217 1935.191114 1428.007695 1148.115468 870.892534 649.821577 477.400921 417.235467 409.365799 350.909196 331.252706 400.172767 461.729414 442.237784 334.006517 287.927374 356.100799 339.213753 267.742264 177.497461 216.372301 313.508458 353.673615 421.607732 542.415031 605.710571 462.773538 264.178913 226.314238 382.013666 483.766290 345.516937 157.446337 56.204218 10.415798 0.000000 0.000000
75.319012 3.339665 0.506666 4.921557 27.872177 156.810540 242.431405 192.213589 59.195623 6.544505 26.151488 83.557773 133.160140 180.548407 195.817289 133.792017 89.559776 116.652881 141.295127 146.356033 174.128299 450.787080 3166.922049 5891.545808 6302.625889 4822.061290 3384.261975 3596.638610 3279.722994 1752.923338 789.354515 495.145140 383.646100 450.030728 605.908330 806.432101 1030.325708 1058.841083 1092.991487 863.162195 549.130999 528.856768 653.373612 752.877231 677.254443 420.199907 288.171814 242.414110 290.814218 520.539274 742.564094 821.236101 601.340452 313.917870 315.409021 412.137484 478.261417 325.449902 74.984209 0.666678 0.000000 0.000000 0.000000
14.303938 0.000000 0.000000 0.000000 0.000000 7.226424 31.234844 17.589237 0.701319 14.438714 36.204785 85.950468 125.938095 131.763154 105.431658 53.643967 28.869031 47.009684 64.265409 97.330457 400.045725 2604.463023 7307.627697 9794.030772 8979.614621 6444.078987 5133.282036 7709.150883 8414.781825 5761.134230 2092.723941 503.727461 400.057026 540.077715 804.426826 1231.495583 1628.795238 1957.761355 2013.329074 1620.692555 997.630771 658.075277 718.737400 894.808112 831.766495 547.852123 374.366989 276.078975 353.153855 611.354176 771.813653 799.384841 616.977414 488.662665 646.576147 725.717294 642.096600 422.266942 124.603128 0.021046 0.000000 0.000000 0.000000
0.000000 0.000000 0.000000 0.000000 0.000000 0.000000 0.000000 0.000000 0.016457 12.998870 31.750893 50.002134 69.372037 61.885723 40.488035 19.194098 9.905543 1.234072 30.145671 172.079094 1678.174354 5204.144786 10063.288091 11735.851004 9068.559831 5598.718448 5793.241721 10257.495332 11768.897687 8972.363040 3896.616821 683.734308 329.092171 423.310420 677.148700 1117.860826 1584.925574 2074.588302 2214.433609 1788.424050 1074.062437 522.982155 469.202922 627.241655 593.956273 408.571363 309.092362 235.975973 287.784430 495.217568 584.569619 568.102412 532.225732 605.658700 871.841450 1008.756045 918.686084 569.602115 200.907607 9.918469 0.000000 0.000000 0.000000
0.000000 0.000000 0.000000 0.000000 0.000000 0.000000 0.000000 0.000000 0.000000 3.854339 15.941219 20.924523 14.049002 3.163061 0.447514 1.013045 0.000000 9.440133 49.231639 292.228842 2330.626484 5531.802405 8906.187116 9509.142151 6272.296579 2573.951961 3903.730584 8641.415177 10609.142158 8429.484612 3673.035651 595.339944 166.457530 165.261378 341.408280 563.390463 856.643789 1263.605988 1491.607172 1255.254401 734.112899 200.889783 115.628224 170.672586 183.119027 161.604142 119.635057 131.637342 153.881315 208.827263 256.418733 230.161689 292.757605 608.845668 936.108353 1438.582820 1593.699898 1140.883756 450.667166 55.087476 0.000000 0.000000 0.000000
