InitialVersion/ascfiles2/tmp_kdeout49.asc
ncols        704
nrows        293
xllcorner    827.296065
yllcorner    924.742280
cellsize     0.500000000000000
NODATA_value -999.000000
[rows 56 to 83 of 293, columns 126 to 188 of 704]
0.000000 0.000000 0.000000 0.000000 0.000000 0.000000 0.000000 1.776309 3.592433 1.020604 0.000000 2.947726 9.879759 9.745705 2.731427 0.000000 0.000000 0.000000 0.000000 0.000000 0.000000 0.000000 0.000000 15.671269 84.964432 174.176910 204.739100 158.896139 74.586471 35.031605 52.691043 93.993644 103.746694 89.253246 101.363259 139.324419 155.399042 112.405866 102.128085 196.495733 312.095152 643.563932 1221.215059 1549.698664 1224.296823 477.385080 176.918798 224.009060 282.552573 387.351537 608.056186 1026.103767 1309.345309 1193.616538 734.764417 294.292012 141.646653 222.155650 439.494293 834.051525 1238.415240 1241.317367 953.646319
0.000000 0.000000 0.000000 0.000000 0.000000 0.000000 0.000000 0.000000 0.000000 1.457183 1.085633 0.000000 0.000000 0.000000 0.000000 0.000000 0.000000 0.000000 0.000000 0.000000 0.000000 0.000000 0.000000 10.500487 62.460386 144.711161 209.219914 194.396063 97.414373 46.101759 127.070894 258.272395 302.028558 223.011824 162.460735 225.630300 253.756688 223.013698 182.138469 268.810864 362.995603 778.021747 1805.753278 2430.218881 2047.750998 958.689902 262.658027 285.644635 338.758046 438.670000 764.373473 1380.890311 1736.869857 1558.603935 979.614491 441.793369 221.728371 232.004233 327.900347 495.159398 750.069214 780.695663 693.240103
0.000000 0.000000 0.000000 0.000000 0.000000 0.000000 0.000000 0.122989 9.712221 20.225796 17.625119 6.683857 0.000000 0.000000 0.000000 0.000000 0.000000 0.000000 0.000000 0.000000 0.000000 0.004616 0.857715 2.955472 41.999391 178.511468 353.151796 374.820737 233.270330 78.234468 221.123148 413.927634 464.260656 333.990944 205.267048 251.854418 312.904027 313.506873 258.346934 265.343615 325.638056 732.558574 1898.854566 2621.440322 2281.563931 1179.308946 338.643397 273.095079 308.255072 388.964643 651.869276 1157.579782 1494.071304 1376.334224 929.928253 572.916332 466.158757 403.934014 310.808716 304.269223 365.268253 399.175474 351.877356
0.000000 0.000000 0.000000 0.000000 0.000000 0.000000 0.106142 19.636926 73.847609 97.918636 69.252317 20.841911 1.520960 0.000000 0.000000 0.000000 0.000000 0.000000 0.000000 0.000000 1.120500 11.319433 17.830563 16.726499 78.970897 314.017577 529.911979 539.309528 352.308883 133.392898 209.379402 404.357012 447.379945 309.809627 150.188780 181.348588 258.370750 286.033066 233.543900 203.350894 256.665510 527.231389 1394.795395 1983.246112 1769.931730 921.720500 257.515969 242.174781 302.704430 326.324104 429.984279 631.714844 827.214587 779.828576 634.029375 669.561484 723.146826 624.121835 459.911595 389.050172 295.128265 171.599199 120.051079
0.000000 0.000000 0.000000 0.000000 0.000000 0.000000 9.099172 101.352653 256.190991 317.837269 189.692097 53.709396 2.860995 0.000000 0.000000 0.000000 0.000000 0.000000 0.000000 0.000000 8.452519 27.177678 36.862022 55.331447 144.421841 369.501307 568.777679 548.966334 341.413877 111.083211 110.653688 245.697971 274.885392 165.276400 45.972783 82.416215 142.107851 161.435680 128.201441 145.097377 195.309433 308.442354 684.062805 1015.633804 864.739328 417.832594 229.247088 311.077688 325.669012 318.488455 317.838671 305.094506 374.355831 406.767010 485.192723 658.277542 751.435335 698.847651 634.003978 610.604750 481.726976 256.467887 132.497557
0.000000 0.000000 0.000000 0.000000 0.000000 0.748410 40.414335 263.202671 639.248426 779.183010 541.267524 141.334613 4.324946 0.000000 0.000000 0.000000 0.000000 0.000000 0.000000 0.000000 10.945481 31.520313 41.893050 65.893631 141.350487 263.617717 395.372284 360.318181 204.626707 75.232945 53.923989 75.247362 74.152690 28.206680 0.765434 12.586531 28.038044 36.323829 52.269978 119.547246 221.451259 308.772015 332.605154 313.084860 247.545158 330.860204 550.771804 613.088858 489.259237 406.550063 424.522918 394.084917 456.277238 478.440915 480.577165 484.480744 500.426392 566.177169 695.056660 783.499023 656.897469 356.183485 153.366225
0.000000 0.000000 0.000000 0.000000 0.000000 9.768504 68.795497 414.966783 905.330974 1088.904173 804.202446 272.784642 8.985993 0.000000 0.000000 0.000000 0.000000 0.000000 0.000000 0.000000 5.115551 20.863501 29.439814 38.722427 88.678738 136.244642 144.095519 113.243224 126.337202 221.225968 223.481197 116.095153 9.682339 0.000000 0.000000 0.000000 7.366953 29.025513 70.559954 146.706049 244.841925 333.528592 333.360735 271.749792 284.701155 588.741274 896.919484 899.244370 754.044833 766.028655 846.423910 817.634203 690.826618 605.536530 469.706783 309.869691 223.347095 353.166616 598.626627 747.697729 627.559641 318.372336 134.231918
0.000000 0.000000 0.000000 0.000000 0.640157 17.085504 54.484431 359.000964 852.504248 1061.600131 807.805220 297.601973 8.512516 0.000000 0.017228 6.599000 12.664622 9.615671 1.428932 0.000000 0.000000 4.298613 8.593683 12.292845 40.284717 65.906213 58.158386 76.327014 245.242792 419.427907 423.790200 257.259712 62.400419 0.523951 0.000000 9.216320 60.330389 186.035976 301.698483 318.855357 283.410900 300.103269 326.676942 287.019673 322.987079 628.731303 928.233733 970.180784 928.395171 991.839765 1128.768005 1042.082284 783.238232 561.798231 411.446156 212.904661 119.719103 194.301466 392.709388 505.139044 405.415832 170.990796 145.767619
0.000000 0.000000 0.000000 0.000000 0.135471 13.700560 31.215455 159.924240 541.745245 756.134215 604.203607 236.481516 13.233213 0.000000 5.386171 22.648316 39.430121 40.453021 20.980287 1.425604 0.000000 0.000000 0.000000 9.030937 39.469882 50.263338 46.649385 85.581868 269.475445 452.978078 459.159363 286.057371 81.894346 2.065057 0.000000 26.436096 139.244362 370.503048 524.702073 507.909748 359.133223 238.324827 257.007519 282.530197 287.877142 426.259820 732.126009 888.476381 935.043435 1064.017837 1153.719607 934.279595 528.101503 333.128745 270.233437 177.826928 128.499060 142.284835 202.858305 252.452243 203.037051 99.497419 281.942423
0.000000 0.000000 0.000000 0.000000 0.973918 6.114074 14.571324 42.458271 218.172552 380.910336 342.511463 173.490375 30.203573 0.000000 9.379888 35.445781 64.491572 69.253734 44.995540 12.130672 0.003128 0.000000 3.608245 58.556505 119.676431 118.453991 61.073213 51.912877 166.818112 322.989029 333.269874 194.228170 48.201998 3.808285 0.000000 22.942258 147.351246 397.767638 558.952340 534.005306 359.036745 186.439962 206.804801 259.112998 261.489936 276.743719 506.864239 695.508158 799.662041 944.939008 874.291899 615.259285 253.970493 169.217719 200.561907 186.036446 130.591597 107.156862 120.743691 144.851376 142.074591 120.688688 262.789981
0.000000 0.000000 0.000000 3.513910 16.059026 22.019454 15.588386 7.784907 104.060585 207.358127 212.910192 120.176901 24.536627 0.000000 5.554492 32.506827 67.781137 82.917475 57.789548 17.604099 0.657035 0.000000 28.059117 122.804994 193.432059 183.315093 94.810713 29.727076 89.141416 180.440954 188.345096 124.187496 63.336793 37.442971 12.390897 3.413609 67.042666 248.348495 390.355026 386.165903 258.650427 125.589715 145.380257 192.236724 201.161332 202.776511 383.883841 560.443027 675.194662 661.157800 494.659180 321.912970 174.081978 131.444011 165.360872 147.500660 104.695206 113.562417 126.620442 141.738084 143.252292 147.662077 190.478695
0.000000 0.000000 0.000000 11.884085 31.138174 39.253692 30.279523 10.839758 25.236958 75.989561 85.373293 47.661671 3.056258 0.000000 5.129390 31.684123 85.058601 104.780510 77.272426 31.091789 0.013810 0.000000 33.291768 140.563019 219.721200 205.376641 116.417936 56.910567 100.345278 143.920147 160.309167 147.469144 108.050999 70.883805 32.756655 1.481219 6.920942 62.247676 141.587582 172.258750 128.839108 88.503582 96.621406 171.725134 217.429704 193.166207 239.727271 359.169829 422.367319 396.119571 299.741777 212.181689 102.510892 83.782090 96.244321 81.813717 79.369009 133.185255 174.230341 191.262892 165.151503 136.459816 142.060212
1.452825 6.185856 5.388125 13.262811 32.549712 40.836614 31.671680 11.679000 0.000000 6.028602 9.447086 0.660954 0.000000 1.105292 17.086899 47.311976 97.252268 116.590979 87.982845 38.843381 2.436304 0.000000 10.600132 100.100144 181.157603 193.695694 180.120261 160.358990 167.309980 154.835175 159.218839 152.860267 114.928252 73.076601 34.780236 1.824259 2.121306 21.414508 61.388448 103.325616 109.529224 80.607648 89.988634 180.515751 277.053598 276.855786 196.375958 154.859158 119.227858 122.704976 201.908499 182.196246 94.933158 36.021397 33.055599 22.038579 50.601539 161.548691 386.729802 528.228247 459.125823 295.685389 219.039648
14.826193 26.340359 24.664942 16.302508 19.292126 26.247157 19.863447 4.388273 0.000000 0.000000 0.000000 0.000000 0.000000 2.195044 21.110230 52.495970 92.972375 111.609044 89.177981 43.637457 2.715615 5.209496 18.778441 85.420612 157.718980 209.689802 249.512650 252.089785 210.858029 139.905196 94.376169 97.463106 80.797104 55.412588 30.995158 17.661391 22.156845 36.908685 84.435201 130.380003 132.064254 116.282351 120.336792 197.301833 317.942139 358.618575 273.895913 138.858767 50.114477 122.634733 261.248544 307.261982 221.277732 79.833908 32.572763 39.696774 77.746463 307.503937 698.402935 925.625920 967.853889 786.526318 525.925571
25.481459 40.065388 37.992650 20.704337 17.749021 47.970157 50.985831 24.091546 0.146136 0.000000 0.000000 0.000000 0.000000 1.431190 25.401959 49.182428 77.246260 88.831306 71.624342 38.999851 11.951749 20.598189 82.497929 204.741041 296.909773 337.449050 326.637401 275.565128 190.610183 90.784744 45.723469 59.671272 58.500645 55.085420 82.912240 96.828075 78.941676 74.500688 151.667891 216.987317 219.633264 167.279727 132.296953 185.627309 288.113216 339.782184 272.930946 176.658290 118.293611 220.337292 345.349191 379.762120 299.387683 157.976792 102.206843 125.506070 244.563916 548.320292 941.206234 1123.899449 1241.599903 1134.872388 835.336319
23.017367 36.959689 34.969994 20.735614 49.257297 97.099007 105.992643 67.748571 13.436903 0.000000 0.000000 0.000000 0.000000 7.320971 28.050073 48.083708 56.521907 54.716520 44.795245 33.852178 23.555203 45.097346 151.027110 293.450231 383.849831 376.720716 303.730861 207.105770 114.947122 44.381599 53.675366 69.908861 69.120722 140.080731 215.310951 218.111496 149.943333 114.920802 198.023702 279.457837 290.982531 203.027156 125.079817 133.294815 233.688491 309.858474 291.938081 272.140219 233.888806 293.281722 360.935064 334.413854 282.275294 226.035277 228.334429 284.863437 442.116264 657.582138 913.901532 1001.507076 1065.345365 1028.280774 850.277266
9.607868 19.197213 17.770926 11.988934 59.604284 113.802931 123.433654 81.840951 20.094936 0.000000 0.000000 0.000000 0.000000 8.270332 38.223593 61.407796 62.200997 48.871574 32.276319 25.434343 26.629317 52.443160 146.506519 268.407317 352.208508 319.651059 197.963530 89.744244 23.726855 24.380095 56.747157 72.042786 97.419149 197.409307 282.823473 275.425463 174.035050 103.377368 176.801087 270.965497 292.936349 208.990116 126.790079 132.825882 228.442307 326.960993 358.635898 365.500989 358.862037 430.568471 535.731465 454.256874 325.059603 286.657158 298.566957 345.261646 501.031726 615.167437 627.174709 549.036438 536.349247 602.557650 581.621886
0.000000 1.527117 1.144602 0.394046 37.493353 81.407844 88.696163 54.111534 7.863080 0.000000 0.000000 0.000000 0.000000 6.599666 48.645330 80.041620 71.540035 37.632410 13.296721 8.676353 20.289468 41.272002 74.713188 150.631128 229.812026 236.342481 128.639945 45.375756 12.213879 26.686366 50.745582 61.901847 82.202418 160.478730 231.106397 221.930411 126.287218 49.203299 120.112073 211.473111 245.477952 197.789933 143.850260 149.112550 282.830489 415.451230 446.904792 412.223485 513.137644 923.194458 1185.579017 1058.931576 669.382371 410.961063 336.119492 313.435115 390.012327 465.864237 415.429780 276.806128 294.377552 370.754173 326.009186
0.116885 0.000000 0.063856 8.954397 21.691932 39.844909 37.465633 20.857625 10.074555 2.590992 0.000000 0.000000 0.000000 11.138548 51.013527 80.867957 72.713365 34.915055 2.965500 0.063534 11.381545 28.033994 42.768737 154.238980 549.653936 827.303096 592.073593 165.982789 33.374190 22.765506 29.171241 31.001278 31.008874 68.864339 114.714107 108.922737 60.081802 32.700179 71.475045 146.831526 202.719411 207.273097 191.290692 215.996318 373.624523 495.691450 502.925535 412.034275 651.673950 1302.706878 1733.715452 1629.677349 994.619359 468.514457 337.934381 284.166732 262.784896 260.010689 241.819937 226.801086 266.470460 284.799928 210.539230
1.736256 0.000000 4.022958 22.519043 38.366779 43.175150 41.291149 32.704820 29.642969 15.055546 0.753508 0.000000 0.000000 10.045416 43.066079 66.517819 59.844723 27.941090 7.448193 20.331009 19.913687 25.148710 84.181349 663.645217 1821.636520 2435.856695 1921.919902 767.252703 134.684412 67.029286 56.116787 64.423616 56.079995 45.919944 45.415330 37.985204 40.459895 65.804056 86.881826 127.422272 169.240325 199.167460 213.099718 249.513969 367.578768 456.426976 453.792453 374.991220 621.593800 1255.070252 1692.615554 1575.273317 933.310427 399.585675 273.138858 261.495179 249.563875 212.515999 234.599727 288.138732 288.592322 214.012876 128.822215
0.715286 0.000000 5.340969 27.512358 56.413456 75.155397 80.342644 57.206790 39.279253 22.117534 2.858903 0.000000 0.000000 14.478846 52.601853 67.878381 42.673731 13.581720 34.520010 60.549601 59.335325 53.480592 171.818152 1136.536971 2709.869303 3479.675850 2873.516790 1383.268330 353.438351 182.409820 171.187053 163.992404 158.231977 123.545226 78.020781 68.498348 63.883853 103.584662 125.916764 124.247190 125.577033 132.328539 170.354955 198.463562 276.461250 333.138995 341.766399 327.648077 440.025701 825.422987 1093.108163 956.099409 531.120910 270.534803 240.919089 288.304893 252.122163 212.000700 227.339194 270.903886 255.970669 150.398217 58.083318
0.000000 0.000000 1.365777 22.065348 64.338550 106.772786 118.875882 88.091299 41.214046 16.630065 1.136140 0.962315 15.994141 65.857364 107.105039 102.838561 58.177231 18.737209 50.410144 81.116163 78.663944 61.980011 137.256747 955.808132 2414.232525 3149.906951 2603.843933 1262.616676 387.640731 264.625071 253.088173 224.410602 205.444324 169.214818 117.193298 88.556315 71.537726 107.537529 127.082295 120.223206 105.191856 74.671296 74.703655 81.552389 116.049965 167.544604 209.106992 261.366888 324.256089 381.044457 442.441697 350.113531 220.963002 161.952108 203.173749 277.516629 247.981938 200.788436 195.754196 202.916973 145.614614 51.255894 1.900406
0.039484 0.000000 0.000000 7.268204 57.368006 108.724264 121.522987 92.808513 36.082945 4.021453 0.000000 8.096645 39.671206 106.160832 147.641915 130.643207 71.994281 20.389952 39.417731 66.981596 64.743882 36.802999 50.103841 384.490082 1189.690276 1679.419154 1323.446801 579.110747 267.044960 231.711643 215.594501 183.123630 164.931148 156.636026 131.690617 100.673284 50.498183 67.663038 88.984457 114.069547 100.226451 63.079450 38.580357 21.846910 15.305929 55.122293 124.222455 217.793294 259.290011 207.941113 165.791050 135.870376 124.246886 98.287175 138.207699 212.931491 214.464050 162.395212 121.053136 106.836308 61.157789 7.465224 0.000000
0.000000 0.000000 0.000000 0.419043 35.261334 82.670109 95.953759 66.150501 21.285969 0.000000 0.000000 10.642166 39.221504 94.413510 129.138568 109.925428 53.603664 7.265078 11.644082 28.247209 26.799330 13.967843 63.097770 231.566757 378.889017 424.839471 348.554372 225.129442 181.171742 134.832968 103.184282 92.298617 90.537811 99.630798 119.305172 112.157448 107.537622 94.736112 69.468146 80.768161 94.552524 118.561929 132.521037 107.816846 82.264678 68.456047 105.212716 139.367787 154.933103 120.259787 75.559068 63.024820 60.238382 42.762633 88.732491 187.198372 212.202747 111.518997 36.347716 15.158910 2.861113 0.000000 0.000000
0.000000 0.000000 0.000000 0.000000 7.821134 34.922034 45.941710 31.308202 5.932132 0.000000 0.000000 4.978678 21.638848 44.240181 61.052129 45.234415 13.258615 0.000000 0.000000 0.164724 0.071567 26.940905 337.237975 643.687399 667.871996 451.736812 243.844279 343.302141 378.230922 226.357041 129.721023 120.448312 107.047739 114.332071 136.970526 201.023650 240.070998 243.041023 263.225673 213.141926 174.245443 197.637053 243.863442 256.875463 214.352980 129.390844 93.219221 80.890998 76.198433 77.278151 83.494553 86.010074 68.638330 45.243612 148.269187 304.768930 345.231799 208.398328 28.052721 0.000000 0.000000 0.000000 0.000000
0.000000 0.000000 0.000000 0.000000 0.000000 2.428577 6.183589 1.888292 0.000000 0.000000 0.000000 0.000000 4.335320 8.784945 6.636088 0.329482 0.000000 0.000000 0.000000 0.000000 5.797332 205.292288 752.043565 1072.260688 978.964970 628.484107 492.829609 947.553941 1116.695764 834.475370 381.763870 211.240475 182.314922 151.064458 158.864648 248.433435 323.947447 450.968696 533.486814 454.334272 331.675925 245.908982 273.088859 317.257935 268.745594 163.550892 77.243453 32.738473 38.495138 72.272651 91.794493 99.793553 82.198958 81.714301 260.770645 465.216277 533.448125 377.969793 101.550276 0.000000 0.000000 0.000000 0.000000
0.000000 0.000000 0.000000 0.000000 0.000000 0.000000 0.000000 0.000000 0.000000 0.000000 0.000000 0.000000 0.000000 0.000000 0.000000 0.000000 0.000000 0.000000 0.000000 0.000000 88.970481 422.598749 993.994162 1264.366012 1022.471197 588.725234 719.183327 1407.980378 1671.962785 1343.688029 667.155902 256.850485 188.146072 126.846679 109.480225 183.149461 285.746054 471.822146 592.225798 525.110448 374.213108 209.364497 194.468258 233.156264 195.025464 119.962894 53.447616 5.878170 11.628459 43.004309 65.760597 74.198518 74.244124 95.860872 291.810694 575.839543 760.425143 608.846501 243.446501 17.683801 0.000000 0.000000 0.000000
0.000000 0.000000 0.000000 0.000000 0.000000 0.000000 0.000000 0.000000 0.000000 0.000000 0.000000 0.000000 0.000000 0.000000 0.000000 0.000000 0.000000 0.000000 0.000000 1.980860 149.522637 457.374690 845.301425 1008.078600 741.127942 332.089195 595.741715 1300.018830 1585.764218 1270.786389 596.921975 203.189772 118.796712 61.480136 51.477623 67.772023 121.918273 265.980892 394.539585 388.004075 260.461353 87.796283 60.659558 71.923701 62.785810 45.704749 12.488724 0.000000 0.267426 12.199971 26.066356 31.946927 46.925114 95.559997 268.597366 875.386158 1314.870146 1106.475313 491.802231 81.526254 0.000000 0.000000 0.000000
