InitialVersion/ascfiles2/tmp_kdeout67.asc
ncols        704
nrows        293
xllcorner    827.296065
yllcorner    924.742280
cellsize     0.500000000000000
NODATA_value -999.000000
[rows 56 to 83 of 293, columns 126 to 188 of 704]
0.000000 0.000000 0.000000 0.000000 0.000000 0.000000 0.000000 0.000000 0.000000 0.000000 0.000000 2.610900 8.869656 8.368605 1.849057 0.000000 0.000000 0.000000 0.000000 0.000000 0.000000 0.000000 0.000000 0.353112 43.046940 100.796495 132.151229 115.585652 69.736539 40.772627 25.946369 13.647653 3.134403 0.006674 9.033186 40.242466 63.978515 53.046783 49.602234 93.397109 133.469828 196.262068 302.597173 402.127378 334.457420 136.897760 81.004699 108.426905 104.944528 104.347207 178.297991 396.010236 577.119203 542.870144 326.234019 161.871529 176.959931 251.127215 325.514104 434.175446 529.069382 485.535177 337.814955
0.000000 0.000000 0.000000 0.000000 0.000000 0.000000 0.000000 0.000000 0.146837 2.264341 1.389195 0.000000 0.000000 0.000000 0.000000 0.000000 1.187276 1.790003 0.019179 0.000000 0.000000 0.000000 0.000000 0.734450 36.109157 93.396858 125.625312 113.130538 70.570297 47.335674 56.660945 71.481663 56.329588 25.578213 0.520819 4.403461 11.738373 17.453245 31.748305 76.353310 131.332965 254.732840 611.571829 891.788753 835.272457 480.503451 203.591077 182.267213 145.934154 108.522990 207.001413 521.547950 753.325134 721.700638 495.216367 308.673598 250.123213 284.622393 313.015538 307.695823 338.842120 296.441341 213.683677
0.000000 0.000000 0.000000 0.000000 0.000000 0.000000 0.000000 0.770672 11.882979 20.873469 17.999803 6.094848 0.000000 0.000000 0.000000 6.310192 17.707339 19.858584 10.607230 0.371783 0.000000 0.000000 0.000000 0.000000 12.220495 68.182556 125.495106 135.864067 105.624957 74.414929 100.335924 123.722998 110.937445 66.670568 11.993043 0.043141 12.837317 30.364794 35.882743 55.635370 111.689332 295.653034 805.731421 1204.549040 1178.185445 804.656503 408.332820 273.269047 183.938503 108.292500 163.467688 417.503918 646.403754 682.163419 607.060572 530.881750 514.146319 457.939532 340.894543 265.823253 198.988001 146.564384 106.375850
0.000000 0.000000 0.000000 0.000000 0.000000 0.000000 0.000000 6.220756 25.638374 38.254404 34.326507 16.687551 0.745608 0.000000 1.079469 17.494858 34.558937 37.539801 24.280752 5.200298 0.000000 0.000000 0.000000 0.000000 3.137012 54.378731 120.939750 152.568756 135.388289 88.415102 100.457525 124.986806 121.003392 76.984708 16.514646 0.478516 16.540207 35.933683 49.212121 70.693272 129.854859 279.057647 710.242381 1067.122924 1080.640314 792.961917 433.508245 302.339854 209.723523 143.487908 150.178100 243.923420 402.467378 495.671702 582.027184 684.140659 737.803582 623.313098 447.527080 316.119297 170.270535 62.258646 73.767093
0.000000 0.000000 0.000000 0.000000 0.000000 0.000000 0.000000 7.446634 40.973806 66.083705 47.054968 18.147347 1.065107 0.000000 1.592492 19.409756 37.230131 40.321714 26.527807 6.266917 0.000000 0.000000 0.000000 0.000000 0.710071 42.001372 101.926768 136.415390 114.435644 57.068453 55.927351 81.153950 82.930057 47.334823 4.826702 0.000000 9.630466 26.680138 48.811722 85.883277 145.590225 205.368947 379.822324 584.431173 603.448610 439.695905 299.705820 259.527102 191.634941 151.045833 166.944421 199.026953 260.632862 324.065378 485.578797 652.740699 694.245177 604.162493 460.449679 335.137210 194.742383 94.685071 99.789011
0.000000 0.000000 0.000000 0.000000 0.000000 0.000000 0.000000 30.358813 125.061377 176.012087 129.440918 31.673744 0.000000 0.000000 0.001383 10.118151 23.784189 26.267591 15.411662 1.634907 0.000000 0.000000 0.000000 0.000000 0.000000 13.573343 48.877139 70.429253 55.796068 32.384086 29.249374 41.462204 31.974441 6.283411 0.000000 0.000000 0.478756 8.570909 29.350460 76.617967 135.591432 171.985276 154.977071 143.118312 135.571984 159.852268 216.368787 224.722833 178.100135 171.301471 229.272307 274.147294 308.016428 300.659818 342.458088 389.972907 382.557923 379.787229 354.404988 301.679015 204.591842 112.390324 114.562384
0.000000 0.000000 0.000000 0.000000 0.000000 0.000000 1.743535 78.014440 212.384681 283.803555 222.673490 78.594986 0.281941 0.000000 0.000000 0.258518 4.859583 6.015906 1.570790 0.000000 0.000000 0.157027 3.147459 2.904429 0.034841 0.000000 10.837357 32.253432 47.072623 68.181943 72.889217 57.155493 23.766573 2.547260 0.000000 0.000000 0.093855 13.776589 37.315618 74.328586 108.482813 129.432633 115.235718 86.836784 74.439942 140.907632 224.603954 236.540862 206.122590 234.258879 305.602889 353.273853 347.272941 281.672978 196.813321 116.657217 89.394925 144.482598 208.976503 211.417457 150.260595 77.413868 123.790603
0.000000 0.000000 0.000000 0.000000 0.000000 0.000000 1.579148 84.693776 247.250979 339.253913 279.827609 110.322536 2.376567 0.000000 0.000000 0.000000 0.000000 0.000000 0.000000 0.000000 0.243585 11.016403 22.061230 21.409767 9.668918 2.042368 23.848573 70.456725 118.932797 154.057368 137.591154 90.948493 38.677467 2.596446 0.000000 0.000000 11.673909 64.338102 114.470096 121.510197 93.151323 71.669110 70.646346 68.805017 68.041131 136.184774 220.878063 235.849530 214.248064 235.195895 311.904539 347.467500 303.962344 206.558777 118.272711 37.794568 12.417071 48.277048 97.440137 105.353631 60.841724 40.442945 130.848737
0.000000 0.000000 0.000000 0.000000 0.000000 0.000000 0.000000 43.615787 198.839554 303.371091 260.317958 111.030623 8.861740 0.000000 0.000000 0.000000 0.000000 0.000000 0.000000 0.000000 3.875634 22.984506 38.094295 39.061000 28.945265 9.762413 36.366958 94.726869 150.547775 179.716667 151.596688 90.956702 35.721087 0.863243 0.000000 0.561487 32.890607 130.033890 204.087827 192.850119 113.423745 36.958241 23.964433 30.012297 33.744782 71.279293 166.386865 212.336113 191.310566 183.546852 241.167506 247.462668 175.914088 92.728894 42.524169 7.261386 8.016397 28.286954 44.093102 39.081937 19.078354 38.259499 200.297449
0.000000 0.000000 0.000000 0.000000 0.000000 0.000000 0.000000 12.452464 105.377303 190.144281 177.128534 94.938480 17.077616 0.000000 0.000000 0.000000 0.000000 0.000000 0.000000 0.000000 3.984300 23.248057 45.741411 89.565879 101.446680 65.291858 38.171903 71.942417 114.240464 127.914915 99.571613 63.581651 37.120217 17.714583 7.267614 15.457449 55.634708 153.024023 219.060155 206.960372 114.008072 21.517113 0.410166 2.311780 13.519654 40.021868 122.689626 179.743745 162.928181 123.323149 108.267167 104.708478 58.286690 30.526967 9.588014 0.000000 1.516804 13.350260 25.132427 24.851670 20.768513 59.868453 205.712347
0.000000 0.000000 0.000000 0.000000 0.000000 0.000000 0.000000 2.972691 53.641900 108.087624 111.511615 63.584180 11.884352 0.000000 0.000000 0.000000 0.000000 0.000000 0.000000 0.000000 0.331509 11.568984 58.152391 133.897985 162.168343 125.462603 54.784229 23.372552 40.000832 42.074832 37.994323 53.452197 62.076995 52.770873 35.398966 32.119108 55.248821 114.660599 163.342558 156.008856 87.565757 24.772409 3.919452 5.878898 22.632182 53.684247 126.852281 171.125002 152.355265 85.129402 23.059779 19.202770 21.186720 13.212946 1.655111 0.000000 0.000000 15.295095 54.325867 65.739502 63.906616 69.845276 151.166502
0.000000 0.000000 0.000000 0.000000 0.000000 0.000000 0.000000 0.000000 12.274045 38.757625 42.939914 22.548922 1.230136 0.000000 0.000000 0.000000 0.000000 0.000000 0.000000 0.000000 0.000000 0.284416 44.814829 125.689252 164.515547 136.906026 61.474781 10.953021 17.980200 13.419434 19.941084 56.909978 81.173888 71.570854 50.106710 37.002556 47.479035 72.997230 96.310431 94.705729 57.855445 30.578497 10.164931 10.771041 31.552043 52.060365 97.609848 121.039742 100.998824 49.591965 4.647600 1.126993 5.732317 13.136040 15.032792 7.438230 0.634201 45.327736 104.944711 132.064288 114.689775 86.707200 101.631299
0.000000 0.000000 0.000000 0.000000 0.000000 0.000000 0.000000 0.000000 0.637361 2.818385 3.830400 0.141373 0.000000 0.000000 0.000000 0.000000 0.000000 0.000000 0.000000 0.000000 0.000000 0.000000 16.228054 75.098116 109.287762 100.674815 79.530016 97.352613 99.307194 63.025063 35.892874 57.568769 78.978881 62.444222 34.058667 24.183586 37.483581 50.121836 62.030675 67.932749 55.238482 36.631454 13.515249 7.950789 51.262631 90.303056 88.033944 60.237575 28.915826 25.526120 46.333984 46.245818 33.159953 32.245121 36.038607 22.503917 8.652134 77.183651 200.113543 262.230586 219.314307 142.381377 97.135892
0.000000 0.000000 0.000000 0.000000 0.000000 0.392393 1.852543 7.398556 16.729365 16.150496 6.248351 0.000000 0.000000 0.000000 0.000000 0.000000 0.000000 0.000000 0.000000 0.000000 0.000000 0.000000 3.196400 29.457058 70.395104 103.391487 140.129762 189.910415 185.121397 116.048190 61.263516 50.082351 61.485587 45.234792 12.936662 8.475297 20.004613 32.537372 43.765814 58.845546 75.042807 67.105340 40.010160 27.378612 88.585963 140.248299 124.962737 60.790960 26.677003 86.431743 144.079530 140.192091 101.442522 67.568229 67.189256 53.624824 64.747295 178.710085 337.049680 406.546369 423.479243 363.769797 258.592627
0.000000 0.000000 0.000000 0.000000 9.145258 39.832692 53.455801 49.879311 36.848395 34.373157 18.868292 1.896007 0.000000 0.000000 0.000000 0.000000 0.000000 0.000000 0.000000 0.000000 0.000000 0.469985 25.294357 78.758567 154.505896 211.555340 230.817513 228.213074 194.352311 120.165553 62.856018 41.828489 55.420271 66.458653 65.859014 51.994905 26.812599 28.674328 41.570562 74.478427 102.443504 104.196271 76.239926 59.231966 107.108905 161.106271 145.232330 84.973597 73.052259 156.842538 213.341067 192.644272 139.213172 96.186097 96.978860 108.785239 211.839373 369.425338 476.190103 506.039487 559.704913 557.715003 446.300349
0.000000 0.000000 0.000000 0.440710 39.868138 92.294935 112.642707 99.951605 60.111991 39.178158 22.469003 3.144732 0.000000 0.000000 0.000000 0.000000 0.000000 0.000000 0.000000 0.268037 7.731904 23.741846 60.165611 137.528471 217.823534 258.146500 235.986389 181.794559 118.444386 61.923082 30.008572 35.287316 70.412299 111.357314 133.041610 116.974590 60.209170 38.691473 61.795331 110.344180 142.139915 123.239451 83.417510 52.885806 100.407008 155.487063 139.007120 90.347807 89.926027 168.676689 209.611922 174.015066 120.994179 104.978937 127.707498 182.334822 332.498268 489.070743 544.054396 502.107477 511.425371 541.423721 478.606117
0.000000 0.000000 0.000000 1.913458 50.512614 108.139956 126.343152 104.972254 55.525701 27.122410 13.607394 0.521300 0.000000 0.000000 0.030668 3.428865 1.444636 0.000000 0.000000 8.756272 33.798209 58.648385 86.018431 136.515055 195.912402 199.926020 149.547817 76.111913 24.083253 5.753380 3.896915 15.893226 59.219302 117.268426 163.864393 150.813464 83.952778 53.046943 87.843789 134.957278 151.693905 111.339260 52.038808 34.677003 83.868635 129.422714 112.603680 79.946540 111.453861 211.483465 299.659524 243.845700 155.461253 132.573637 132.046654 199.687695 376.914545 509.036085 481.313090 347.112498 287.802901 338.910424 345.028819
0.000000 0.000000 0.000000 0.039299 29.165138 75.454207 89.759031 62.159824 20.308088 7.338025 1.415579 0.000000 0.000000 2.976128 33.485802 55.264265 43.515653 11.169715 0.269079 15.624354 47.216095 74.340434 78.890000 76.839026 99.399248 96.633661 53.893720 9.072915 0.000000 0.000000 0.000000 0.386228 26.056358 85.934911 132.232948 123.255337 67.619254 45.163612 80.648959 120.242532 112.357486 63.973151 14.684059 25.139590 94.144787 142.058642 161.875329 164.888888 267.655691 554.131733 755.167160 679.026459 401.032370 216.914836 157.731827 202.007900 347.838907 439.159944 372.164702 201.170531 127.332414 147.793544 155.647726
0.000000 0.000000 0.000000 0.000000 1.637777 20.049755 27.656717 12.567824 0.000000 3.323061 6.929635 3.976843 0.000000 22.924724 79.118822 111.012264 93.809184 40.439333 1.459962 12.241040 35.883234 57.834657 55.911679 52.287993 149.604818 271.779144 192.331820 29.470579 0.000000 0.000000 0.000000 0.000000 1.053218 33.045633 61.914794 59.834339 33.623814 17.846215 46.152914 72.025272 62.738027 30.150754 10.607915 45.576770 117.656321 184.750706 228.731916 257.310751 472.468586 880.624344 1137.568837 1048.911776 633.576752 279.044591 188.008293 204.836904 279.725550 321.825445 262.179727 138.621471 80.040077 75.366694 80.062997
0.000000 0.000000 0.000000 0.000000 0.000000 0.000000 0.000000 0.000000 4.811480 19.808849 27.669775 21.362783 6.431602 29.183365 90.221393 123.964524 105.616894 48.108252 2.093967 2.550291 14.608905 32.967030 42.288886 206.950457 662.603838 943.799486 774.428505 307.687635 23.406714 1.663237 0.000000 0.000000 0.000000 6.259075 20.056415 24.952211 19.638666 10.090013 13.660553 23.175267 22.293631 10.258598 22.965651 69.034871 129.697175 187.742664 239.168370 286.704270 499.412155 887.408232 1095.411274 975.203849 562.155165 228.593907 161.115960 182.423957 227.293766 235.269458 205.932742 131.160695 80.713327 50.891791 42.191155
0.458164 0.000000 0.000000 0.000000 0.000000 0.000000 0.000000 0.000000 11.381071 31.705785 41.477238 33.663956 13.809667 12.802633 57.810792 85.138325 69.956061 25.193751 0.037474 0.000000 11.073956 30.398634 70.274788 430.497672 1081.719552 1432.666218 1207.135176 585.936712 102.161698 17.579419 4.164694 0.000000 0.000000 0.000000 2.757799 8.656846 20.524935 27.924821 22.743170 8.388614 1.119959 1.711477 34.044823 73.798845 111.290909 157.211635 208.091621 264.958995 344.446327 550.529562 655.797073 521.604655 244.685962 110.091544 105.606986 128.101333 146.732413 149.894386 150.333908 119.141816 81.508842 46.476127 19.553238
17.134816 2.861656 0.000000 0.000000 0.000000 0.000000 0.000000 0.000000 9.646919 28.763416 38.101571 30.629908 11.892156 0.000000 10.629917 23.276562 15.569582 0.438726 0.000000 0.138168 14.909897 37.943593 86.366860 415.279231 1031.449236 1377.982344 1167.461976 567.037656 122.045635 33.741712 12.177560 0.000000 0.000000 0.000000 0.000000 9.759888 30.295007 41.427078 35.057921 16.859122 5.346829 5.282652 25.545613 56.890343 81.555417 111.207661 134.946579 186.516602 204.543690 203.087672 203.203229 110.050655 32.407475 29.361439 59.486074 67.503277 70.547916 88.044517 120.609500 107.299313 59.596761 22.482199 1.901905
32.159666 11.457236 0.000000 0.000000 0.000000 0.000000 0.000000 0.000000 1.933775 13.306495 19.867527 14.585393 3.003822 0.000000 0.000000 0.000000 0.000000 0.000000 0.000000 0.000000 8.734539 26.065783 92.715704 275.036365 626.815365 841.715041 668.683190 292.850450 102.379729 43.692099 13.570902 1.662503 6.940826 6.411012 0.963812 7.999641 27.305357 38.036167 33.258369 28.295932 25.181307 22.257808 18.234599 25.882992 43.943013 82.367275 105.241490 129.621626 130.091724 100.245676 67.228019 24.427966 2.675763 12.468430 22.717670 26.543571 35.676668 51.362467 70.025301 57.629090 26.177504 3.575520 0.000000
33.137427 13.179470 0.003191 0.000000 0.000000 0.000000 0.000000 0.000000 0.000000 0.234982 1.675064 0.430369 0.000000 0.000000 0.000000 0.000000 0.000000 0.000000 0.000000 0.000000 0.362171 20.098429 125.322597 268.628109 351.123493 342.794858 223.474999 144.460872 100.918882 49.774436 19.460863 16.575729 27.501064 28.321890 21.181975 15.217157 38.825830 59.134482 52.150276 50.782400 50.305365 42.604972 42.465240 37.556525 45.651840 74.153847 103.373771 97.187446 72.759609 50.183675 28.781868 10.708280 2.784895 5.704067 11.231973 11.685818 21.272065 26.187716 23.846465 12.040429 0.126258 0.000000 0.000000
20.741654 5.895877 0.000000 0.000000 0.000000 0.000000 0.000000 0.000000 0.000000 0.000000 0.000000 0.000000 0.000000 0.000000 0.000000 0.000000 0.000000 0.000000 0.000000 0.000000 0.000000 30.608385 187.589457 337.898731 375.870239 291.134007 172.592415 183.695404 169.998759 99.456331 56.126421 61.054161 63.221513 59.639859 51.690231 63.126967 101.605679 140.274259 200.125779 195.845718 129.417874 77.494577 73.775007 78.069707 99.601061 107.852054 113.273672 95.611078 57.255657 46.412378 39.357226 29.806508 39.786853 64.259851 103.161342 106.008459 69.116259 32.292598 6.297791 0.266099 0.000000 0.000000 0.000000
3.626656 0.000000 0.000000 0.000000 0.000000 0.000000 0.000000 0.000000 0.000000 0.000000 0.000000 0.000000 0.000000 0.000000 0.000000 0.000000 0.000000 0.000000 0.000000 0.000000 12.858907 97.983340 267.931181 367.617294 352.260311 242.205730 214.084096 379.839532 443.372858 330.582722 154.254057 94.763805 93.645304 78.894007 63.178669 92.571085 150.924554 268.572905 384.192185 372.565413 248.081609 110.621592 76.603248 94.657485 117.351938 119.632549 113.207126 92.074758 54.967384 52.411751 48.553384 46.000137 82.554829 137.621624 208.401812 213.245895 145.429886 70.219610 9.985441 0.000000 0.000000 0.000000 0.000000
0.000000 0.000000 0.000000 0.000000 0.000000 0.000000 0.000000 0.000000 0.000000 0.000000 0.000000 0.000000 0.000000 0.000000 0.000000 0.000000 0.000000 0.000000 0.000000 4.338600 86.970853 211.798983 324.363381 359.712615 290.012225 202.182028 304.983139 561.027059 666.542948 526.331952 252.533897 103.589183 82.936294 61.917075 43.650777 72.544596 133.201262 281.216406 417.032817 405.871763 271.484315 101.917678 47.829186 67.627244 83.958572 80.565672 70.901185 52.585102 29.584084 32.577890 34.673464 40.245694 82.248153 147.011701 225.016238 243.709759 191.711834 111.557918 32.323610 1.231018 0.000000 0.000000 0.000000
0.000000 0.000000 0.000000 0.000000 0.000000 0.000000 0.000000 0.000000 0.000000 0.000000 0.000000 0.000000 0.000000 0.000000 0.000000 0.000000 0.000000 0.000000 0.015927 30.863503 160.340404 284.907380 338.758660 324.540896 246.736300 191.745320 328.857897 555.170680 644.528517 496.581874 225.885918 77.316760 42.980517 20.807737 15.732175 23.366977 49.596284 157.018297 270.884009 281.176120 183.074109 43.775955 10.594995 19.345772 24.296363 29.608782 26.491012 10.983854 2.726692 5.728283 13.651353 13.636202 40.642076 103.848897 188.538183 260.055405 278.925723 197.963906 71.880467 12.935521 0.000000 0.000000 0.000000
