InitialVersion/ascfiles2/tmp_kdeout29.asc
ncols        704
nrows        293
xllcorner    827.296065
yllcorner    924.742280
cellsize     0.500000000000000
NODATA_value -999.000000
[rows 28 to 55 of 293, columns 315 to 377 of 704]
0.000000 0.000000 0.000000 0.000000 0.000000 0.000000 0.000000 0.000000 0.000000 0.000000 0.000000 0.000000 0.000000 0.000000 0.000000 0.000000 0.000000 1.413477 18.977486 39.012571 179.259969 570.617093 873.462687 1019.057754 1116.600483 975.102775 722.984084 409.339299 83.410228 0.000000 0.000000 0.000000 0.000000 0.000000 0.000000 0.000000 0.000000 0.000000 0.000000 0.000000 0.000000 0.000000 0.000000 0.000000 0.000000 0.000000 0.000000 0.000000 5.069666 42.781610 64.766168 45.890987 10.780573 0.000230 10.059956 24.599775 23.816425 25.891215 20.816147 6.473511 0.000000 0.000000 0.000000
0.000000 0.000000 0.000000 0.000000 0.000000 0.000000 0.000000 0.000000 0.000000 0.000000 0.000000 0.000000 0.000000 0.055308 0.000000 0.112935 0.000116 1.050341 17.977671 130.950204 803.053415 1664.324905 2413.063922 2461.264210 1973.272554 1360.488744 633.847750 245.873943 22.465500 0.000000 0.000000 0.000000 0.000000 0.000000 0.000000 0.000000 0.000000 0.000000 0.000000 0.000000 0.000000 0.000000 0.000000 0.000000 0.000000 0.000000 0.000000 0.122375 37.637993 108.279293 140.683438 109.718075 40.685656 30.409139 110.149562 145.941516 110.217461 38.577985 9.639964 0.000000 0.000000 0.000000 0.000000
0.000000 0.000000 0.000000 0.000000 0.000000 0.000000 0.000000 0.000000 0.000000 0.000000 0.000000 0.027983 8.478398 18.503040 21.319719 19.760712 30.974580 50.166113 68.499060 352.657195 1365.720744 2503.242833 3417.281723 3398.359148 2429.065209 1435.716636 741.106670 496.814127 247.661274 8.962352 0.000000 0.000000 0.000000 0.000000 0.000000 0.000000 0.000000 0.000000 0.000000 0.000000 0.000000 0.000000 0.000000 0.000000 0.000000 0.000000 0.000000 2.126851 51.966308 130.392572 164.838853 130.172798 58.720594 97.311190 220.249312 277.099238 222.515548 99.652358 20.997342 3.565724 0.000000 0.000000 0.000000
0.000000 0.000000 0.000000 0.000000 0.000000 0.000000 0.000000 0.000000 0.000000 0.000000 0.000000 7.468127 40.932333 68.683174 101.742297 138.097308 235.031542 376.616101 390.308744 517.873374 1256.390013 2247.419142 3032.963743 2990.289867 2093.983106 1488.634201 1497.108259 1735.614187 1290.363570 370.898122 2.579439 0.000000 0.000000 0.000000 0.000000 0.000000 0.000000 0.000000 0.000000 0.000000 0.000000 0.000000 0.000000 0.000000 0.000000 0.000000 0.000000 0.558164 30.826127 91.892963 120.003929 90.026672 39.377158 108.118600 238.004984 298.240692 241.304114 110.799648 26.704504 6.118577 0.000000 0.000000 0.000000
0.000000 0.000000 0.000000 0.000000 0.000000 0.000000 0.000000 0.000000 0.000000 0.000639 5.262931 31.578767 83.143036 133.900680 214.410385 327.289498 584.213014 807.906791 748.411412 574.923667 703.906841 1168.592033 1558.309671 1607.509338 1357.855762 1533.919526 2418.324428 3002.344404 2378.142795 1001.748197 114.671544 5.668890 0.000000 0.000000 0.000000 0.000000 0.000000 0.000000 0.000000 0.000000 0.000000 0.000000 0.000000 0.000000 0.000000 0.000000 0.000000 0.000000 6.329543 28.412972 43.868254 22.353172 8.624315 54.996107 147.527460 192.149868 147.395201 56.677323 18.533895 2.595733 0.000000 0.000000 0.000000
0.000000 0.000000 0.000000 0.000000 0.000000 0.000000 0.000000 0.000000 0.000000 5.940154 22.529727 67.290923 141.297813 198.236035 310.991713 472.217415 955.520941 1451.362840 1215.418696 589.991833 258.975195 244.089506 543.901866 1302.154252 2148.877302 3206.324741 4219.050766 4343.965153 3390.515100 1571.056290 415.591122 104.062882 0.037466 0.000000 0.000000 0.000000 0.000000 0.000000 0.000000 0.000000 0.000000 0.000000 0.288475 9.693095 13.266171 4.510546 0.000000 7.809577 33.727330 98.296050 116.532996 66.889668 6.971628 9.396294 29.290994 42.212399 24.174443 10.505405 3.979794 0.000000 0.000000 0.000000 0.000000
0.000000 0.000000 0.000000 0.000000 0.000000 0.000000 0.000000 0.000000 0.000000 11.877616 61.331046 142.522845 229.339990 270.688713 352.309735 738.980298 1842.004249 2601.642589 2211.181820 989.979137 146.681762 177.147611 894.964045 2626.762491 4711.235371 6110.357147 6622.357348 5815.263253 4069.247302 1949.708224 667.131305 251.670968 27.903617 16.434870 3.266402 0.000000 0.000000 0.000000 0.000000 0.155051 7.459444 21.117402 38.918730 57.599408 59.363243 35.711040 15.113955 35.793767 126.019604 234.146368 249.018211 167.113116 50.129838 0.000000 0.119616 0.000000 0.201546 2.020451 0.000000 0.000000 0.000000 0.000000 0.000000
0.000000 0.000000 0.000000 0.000000 0.000000 0.000000 0.000000 0.000000 0.000000 14.072980 97.859685 212.159920 326.912370 360.921177 380.104763 1007.114116 2380.015816 3148.401051 2687.792665 1299.795755 213.396068 295.525908 1237.961035 3412.068012 6155.909401 8197.481462 8623.041129 7134.287064 4685.801490 2428.768809 894.840552 428.506098 216.259246 190.226849 103.830371 14.258227 0.000000 0.000000 11.149874 110.471534 183.532500 151.751477 138.762454 146.699806 116.121082 76.814983 42.044255 66.901887 210.163434 336.345522 331.312042 207.884369 65.763793 0.000000 0.000000 38.261718 163.901145 196.871791 97.915978 1.653595 0.000000 0.000000 0.000000
0.000000 0.000000 0.000000 0.000000 0.000000 0.000000 0.000000 0.000000 0.000000 8.034179 91.544941 248.461414 491.835699 603.009076 529.498926 900.521793 2124.969425 2779.498452 2314.549737 1083.432428 232.019905 375.136711 1042.711781 2749.796288 5530.192661 7926.732175 8803.359939 7574.784020 5194.897286 3109.433366 1509.163766 900.860663 701.109529 501.633097 271.536911 75.051776 1.596813 38.570450 291.797237 623.058921 736.773274 579.271280 338.529815 240.601744 169.064287 97.332462 47.799602 83.703548 201.870879 308.062922 290.756297 165.034690 31.276943 0.000000 4.856522 194.507805 422.672771 474.040866 309.354413 65.408607 0.000000 0.000000 0.000000
0.000000 0.000000 0.000000 0.000000 0.000000 0.000000 0.000000 0.000000 0.000000 4.546975 78.991125 409.458945 854.228822 1007.868163 851.944297 619.845755 1114.950330 1525.123438 1178.265213 417.992952 243.139250 527.840374 1002.512291 1971.534610 3944.194840 5760.364894 6709.406052 6562.384068 6272.260189 6825.568348 6001.202787 3567.643338 1597.011431 885.917497 396.415384 100.172856 20.408608 180.191420 671.784365 1151.246797 1264.123708 955.981362 526.520208 282.793337 180.497083 104.358392 60.690173 89.813160 137.542395 176.332873 150.933214 64.611279 0.000000 0.804778 31.084517 279.533704 528.904124 581.557539 396.723068 107.201221 0.000000 0.000000 0.000000
0.000000 0.000000 0.000000 0.000000 0.000000 0.000000 0.000000 0.000000 0.039610 16.672775 86.332938 500.998706 1010.149513 1174.500942 960.917428 540.542861 290.286977 291.078815 152.256587 89.841400 314.222552 790.036329 1558.782741 2434.791651 3463.170992 4399.691667 5014.874911 5925.008537 9178.012971 12431.347135 12386.584549 8421.504224 3333.839796 1204.019976 398.007216 88.862178 93.804754 358.062639 965.558966 1452.289078 1396.344749 935.966173 476.680142 254.262353 184.337977 136.480540 101.874365 101.222559 108.156149 91.419634 60.763293 24.446955 9.138393 22.692020 53.411462 230.690297 433.900961 460.592187 294.197897 54.673743 0.000000 0.000000 0.000000
0.000000 0.000000 0.000000 0.000000 0.000000 0.000000 0.000000 0.000000 0.303696 21.248963 80.756600 373.900883 794.084040 929.616196 710.839572 335.555872 136.391698 73.154447 25.747226 89.176547 391.332474 1010.772065 1995.543162 2980.837227 3488.345896 3856.477901 4126.245515 5348.873605 10128.802772 14576.956960 14751.177564 10238.506735 4037.435365 1111.574855 278.070189 116.342947 203.600682 600.666753 1122.856193 1436.180222 1197.928151 574.995983 249.604687 199.098438 193.574206 178.747290 136.692096 114.253037 79.280617 43.606760 30.442023 31.320615 31.339367 51.614171 74.900791 112.043898 207.329608 205.160121 98.876559 12.844100 0.019424 2.498176 2.666598
0.000000 0.000000 0.000000 0.000000 0.000000 0.000000 0.000000 0.000000 0.000000 10.345289 44.696436 123.889714 342.707943 412.599377 255.515599 51.665752 19.947927 3.055645 54.628464 213.688408 532.837739 1018.697425 1712.326536 2449.448712 2795.537762 2858.855574 3068.851782 3848.903600 7602.347299 11191.290106 11151.080007 7349.417155 2467.827703 614.607757 155.289254 154.820989 277.041843 658.280182 1038.712565 1089.451442 758.619734 253.942001 100.832763 140.310111 169.058497 172.079534 182.157126 188.723175 140.244657 61.724280 37.329248 41.502656 39.777971 54.540840 70.523566 83.435212 78.268697 58.838439 62.872785 49.667742 27.783218 21.299969 23.885559
0.000000 0.000000 0.000000 0.000000 0.000000 0.000000 0.000000 0.000000 0.000000 0.106888 8.725177 18.498067 17.907829 17.467032 0.332627 0.000000 0.000000 2.897361 122.341779 332.123009 580.524233 816.078234 975.276764 1133.532029 1275.932210 1386.581871 1784.247886 2190.642196 3038.434152 4496.092575 4325.800373 2316.833403 583.349799 186.121191 69.096263 130.254894 211.154916 477.268791 728.992133 729.700790 464.853297 161.815427 132.048725 161.385476 152.327249 186.369038 237.436377 254.502610 206.149841 102.502646 40.149215 35.037242 38.456759 43.762656 51.817308 50.944211 42.714279 60.981597 89.770645 85.260634 69.617819 59.237398 58.892379
0.000000 0.000000 0.000000 0.000000 0.000000 0.000000 0.000000 0.000000 0.000000 0.000000 0.000000 0.000000 0.000000 0.000000 0.000000 0.000000 0.000000 3.334556 113.692652 304.916916 486.835665 576.502720 497.069678 332.315513 225.866629 326.217852 648.931670 880.896187 803.555048 566.561448 359.015462 210.440567 98.241757 70.884388 175.843860 224.398986 137.072302 150.024676 280.378735 299.391919 193.810297 159.171460 216.323243 239.353067 227.247142 248.047445 316.212083 307.819150 239.306598 115.495115 27.360383 18.020583 32.535535 38.721719 37.422788 23.457587 10.729096 47.704199 82.684870 87.668639 84.073595 77.708519 76.368832
0.000000 0.000000 0.000000 0.000000 0.000000 0.000000 0.000000 0.000000 0.000000 0.000000 0.000000 0.000000 0.000000 0.000000 0.000000 0.000000 0.000000 0.000000 38.768182 151.380889 236.328632 236.566826 149.675918 92.965334 49.837719 58.463258 88.323029 92.863001 73.823676 64.893321 82.311895 79.888251 91.283930 339.328036 609.963213 626.701175 351.993308 44.813321 8.789447 16.879202 56.963217 179.858769 250.446971 276.628310 276.727432 292.547388 357.535168 338.560414 242.580820 122.239049 25.156652 3.653928 24.377614 49.459706 42.298972 23.528284 3.893385 21.182760 52.036113 60.608754 54.615187 54.213650 75.268045
0.000000 0.000000 0.000000 0.000000 0.000000 0.000000 0.000000 0.000000 0.000000 0.000000 0.000000 0.000000 0.000000 0.000000 0.000000 0.000000 0.000000 0.000000 0.571807 15.130752 27.923498 10.786352 2.462662 12.324920 29.195590 56.468957 83.036759 84.624520 62.509270 76.981626 113.751658 108.092559 155.690793 540.422399 887.738799 899.440670 548.207417 109.641668 0.000000 0.000000 27.256460 124.135324 183.526407 205.876189 231.374981 263.356122 301.321917 269.732272 199.275326 128.495203 57.950827 26.345977 106.648581 155.706286 115.405216 35.661522 6.558170 4.343317 14.517440 19.132329 9.043573 71.423647 186.878798
0.000000 0.000000 0.000000 0.000000 0.000000 0.000000 0.000000 0.000000 0.000000 0.000000 0.000000 0.000000 0.000000 0.000000 0.000000 0.000000 0.000000 0.000000 0.000000 0.000000 0.000000 0.000000 0.000000 1.983181 19.904609 76.172528 122.207496 133.102273 109.588847 111.312337 141.679192 128.470268 131.917626 448.272920 783.329341 797.484132 470.315859 80.306516 0.000000 0.000000 0.797832 29.645663 60.746061 63.533375 114.928339 179.473911 212.953024 206.057843 181.219077 133.695284 78.079738 111.028665 228.867628 281.904453 214.374669 93.918960 26.443075 19.548711 5.076370 0.000000 10.324611 149.397654 309.596289
0.000000 0.000000 0.000000 0.000000 0.000000 0.000000 0.000000 0.000000 0.000000 0.000000 0.000000 0.000000 0.000000 0.000000 0.000000 0.000000 0.000000 0.000000 0.000000 0.000000 0.000000 0.000000 0.000000 0.000000 13.140768 78.508779 138.939523 151.415437 124.856113 113.336631 130.294665 115.641657 62.563463 160.262108 376.440605 386.477120 176.282286 7.588405 0.000000 0.000000 0.519825 2.205695 1.875257 19.349041 70.801049 129.093659 181.104399 202.760142 176.957976 109.807772 64.079315 141.627067 271.800911 320.504689 249.584260 118.240801 41.500314 32.389363 13.180185 0.712673 12.746578 161.788376 324.435919
0.000000 0.000000 0.000000 0.000000 0.000000 0.000000 0.000000 0.000000 0.000000 0.000000 0.000000 0.000000 0.000000 0.000000 0.000000 0.000000 0.000000 0.000000 0.000000 0.000000 0.000000 0.000000 0.000000 0.000000 3.697167 59.920232 116.464509 120.393118 82.439492 73.126002 96.512046 85.225784 37.630590 1.630883 21.269924 25.007922 1.664929 0.000000 0.000000 2.579806 14.549914 27.991567 44.484571 69.283667 95.421537 147.890548 193.504455 188.087512 150.957934 73.508402 32.488212 86.145853 192.387798 230.585034 169.398769 70.505437 38.860616 37.791423 28.279264 16.818056 7.235902 79.610656 202.017235
0.000000 0.000000 0.000000 0.000000 0.000000 0.000000 0.000000 0.000000 0.000000 0.000000 0.000000 0.000000 0.000000 0.000000 0.000000 0.000000 0.000000 0.000000 0.000000 0.000000 0.000000 0.000000 0.000000 0.000000 0.396672 21.291513 56.905364 61.605889 32.750861 24.764321 35.522822 28.847846 5.284725 0.000000 0.000000 0.000000 0.000000 0.000000 0.089862 14.036408 45.514141 116.906983 179.991999 197.604528 160.317799 157.453431 176.158321 164.475948 118.141323 44.265300 3.281200 22.643804 59.136391 76.016915 36.380539 15.062696 24.011811 36.864568 39.370508 34.928736 19.618007 3.509471 37.021554
0.000000 0.000000 0.000000 0.000000 0.000000 0.000000 0.000000 0.000000 0.000000 0.000000 0.000000 0.000000 0.000000 0.000000 0.000000 0.000000 0.000000 0.000000 0.000000 0.000000 0.000000 0.000000 0.000000 0.000000 0.000000 6.655004 20.074922 24.340101 15.515104 2.239702 0.000650 0.000000 0.000000 0.000000 0.000000 0.000000 0.000000 0.020094 9.923742 34.094930 97.678423 196.906964 269.063542 272.277503 194.278565 110.794925 97.406561 109.695739 106.445041 46.351224 5.078800 13.875838 42.387719 52.922986 42.375717 16.827513 18.253799 42.984138 57.566160 46.643094 22.949678 3.467190 0.000000
0.000000 0.000000 0.000000 0.000000 0.000000 0.000000 0.000000 0.000000 0.000000 0.000000 0.000000 0.000000 0.000000 0.000000 0.000000 0.000000 0.000000 0.000000 0.000000 0.000000 0.000000 0.000000 0.000000 0.000000 0.000000 0.000000 2.670667 4.535592 6.222770 8.090033 10.828988 10.562200 4.519036 0.000000 0.000000 0.000000 0.000000 2.385382 20.729020 42.217778 99.539408 189.814288 245.886270 233.926607 150.469312 54.360413 39.388573 101.627404 134.727442 108.473372 53.008806 50.330238 106.416639 143.397289 123.142288 69.697401 42.826284 52.591819 62.622258 46.528267 15.874226 0.601692 0.000000
0.000000 0.000000 0.000000 0.000000 0.000000 0.000000 0.000000 0.000000 0.000000 0.000000 0.000000 0.000000 0.000000 0.000000 0.000000 0.000000 0.000000 0.000000 0.000000 0.000000 0.000000 0.000000 0.000000 0.000000 0.000000 0.000000 0.000000 9.248043 23.675102 52.760718 83.975879 74.141262 35.423174 3.599171 0.000000 0.000000 0.000000 2.248421 20.321329 36.828543 52.458203 101.540177 125.335006 115.042916 57.428170 15.240364 39.862992 122.527083 168.184074 144.108657 82.862013 72.877860 150.681451 200.465065 175.544969 103.583340 57.787923 46.439048 46.009997 29.233626 4.423031 0.000000 0.000000
0.000000 0.000000 0.000000 0.000000 0.000000 0.000000 0.000000 0.000000 0.000000 0.000000 0.000000 0.000000 0.000000 0.000000 0.000000 0.000000 0.000000 0.000000 0.000000 0.000000 0.000000 0.000000 0.000000 0.000000 0.000000 0.000000 0.891460 17.736775 42.178159 112.318121 162.762479 148.267479 85.102350 14.483492 0.000000 0.000000 0.000000 0.000046 9.091506 20.939286 21.987749 17.019261 18.330110 10.221910 2.571049 3.683229 25.410782 94.807714 135.469363 113.619166 59.064841 55.697102 131.011638 177.342003 168.572210 112.208375 58.597507 30.637058 25.622961 12.565698 0.336402 0.000000 0.000000
0.000000 0.000000 0.000000 0.000000 0.000000 0.000000 0.000000 0.000000 0.000000 0.000000 0.000000 0.000000 3.576636 7.317972 4.290862 0.000000 0.000000 0.000000 0.000000 0.000000 0.000000 0.000000 0.000000 7.726422 16.660286 8.215325 0.444763 15.478240 43.708937 120.927748 175.520051 162.242092 96.638814 18.370224 0.000000 0.000000 0.000000 0.000000 0.005594 6.018971 21.865918 25.359989 11.036695 6.947089 19.844439 23.290037 14.815994 31.867947 54.996975 41.541500 10.464156 33.696632 80.347669 121.075784 133.368689 109.694225 71.529380 35.521840 10.430888 0.864174 0.000000 0.000000 0.000000
0.000000 0.000000 0.000000 0.000000 0.000000 0.000000 0.000000 0.000000 0.000000 0.000000 0.000000 4.953324 20.135799 28.103449 21.785865 6.687843 0.000000 0.000000 0.000000 0.000000 0.000000 0.000000 15.428410 65.792975 101.004834 80.551322 23.347334 4.987497 19.376691 69.796888 113.455885 107.272393 58.831454 5.017806 0.000000 0.000000 0.000000 0.000000 0.488050 27.972517 71.970501 85.519000 57.387759 28.096483 34.973029 39.502047 27.129720 7.206342 0.156972 0.000000 4.775572 25.614178 51.138345 87.876566 119.426916 123.700564 106.301683 57.860174 18.410072 2.219185 0.000000 0.000000 0.000000
0.000000 0.000000 0.000000 0.000000 0.000000 0.000000 0.000000 0.000000 0.000000 0.000000 0.000000 11.383800 31.760838 41.597999 33.824873 13.946257 0.042153 0.000000 0.000000 0.000000 0.000000 0.089367 41.117965 130.287013 183.796214 160.006636 74.204976 5.204159 0.733073 10.121625 30.653300 31.819097 10.298976 0.000000 0.000000 0.000000 0.000000 0.000000 2.785845 49.403282 105.855630 122.600384 88.426265 43.889368 35.114144 39.645212 27.248387 7.267564 0.000000 0.000000 4.343142 23.479242 38.913470 70.458483 106.701678 126.212458 112.379683 61.107030 25.249933 4.947082 0.000000 0.000000 0.000000
