InitialVersion/ascfiles2/tmp_kdeout55.asc
ncols        704
nrows        293
xllcorner    827.296065
yllcorner    924.742280
cellsize     0.500000000000000
NODATA_value -999.000000
[rows 28 to 55 of 293, columns 315 to 377 of 704]
0.000000 0.000000 0.000000 0.000000 0.000000 0.000000 0.000000 0.000000 0.000000 0.000000 0.000000 0.000000 0.000000 0.000000 0.000000 0.000000 0.000000 1.417060 18.982104 62.038981 277.816718 683.623119 894.673247 859.162825 854.581132 720.631389 514.369040 290.946408 64.788757 0.000000 0.000000 0.000000 0.000000 0.000000 0.000000 0.000000 0.000000 0.000000 0.000000 0.000000 0.000000 0.000000 0.000000 0.000000 0.000000 0.000000 0.000000 0.000000 0.000000 0.000000 0.000000 0.000000 8.299825 21.604743 25.212306 16.910874 2.184215 0.000000 0.000000 1.661594 13.704876 21.783501 17.512875
0.000000 0.000000 0.000000 0.000000 0.000000 0.000000 0.000000 0.000000 0.000000 0.000000 0.000000 0.000000 0.000000 0.000000 0.000000 0.000000 0.012926 1.391656 19.184162 142.709096 844.061991 1639.508266 2079.193280 1846.271191 1330.319818 917.967660 446.713951 182.755981 18.664273 0.000000 0.000000 0.000000 0.000000 0.000000 0.000000 0.000000 0.000000 0.000000 0.000000 0.000000 0.000000 0.000000 0.000000 0.000000 0.000000 0.000000 0.000000 0.000000 0.000000 0.000000 0.000000 0.000000 0.006328 6.098958 19.351516 21.962843 14.928213 2.922772 0.000000 8.210189 27.860704 38.982466 33.190884
0.000000 0.000000 0.000000 0.000000 0.000000 0.000000 0.000000 0.000000 0.000000 0.000000 0.000000 0.000000 0.000000 1.246580 5.570504 7.045935 14.795016 19.864028 38.790158 340.072999 1342.458269 2295.073286 2804.825569 2466.178726 1524.875711 883.563920 507.341772 341.806769 142.807637 2.105522 0.000000 0.000000 0.000000 0.000000 0.000000 0.000000 0.000000 0.000000 0.000000 0.000000 0.000000 0.000000 0.000000 0.000000 0.000000 1.890204 8.106455 8.247289 2.098801 0.000000 0.000000 0.000000 0.000000 10.815280 30.005195 38.676325 30.389283 11.279890 0.000000 8.963711 29.234860 40.604896 34.689226
0.000000 0.000000 0.000000 0.000000 0.000000 0.000000 0.000000 0.000000 0.000000 0.000000 0.000000 0.000000 3.194590 18.059773 37.293973 56.314000 93.647811 242.998521 321.979772 482.439972 1233.916545 2035.217243 2436.273299 2064.109556 1212.228366 943.556282 1000.884868 1081.290309 714.585180 153.089539 2.803313 0.000000 0.000000 0.000000 0.000000 0.000000 0.000000 0.000000 0.000000 0.000000 0.000000 0.000000 0.000000 0.000000 0.814510 14.611890 28.035827 28.297213 15.182143 1.051917 0.000000 0.000000 0.000000 12.179340 32.250265 41.219753 32.648418 12.672080 0.000000 2.805081 16.710264 25.533709 20.890823
0.000000 0.000000 0.000000 0.000000 0.000000 0.000000 0.000000 0.000000 0.000000 0.000639 7.206991 28.435926 45.772885 77.296237 108.753618 149.379042 330.569351 585.658947 677.065329 561.967148 696.387888 1055.239047 1225.337547 1057.232485 835.028138 1097.016811 1616.712774 1814.955362 1274.619569 455.871052 69.770899 13.304729 0.000000 0.000000 0.000000 0.000000 0.000000 0.000000 0.000000 0.000000 0.000000 0.000000 0.000000 0.000000 4.237620 23.513298 39.625501 39.936137 23.974918 4.103145 0.226625 0.000000 0.000000 5.032896 19.646634 26.768018 19.957664 5.351391 0.000000 0.000000 1.745040 5.227030 3.253798
0.000000 0.000000 0.000000 0.000000 0.000000 0.000000 0.000000 0.000000 0.000000 5.947287 36.188278 82.795700 107.112339 141.937991 181.461116 252.161230 574.114049 982.147630 1004.062694 623.154986 276.077031 184.412293 365.284385 876.794580 1519.902010 2451.407051 3109.399391 2902.638814 2010.374958 798.155708 284.350346 97.432580 6.121667 0.000000 0.000000 0.000000 0.000000 0.000000 0.000000 0.000000 0.000000 1.778382 2.062922 8.660823 19.014434 33.814518 38.613027 34.477863 21.801871 14.032805 15.438758 9.079511 0.421871 0.000000 3.021555 6.148373 3.144273 0.000000 0.228170 0.145640 0.000000 0.000000 0.000000
0.000000 0.000000 0.000000 0.000000 0.000000 0.000000 0.000000 0.000000 0.000000 12.371973 62.596013 122.454322 154.095530 191.929817 232.837596 381.558856 984.870850 1528.847107 1444.972717 780.130919 155.253362 104.251032 573.917234 1759.701353 3224.026929 4472.898182 4894.894055 4158.661952 2693.135435 1208.626032 497.806313 218.739742 46.103694 16.989219 3.776832 0.000000 0.000000 0.000000 0.000000 0.647837 9.916934 19.439433 24.809193 32.739619 35.914640 38.724681 31.457119 16.459063 18.239763 29.191971 35.220365 25.187139 7.048877 0.000000 0.000000 0.000000 0.100773 7.092058 15.111018 14.373540 5.051211 0.000000 0.000000
0.000000 0.000000 0.000000 0.000000 0.000000 0.000000 0.000000 0.000000 0.000000 12.172769 60.375953 123.735921 178.319637 199.958101 238.499422 502.514582 1186.407239 1660.612003 1511.176571 784.909006 140.491696 159.143110 782.465576 2220.393266 4046.719026 5599.361688 5975.025592 4908.252318 3189.167145 1652.658863 730.605857 381.507189 227.480471 186.567553 96.018291 14.360870 0.000000 0.000000 12.760460 51.999529 74.861903 59.370927 48.161135 50.321298 44.684137 39.909178 24.576207 4.241942 15.850576 35.530000 42.151517 31.096507 10.321552 0.000000 0.199314 9.487636 26.674532 43.465940 44.478673 33.733383 17.719017 1.483353 0.000000
0.000000 0.000000 0.000000 0.000000 0.000000 0.000000 0.000000 0.000000 0.000000 4.299279 35.409647 96.764373 189.228364 228.211474 247.286895 433.203312 1024.893011 1385.124707 1190.864696 604.219037 163.586102 231.696283 685.796817 1806.754834 3519.816821 5076.978478 5647.303488 4939.516007 3442.793405 2123.857625 1286.423582 858.831900 662.845755 479.931826 247.780403 67.690769 1.902378 15.805372 118.863659 237.927094 276.972024 208.165220 96.734959 55.870215 39.855920 44.834117 36.499197 17.987429 13.650065 25.712391 31.387491 21.962891 5.395174 0.000000 7.898788 37.116032 66.804603 84.683913 74.638046 53.715283 26.562906 3.000257 0.000000
0.000000 0.000000 0.000000 0.000000 0.000000 0.000000 0.000000 0.000000 0.000000 0.082290 21.616635 112.189366 271.357232 345.965120 331.607959 276.917024 507.659719 730.362697 598.061929 267.030579 176.878897 362.111852 721.114664 1489.605839 2642.158231 3641.294995 4133.109640 4090.494058 4053.648533 4693.302699 4403.578432 2835.883509 1386.483415 787.167933 363.149018 88.484525 5.595189 68.616585 257.128342 440.963190 484.354900 358.208834 180.827057 81.852918 63.953836 58.028244 49.306291 32.373139 12.080679 7.469626 10.658768 5.516773 0.000000 0.021512 14.188564 50.223608 79.572513 95.004437 101.370720 84.695604 52.687539 12.979785 0.000000
0.000000 0.000000 0.000000 0.000000 0.000000 0.000000 0.000000 0.000000 0.000000 0.424731 17.091970 135.558074 302.001385 379.559138 341.570387 215.988259 125.788147 122.024044 87.004404 100.497184 232.713529 543.547213 1137.020181 1852.428605 2530.420401 2988.665852 3244.755028 3734.597835 6084.439537 8668.192224 8927.573780 6303.735172 2650.392795 995.608391 348.584734 50.220970 7.551995 99.457144 353.770318 566.003558 565.548370 401.594552 242.615832 178.574407 170.063095 131.700301 70.623933 41.685157 10.992935 0.000000 0.000000 0.000000 0.000000 0.000000 10.076614 37.115170 60.176559 75.727634 94.398053 92.408187 70.411242 31.299519 0.756548
0.000000 0.000000 0.000000 0.000000 0.000000 0.000000 0.000000 0.000000 0.000000 0.033819 12.826508 98.331002 238.673100 291.873954 240.363882 135.622179 60.800248 29.848222 34.838463 110.234757 265.694064 688.679131 1452.884212 2235.077638 2615.214851 2618.029624 2590.156412 3228.501894 6652.332978 10179.741525 10649.618679 7630.372661 3111.249557 872.674403 212.581249 4.755892 4.705169 158.498796 410.496476 584.389361 544.420655 335.278734 269.720953 287.608528 277.927304 215.387993 93.920740 34.071850 4.145781 0.000000 0.000000 0.000000 0.000000 0.000000 1.411946 11.245938 22.083700 35.675322 61.936105 80.631768 68.991789 31.682292 0.817040
0.000000 0.000000 0.000000 0.000000 0.000000 0.000000 0.000000 0.000000 0.000000 0.000000 2.744753 24.509451 100.481775 135.003302 89.543885 22.301935 7.500350 5.524012 58.929816 141.959553 337.793078 724.885070 1346.574866 1933.611865 2086.424703 1803.713917 1613.546585 2010.464051 4775.432391 7787.467638 8178.623042 5594.510865 1931.520866 460.739660 78.795589 0.038956 12.957258 180.061110 386.160775 467.014040 398.251257 225.347266 227.099823 294.432791 293.949792 220.488741 95.817642 25.197385 2.732977 0.000000 0.000000 0.000000 0.000000 0.000000 0.000000 0.000000 0.295393 8.090391 44.789339 65.407760 49.268370 13.419500 0.000000
0.000000 0.000000 0.000000 0.000000 0.000000 0.000000 0.000000 0.000000 0.000000 0.000000 0.000000 0.054820 1.053915 6.519872 1.398873 0.000000 0.000000 21.606410 96.262368 171.014361 347.177258 614.930699 897.143938 1093.133459 1021.343186 816.192046 752.178252 912.135946 1723.564758 3197.642343 3379.243107 1907.097136 484.677756 111.418325 18.878236 0.000000 7.905428 130.140469 282.847809 325.993360 261.096980 158.753462 182.849930 227.674446 203.162903 154.699912 77.264850 32.869636 14.773323 0.631064 0.000000 0.000000 0.000000 0.000000 0.000000 0.000000 0.315715 14.694755 34.091262 44.592335 29.600013 5.964420 0.000000
0.000000 0.000000 0.000000 0.000000 0.000000 0.000000 0.000000 0.000000 0.000000 0.000000 0.000000 0.000000 0.000000 0.000000 0.000000 0.000000 0.000000 21.938961 92.901095 154.949985 268.487559 417.617154 513.590216 475.006651 306.361266 204.322614 219.181039 300.403351 370.467399 417.525274 349.154668 180.390912 41.395819 40.214934 77.038273 64.419000 14.287727 41.312660 121.925416 143.825184 119.222067 117.011739 144.929235 142.226209 102.993187 67.877913 47.797688 39.019904 21.576860 2.546824 0.000000 0.000000 0.000000 0.000000 0.000000 0.000000 0.933860 17.959396 36.743359 41.443933 28.794505 8.103673 0.000000
0.000000 0.000000 0.000000 0.000000 0.000000 0.000000 0.000000 0.000000 0.000000 0.000000 0.000000 0.000000 0.000000 0.000000 0.000000 0.000000 0.000000 7.064893 45.033735 82.122647 111.935343 153.483751 171.901968 133.840853 65.290410 46.782863 48.905929 39.026046 21.325362 15.866132 17.960482 4.776796 36.386415 156.691690 252.683932 230.791087 110.617951 8.331870 5.755093 11.818557 40.379816 99.401919 123.438508 97.506471 45.804215 23.926771 33.110270 31.364055 15.990886 0.901831 0.000000 0.000000 0.960915 6.658600 1.687330 0.000000 0.000000 10.205601 25.184317 29.100242 18.686764 3.252478 0.000000
0.000000 0.000000 0.000000 0.000000 0.000000 0.000000 0.000000 0.000000 0.000000 0.000000 0.000000 0.000000 0.000000 0.000000 0.000000 0.000000 0.000000 0.000000 4.222043 11.927738 7.948616 2.437445 5.478362 5.199354 22.864286 45.302409 55.047347 39.410658 10.733575 0.000000 0.000000 5.787820 66.255357 234.529814 353.137326 328.505841 180.240154 31.621956 0.000000 0.224179 19.679064 63.529376 83.547697 62.011135 18.922416 5.599334 13.397152 12.294992 3.628721 0.000000 0.000000 7.829934 53.241883 79.363048 58.167066 11.928401 0.000000 0.495162 6.388026 8.430432 3.355768 0.000000 0.000000
0.000000 0.000000 0.000000 0.000000 0.000000 0.000000 0.000000 0.000000 0.000000 0.000000 0.000000 0.000000 0.000000 0.000000 0.000000 0.000000 0.000000 0.000000 0.000000 0.000000 0.000000 0.000000 0.000000 0.317311 13.987538 43.138987 58.349036 46.808506 20.858627 2.864295 0.000000 1.902443 44.977287 192.304625 302.336724 281.501531 149.403840 21.005094 0.000000 0.000000 0.567854 12.422500 22.186618 12.693637 0.923203 9.740629 10.489635 6.633943 0.408279 0.000000 0.000000 38.741921 115.116478 152.319001 122.323130 47.403325 0.000000 0.000000 0.000000 0.000000 0.000000 0.000000 0.000000
0.000000 0.000000 0.000000 0.000000 0.000000 0.000000 0.000000 0.000000 0.000000 0.000000 0.000000 0.000000 0.000000 0.000000 0.000000 0.000000 0.000000 0.000000 0.000000 0.000000 0.000000 0.000000 0.000000 0.000000 3.783639 27.115957 43.521391 40.190763 24.097623 4.238220 0.000000 0.000000 7.813744 67.131239 137.397240 126.893270 52.308283 3.650664 0.318143 0.000000 0.000000 0.000000 0.000000 11.993877 99.924739 158.350869 127.319184 52.428327 19.049062 1.892801 0.000000 45.712849 126.940954 165.882715 134.511774 55.102591 0.217434 0.000000 0.000000 0.000000 0.000000 0.000000 0.000000
0.000000 0.000000 0.000000 0.000000 0.000000 0.000000 0.000000 0.000000 0.000000 0.000000 0.000000 0.000000 0.000000 0.000000 0.000000 0.000000 0.000000 0.000000 0.000000 0.000000 0.000000 0.000000 0.000000 0.000000 0.564509 13.630447 26.882542 27.353117 14.649700 0.955024 0.000000 0.000000 0.000000 1.440983 5.699427 12.642969 31.323522 40.046307 25.123306 2.719343 0.000000 2.634107 13.108077 100.649074 263.338427 356.597404 300.857880 139.973469 39.738717 9.004839 0.000000 19.399793 79.372384 110.711264 85.390074 25.683274 0.000000 0.000000 0.008459 0.425834 0.000000 0.000000 0.000000
0.000000 0.000000 0.000000 0.000000 0.000000 0.000000 0.000000 0.000000 0.000000 0.000000 0.000000 0.000000 0.000000 0.000000 0.000000 0.000000 0.000000 0.000000 0.000000 0.000000 0.000000 0.000000 0.000000 0.000000 0.000000 1.352086 7.052670 7.294696 4.276484 3.489161 0.460435 0.000000 0.000000 0.000000 0.154118 27.235843 63.962292 76.197465 55.278606 24.556108 16.710902 58.523835 94.682734 207.771047 345.779630 421.455070 355.625578 169.198057 40.752686 10.286284 0.000000 0.000000 13.368666 27.762544 15.915925 0.002410 0.000000 3.396608 13.213138 16.364799 9.974355 0.677965 0.000000
0.000000 0.000000 0.000000 0.000000 0.000000 0.000000 0.000000 0.000000 0.000000 0.000000 0.000000 0.000000 0.000000 0.000000 0.000000 0.000000 0.000000 0.000000 0.000000 0.000000 0.000000 0.000000 0.000000 0.000000 0.000000 0.000000 0.000000 7.941411 20.467457 22.871663 12.910058 0.913879 0.000000 0.000000 0.556675 31.050808 69.742056 82.517852 80.462501 65.292991 81.659227 138.836461 159.885693 220.238125 294.420938 308.248986 246.102829 120.675582 68.031386 43.262827 9.605807 0.000000 0.000000 0.105505 7.342044 13.304541 18.269027 31.438261 47.242594 43.162607 26.043595 7.664364 0.000000
0.000000 0.000000 0.000000 0.000000 0.000000 0.000000 0.000000 0.000000 0.000000 0.000000 0.000000 0.000000 0.000000 0.000000 0.000000 0.000000 0.000000 0.000000 0.000000 0.000000 0.000000 0.000000 0.000000 0.000000 0.000000 0.000000 1.279354 18.440038 39.886857 44.193067 26.807601 5.920189 0.000000 0.000000 0.000000 15.042611 44.319993 58.696140 77.329834 82.118935 112.970061 164.687274 171.234027 149.766811 144.561326 121.692940 93.335664 83.021733 109.214968 93.137394 41.671876 0.566212 0.000000 6.124287 23.615085 36.876226 49.652335 62.614944 70.492233 61.715819 33.515691 10.665580 0.000000
0.000000 0.000000 0.000000 0.000000 0.000000 0.000000 0.000000 0.000000 0.000000 0.000000 0.000000 0.000000 0.000000 0.000000 0.000000 0.000000 0.000000 0.000000 0.000000 0.000000 0.000000 0.000000 0.000000 0.000000 0.000000 0.000000 1.322882 27.743660 58.704369 73.474828 66.745779 34.402743 10.370103 0.000000 0.000000 0.018841 8.503691 16.727879 43.689300 71.778455 85.318224 110.751094 107.722187 85.843117 49.934369 35.783220 57.516811 103.214027 125.716171 110.235604 53.347226 2.850434 0.000000 10.092905 30.932942 46.621110 60.074544 64.740420 63.984046 52.889843 24.688852 5.361401 0.000000
0.000000 0.000000 0.000000 0.000000 0.000000 0.000000 0.000000 0.000000 0.000000 0.000000 0.000000 0.000000 0.000000 0.000000 0.000000 0.000000 0.000000 0.000000 0.000000 0.000000 0.000000 0.000000 0.000000 0.000000 0.000000 0.000000 1.388651 27.120460 60.742293 98.456909 104.443516 73.211351 38.466995 5.440732 0.000000 0.000000 0.000000 0.000000 15.700202 39.058742 42.115921 27.153971 18.875493 18.282167 32.523469 48.673987 50.559449 78.835706 92.285225 79.118760 42.116766 15.780347 10.859816 9.094659 55.775575 85.434775 74.610056 39.515264 32.333674 22.467890 5.417335 0.000000 0.000000
0.000000 0.000000 0.000000 0.000000 0.000000 0.000000 0.000000 0.000000 0.000000 0.000000 0.000000 0.000000 0.000000 0.000000 0.000000 0.000000 0.000000 0.000000 0.000000 0.000000 0.000000 0.000000 0.090029 5.651730 9.041534 4.790762 1.073900 17.639179 44.776585 88.214448 105.086457 92.933312 66.030401 26.648649 8.181650 0.004675 0.000000 0.000000 0.000000 3.919645 4.927459 0.170070 0.000000 16.727989 58.111287 76.317062 54.810476 27.329042 28.810952 30.679065 29.128211 35.536921 27.923405 42.774839 108.549417 146.061021 113.031105 41.157713 6.037032 0.884571 0.000000 0.000000 0.000000
0.000000 0.000000 0.000000 0.000000 0.000000 0.000000 0.000000 0.000000 0.000000 0.000000 0.000000 0.000000 0.000000 0.000000 0.000000 0.000000 0.000000 0.000694 0.000000 0.000000 0.000000 0.000000 7.627137 23.416076 29.905518 21.626781 5.686392 6.812477 20.810551 52.660918 73.348258 80.488236 68.790584 39.215040 21.596671 3.441910 0.000000 0.000000 0.000000 0.000000 0.000000 0.000000 1.371616 33.535154 73.444798 88.194218 61.793587 15.433687 0.000000 12.343468 32.852666 42.281344 33.935118 65.554159 133.718584 169.759086 134.558586 52.929887 0.003051 0.000000 0.000000 0.000000 0.000000
0.000000 0.000000 0.000000 0.000000 0.000000 0.000000 0.000000 0.000000 0.000000 0.000000 0.000000 0.000000 0.000000 0.000000 0.000000 1.812933 10.304217 13.146956 6.728925 0.013099 0.000000 0.062848 14.255875 34.257424 42.023610 32.085751 11.550373 0.000000 1.765676 9.504582 23.664160 42.961229 45.644097 40.077084 24.863928 4.815351 0.000000 0.000000 0.000000 0.000000 0.000000 0.000000 1.409569 33.721793 70.215489 79.290424 54.496774 14.535128 0.000000 6.795101 23.281965 31.313257 24.194593 41.281932 103.647205 135.090199 103.721303 34.336313 0.000000 0.000000 0.000000 0.000000 0.000000
