InitialVersion/ascfiles2/tmp_kdeout26.asc
ncols        704
nrows        293
xllcorner    827.296065
yllcorner    924.742280
cellsize     0.500000000000000
NODATA_value -999.000000
[rows 56 to 83 of 293, columns 126 to 188 of 704]
9.947063 31.247406 50.135368 48.258394 23.957889 0.725671 0.000000 1.412215 3.565449 7.564202 8.734832 15.571352 58.544071 66.161800 29.320638 20.309518 39.827850 48.704965 38.304770 21.820643 3.334998 0.000000 3.519121 75.959619 357.435748 652.765045 683.898664 503.443408 317.173651 268.372510 264.956737 277.455799 352.436675 520.794635 647.748488 729.417739 653.374757 491.481849 496.466551 967.980505 1633.549005 3021.408270 5013.288761 6016.797237 4539.484604 1730.665255 1125.382609 1774.679813 2310.623510 2674.848023 3560.670866 5939.591577 7489.120203 6442.597112 3407.754717 944.886579 463.906039 777.377276 1884.714164 4102.742931 6100.189276 5947.212314 4467.514267
5.534835 22.536412 32.423595 26.971193 10.529223 0.000000 0.212196 8.816593 11.820391 5.086376 1.207940 7.299453 26.065871 36.741637 31.022564 13.583361 9.828756 20.137641 20.206343 9.192756 0.034930 0.000000 9.091224 100.059320 337.071286 595.521068 695.937160 578.661992 325.643139 217.185693 329.731054 513.163448 675.328699 670.290717 846.672964 1104.547949 1128.472136 1018.958670 815.034000 1209.447920 1907.237864 4120.761029 8936.035812 11735.715407 9712.138104 4700.523704 1762.083051 2178.732702 2588.924335 2734.708693 4187.089013 7954.864734 10169.214925 8879.625650 5314.211125 2693.724103 1901.737429 1538.221315 1599.102631 2460.899339 3798.066494 3841.946052 3176.430275
0.010741 6.241346 11.869317 8.669463 0.991801 0.000000 18.152735 46.091556 62.505849 52.633481 22.082938 16.410170 30.287170 41.723738 35.613368 16.247484 8.735860 19.141276 18.018257 5.886732 0.000000 0.004616 11.622960 82.903161 254.520678 707.202074 1195.597122 1197.467747 746.288514 271.744945 515.962269 863.230115 997.126384 883.463315 990.713767 1312.896279 1598.501794 1671.606618 1333.160572 1336.471752 1873.529287 4680.618726 11028.850760 14844.932312 12940.331319 7118.908231 2595.597940 2159.794389 2489.111091 2570.578552 3997.943168 7482.215721 9670.648727 8894.612514 6884.984861 5877.201614 5818.694295 4460.415903 2548.335618 1908.705853 1936.383687 1935.111184 1390.461626
2.077085 0.000000 0.000000 0.000000 5.096329 13.503653 45.473497 89.487062 156.610301 169.610643 95.923106 27.439767 21.326999 29.263596 24.185603 12.695514 22.070946 35.912224 34.101840 17.968817 2.537883 11.319433 23.372694 56.098693 287.178224 1056.008705 1770.268153 1780.392107 1164.802371 478.897610 537.246608 918.655156 996.254649 753.209467 727.830301 1067.383510 1553.297901 1796.024691 1599.071192 1467.513489 1686.153676 3784.956898 9208.017343 12832.991863 11516.818818 6525.874192 2381.970949 1962.589273 2224.992568 2350.279017 3300.307858 5184.655621 6622.205946 6498.497120 6784.321877 8344.527343 9248.755750 7510.378288 4660.649031 3000.463101 1720.230771 853.140296 648.199357
17.800348 3.751851 0.000000 3.872525 20.922179 41.912672 67.435166 219.308052 589.403051 787.164117 426.472635 82.056273 7.764778 8.480122 5.858177 5.616259 25.633630 40.420030 38.497956 21.196431 10.872202 27.177678 37.136408 78.866954 351.019935 1091.381367 1801.612798 1846.565648 1226.776928 478.547884 370.966338 627.736151 670.318777 427.485383 265.690655 552.498528 998.565678 1320.831498 1473.602521 1458.417236 1283.445166 2132.132471 4825.922483 7287.473724 6400.026885 3410.092600 1885.525746 2098.306391 2100.074085 2167.787690 2760.583223 3448.693477 4107.348920 4410.604555 6030.664078 8383.204761 9422.471435 8218.632670 5995.639597 4439.149056 2858.114091 1428.579217 977.500476
30.793299 11.066457 4.093512 23.600893 118.796710 202.264978 240.771473 776.130231 2046.264596 2600.213432 1834.514762 459.556763 14.550967 4.085526 0.179060 1.532223 15.842386 27.825180 26.234423 12.399138 11.169036 31.530681 52.212859 89.998578 296.025335 717.640593 1216.508884 1248.166331 827.126676 381.807869 266.804645 253.713889 211.506320 113.760327 75.169394 197.837390 385.188908 663.525471 976.597965 1139.625634 1185.013993 1457.665679 1890.861504 2298.631748 1998.228442 1908.247186 2695.048277 3040.451713 2581.115715 2588.253383 3133.856770 3615.259817 4170.205128 4269.035186 5036.402946 6008.658743 6315.920740 6054.109577 5708.039800 5193.538031 3797.390828 2076.123701 1332.813408
40.001797 51.050764 62.502713 105.860081 253.156608 395.250597 457.472748 1524.426548 3298.556762 4123.907309 3155.122430 1118.739659 52.349718 23.009763 10.231908 0.023382 2.101981 7.532442 6.717760 6.240891 14.707221 28.892362 52.724157 67.099121 193.034778 367.404047 495.623155 554.979272 665.905706 1041.972425 1014.798919 546.862191 127.936170 151.244280 244.743487 271.576239 223.375467 330.928691 651.960577 870.057199 968.031990 1219.688856 1384.725030 1434.200949 1471.821626 2417.499768 3649.087017 3818.078873 3531.833352 4409.949929 5231.310112 5242.275309 4639.664745 4310.782408 3975.426810 3451.405414 2949.391577 3397.927986 4189.048759 4378.966774 3450.725119 1952.454923 1426.236907
57.614670 97.130236 123.811965 169.948504 301.353851 437.318744 462.881249 1489.904213 3461.227073 4432.535487 3487.144586 1343.941586 69.254823 37.512181 20.490153 2.192709 0.000000 0.000000 6.064785 22.223129 34.730616 54.881801 70.917412 89.311956 165.795041 270.914687 392.408812 639.666127 1399.868468 2125.936482 2097.583065 1388.008422 586.650619 485.144785 592.120242 522.746141 471.914917 985.520041 1618.130189 1612.115061 1041.227362 864.096935 1117.780903 1199.097551 1347.759445 2313.623925 3455.788203 3757.420089 4229.390093 5546.981790 6545.063600 6025.029698 4492.699227 3594.340256 3379.863706 2505.295799 1775.584150 1701.581254 2275.065868 2503.907721 2018.880923 1240.758478 1592.258739
54.318554 110.217934 134.110912 139.142122 209.115619 297.634612 292.096989 727.170476 2299.949400 3189.837103 2519.948674 956.549884 91.992095 36.058552 23.830717 13.659260 11.051027 3.114374 14.348896 40.086655 79.277461 114.293325 136.762973 166.046924 286.192492 355.044460 481.600414 820.748334 1693.296235 2461.009523 2475.332069 1746.544262 890.632257 701.420394 778.867536 686.507909 915.661725 1883.519431 2748.601088 2625.226706 1577.313893 673.417700 725.688792 954.780970 1059.060879 1551.613980 2672.786249 3430.378597 4178.422989 5432.014734 6095.401429 4895.944103 2877.727562 2119.072575 2417.860563 2149.033825 1640.200228 1161.315244 925.086103 937.322579 850.760304 756.195307 2151.064000
31.547377 82.254875 97.068677 69.805010 135.889283 219.070835 115.637367 157.711510 831.231654 1405.326864 1159.614200 511.713756 71.854121 21.985127 26.539086 32.344529 44.390861 43.428155 41.549838 63.340860 108.601108 152.896573 214.162998 503.065335 744.386591 722.183913 548.807548 642.517434 1239.786057 1890.908227 1918.352450 1334.547511 698.483029 630.157117 661.429457 576.375226 890.336455 2002.503669 2908.293245 2755.753605 1636.385490 612.264418 669.852004 993.208475 1129.537547 1216.387363 2097.061725 2931.255989 3574.261292 4418.715421 4197.056544 2946.743867 1317.583134 1264.704588 1849.746729 2090.237159 1671.274168 1020.720137 552.456719 484.244856 539.339055 685.324987 1985.312155
11.146054 48.614921 60.917379 253.010924 668.853293 807.809094 509.821064 78.029632 276.646168 541.432350 506.273782 212.129727 18.526778 7.155346 25.494580 58.409851 100.970191 121.484611 99.484699 74.285809 92.485111 133.221636 330.221427 818.391519 1101.788297 1007.538552 629.430111 396.249176 673.659229 1070.211628 1118.544624 846.900558 551.964770 529.275661 404.038035 263.778464 388.529692 1230.266743 1970.413828 1882.768726 1103.191890 510.585547 672.467562 973.936824 1031.800167 1092.334087 1885.531262 2667.853183 3017.983601 2878.992380 2169.898373 1381.818103 917.923233 1071.970966 1572.028421 1749.614104 1453.174340 1108.001324 828.569906 876.130358 988.789667 982.457650 1629.133692
28.301786 63.194472 100.884330 599.630243 1190.959243 1353.402209 956.898832 285.811684 25.276779 83.769998 79.364288 30.703411 1.590148 2.460305 23.970656 86.153737 159.126088 185.097812 150.683793 95.252916 80.980468 103.295911 297.887847 789.570494 1080.968756 972.414104 623.187233 384.888657 631.958441 858.864359 935.703290 935.094034 733.396349 542.242522 303.218351 79.247980 100.027299 321.479320 668.194697 694.437018 521.557689 476.858480 625.781044 834.748351 915.343618 960.225818 1344.425370 1852.577311 1991.154083 1745.877804 1332.952364 1083.235671 703.383122 685.993783 1015.206235 1228.231462 1174.189608 1153.969628 1148.647781 1352.036960 1416.317886 1217.532908 1355.966356
37.728725 89.058723 129.454195 622.008019 1204.702116 1359.246232 966.629552 306.793057 28.432082 20.694855 7.647069 0.523270 0.000000 0.944832 23.311450 89.572176 165.148891 185.153087 158.708127 120.337738 111.926120 119.528010 149.270098 488.620830 795.886510 764.366858 760.108877 849.443586 1073.209021 1083.790450 1109.955273 1107.830455 826.948490 548.965714 296.211465 55.768607 51.435607 145.481693 263.343052 369.118250 483.656918 577.237807 572.583779 670.298402 1092.737045 1494.799294 1489.953114 1206.522900 734.809826 712.898982 1107.067930 1147.939326 802.044224 581.259302 694.699513 834.115362 889.636053 1086.534453 1496.962961 1907.350035 1903.865631 1542.830001 1284.767288
61.238924 126.026464 141.368716 307.250037 693.416984 836.687590 570.702462 131.237632 54.874880 29.536525 6.329446 0.000000 0.000000 7.867074 52.226993 100.608336 151.541252 147.979401 119.106359 103.718912 147.181255 180.351743 272.272684 1056.999699 1667.461989 1419.590688 1295.700513 1529.606263 1535.828129 1301.792216 993.352578 904.625776 663.010201 386.376324 175.608648 31.922850 99.650359 190.988143 300.690514 461.695925 597.352286 731.461525 682.966475 726.419640 1462.224681 2305.567593 2433.280675 1686.537658 658.745477 735.548194 1383.149310 1663.273530 1388.856165 949.769751 834.918705 833.134963 947.493240 1493.985770 2108.007507 2470.007951 2850.147548 2599.322673 1830.577578
85.659308 137.662735 140.740991 85.101828 258.205658 595.225283 580.588944 326.540504 75.883538 34.780805 4.632726 0.000000 1.426408 40.566246 132.292721 188.558023 180.181276 115.855841 75.286649 104.913039 188.769357 264.628424 1324.104633 3405.555690 4397.743028 3745.499304 2367.548665 1925.915986 1668.482152 1214.335448 785.109761 617.884430 486.414702 691.719058 889.910733 678.480141 290.549919 343.726143 800.334240 1132.592251 1111.859199 899.966212 741.687192 789.405823 1562.930593 2541.037881 2761.550230 2009.746542 1070.073335 1199.686874 1787.581267 2007.569719 1787.689760 1334.525236 1146.594177 1257.043502 1962.547912 2855.279378 3233.025421 3091.395418 3351.231914 3371.396374 2687.381413
81.162642 119.898546 109.815651 94.454286 495.318901 966.920140 1064.175823 706.008380 182.959666 22.791040 0.146007 0.456800 15.697019 95.437003 210.480370 270.303892 233.751920 128.818413 69.602853 117.409486 223.379991 426.732698 2329.871124 4990.924133 6133.866698 5095.702534 2932.463315 1726.578906 1412.235760 902.614532 568.513941 471.577360 756.985558 1620.374155 2154.612989 1800.881327 880.155544 657.578001 1376.555685 1853.920305 1763.865071 1188.277202 699.676989 631.604613 1237.567925 2151.123832 2378.327937 1894.641150 1332.777685 1472.235868 1866.779430 1899.604331 1705.928173 1521.067627 1549.798161 1961.628148 2972.752895 3803.123605 3866.083854 3241.846440 3009.919220 3158.355032 2744.971679
46.134372 73.890464 64.110071 88.234702 582.961496 1093.372486 1183.926743 784.349871 199.228800 6.597606 2.431818 25.318240 59.718897 134.113335 244.264471 307.086688 259.034746 133.092612 83.879179 125.379637 266.443521 536.257553 2172.230210 4533.577763 5521.852954 4404.103260 2122.843113 1027.929271 791.338370 486.983227 344.440938 316.894326 925.109181 2119.874857 2755.928583 2319.240869 1175.693961 723.595576 1505.257436 2034.504268 1988.758590 1332.973191 691.382337 573.444192 846.259595 1466.174121 1674.596051 1538.687601 1491.240112 2094.626090 3092.841901 2843.143343 1913.428547 1525.345045 1661.630915 2134.275153 3211.040000 3756.751699 3296.572751 2165.740303 1631.881686 1929.664028 1908.479949
5.318948 14.833502 10.687845 15.623914 346.967256 750.715189 816.836806 493.749095 75.695978 14.959119 32.609546 62.209959 89.452960 173.553836 364.447105 447.932116 338.364874 132.788567 65.484502 107.774907 304.336565 610.782758 1173.159386 2529.884934 3153.517530 2471.429561 1111.129130 621.390304 440.066326 288.380781 247.612803 317.233163 712.570650 1712.218693 2266.789679 1860.938752 822.304940 409.372234 1098.902564 1624.666468 1599.877203 1079.317477 654.287679 557.921866 862.935389 1260.102833 1379.892771 1315.925929 1995.637681 4592.984469 6595.271147 5994.761368 3499.240644 1798.018702 1632.782696 1955.604534 2627.651816 2876.156372 2244.874833 1109.026337 828.548508 1037.375037 1079.368475
11.601907 2.759164 0.063856 11.038057 60.132289 222.572208 263.254837 132.389081 75.539732 78.396540 79.684810 98.561586 118.588133 260.782367 499.748936 588.655067 454.776069 187.864314 35.839529 66.964007 258.338044 525.907925 683.460622 1205.658683 3113.368659 4520.972347 3417.413858 1261.752786 452.843917 349.976882 372.300912 441.845976 482.862845 790.462636 1045.603846 776.727590 253.669646 122.263923 454.769331 817.166363 899.706069 727.013314 613.406274 763.114995 1207.631193 1508.405486 1397.265783 1169.961478 2534.108541 6425.129335 9126.672128 8552.613250 5060.204900 1965.381156 1498.933672 1773.362718 1956.887060 1856.240311 1419.016537 929.053932 858.368988 890.217022 872.451332
51.913619 29.811888 6.803746 22.519043 52.566059 105.853150 133.615458 124.783577 160.159625 156.445353 118.097677 120.823590 143.953372 289.023075 514.323186 589.593264 460.940935 187.640842 35.685922 94.655394 220.184149 374.845139 698.958809 3658.751217 10058.847237 13492.503992 10670.210252 4508.892532 985.017975 714.628875 753.300987 816.811795 746.543165 480.488788 349.169941 251.185869 121.975839 94.984602 234.350721 382.456112 471.799490 470.420705 640.034234 1014.699988 1460.637812 1658.878222 1407.570791 1082.600068 2330.081872 5933.298149 8561.383695 8040.278619 4623.707633 1627.524156 1258.105427 1574.732328 1722.858360 1542.746916 1331.083604 1167.689793 1033.837640 778.631224 625.415319
80.222318 52.007275 17.031556 36.566743 172.616814 326.324415 412.289898 299.464196 181.864572 181.347982 137.204790 127.010220 132.701754 215.522327 400.846912 459.197610 323.430183 122.654398 142.985418 242.341772 301.095760 392.706657 1193.992268 6693.549829 15432.970166 19595.094802 15911.361862 7535.832904 1996.706924 1271.682193 1340.148145 1262.266333 1014.746296 698.675148 415.566979 314.927078 211.303174 259.564576 425.346403 465.478007 385.200142 294.397529 602.773849 1031.765848 1492.958907 1690.634148 1439.803410 1217.813735 1651.034817 3602.590959 5304.733473 4791.350759 2508.702609 1101.381362 1124.057250 1377.140690 1463.784867 1322.744124 1169.540398 1091.560677 920.495828 578.511331 286.378061
96.238910 47.828495 11.121142 62.238435 323.291521 703.829741 859.916441 653.658998 262.790790 126.066315 100.679479 113.231104 131.363294 189.345458 271.778473 272.275928 167.549860 134.127509 294.652477 390.006435 435.222902 471.381907 1194.687235 6227.044074 14371.724667 18126.962470 14421.810031 6596.983106 1962.807822 1508.508203 1536.043669 1348.401181 1047.407832 808.128880 551.989421 411.421061 320.642080 423.846215 579.592911 607.378210 465.351681 275.155334 410.387761 734.269761 1074.903898 1264.861213 1138.349475 1202.868065 1339.458358 1683.472334 2260.528460 1938.040946 1193.987078 770.730093 894.231748 1210.381509 1213.184780 1070.566054 952.277879 790.635447 519.426542 224.055061 42.460717
90.359618 22.827546 0.608703 41.092853 394.697060 875.501868 1052.849505 808.575206 325.820238 58.046273 43.917617 72.202602 120.464605 187.862001 223.730130 195.681374 182.328769 242.911843 401.367461 486.166562 474.660315 468.258181 864.031765 3571.560450 8211.766837 10332.476687 7422.143730 2764.774200 1313.326650 1262.862442 1176.478906 981.748422 816.785883 746.536127 604.231361 496.704125 334.422725 385.471782 544.397472 580.122224 438.983305 235.192424 231.506555 362.461172 498.653033 639.380055 740.645083 957.113400 1120.501230 1192.509437 1297.727960 1173.966896 915.684229 598.357289 645.797098 1011.083473 1110.468670 872.411857 595.597922 397.278447 175.358188 33.511070 0.011953
48.269756 5.119514 0.000000 2.208081 251.051459 681.637477 853.923445 639.772073 248.455800 18.969278 17.025845 31.516913 59.056938 121.646057 159.899303 149.608443 183.708602 259.966234 361.299181 419.439105 346.677380 388.272494 1141.268091 2611.472269 3756.257931 3578.740557 2179.368985 1288.277625 1083.417146 858.787234 584.698157 451.822070 472.320253 503.602202 570.550284 588.813325 568.672519 631.448117 633.767327 490.284199 329.809034 311.864867 406.959660 485.461451 545.988298 567.703921 533.576997 515.642538 662.950032 939.781959 1128.424332 1055.899896 754.871314 453.550055 545.841555 937.738705 1067.207399 681.124016 279.484501 75.361262 7.970062 0.000000 0.000000
29.255902 1.202565 0.000000 0.000000 40.525049 264.645814 394.934695 300.085576 85.762906 0.000000 0.550509 5.022537 16.135857 41.771003 64.459957 53.543068 87.069656 192.900887 256.051886 255.335963 217.342510 453.680999 2368.121663 4373.915987 4745.803779 3548.376087 2186.776129 2422.298927 2652.263449 1703.676481 810.388662 610.719295 542.315507 605.216874 879.280694 1279.305405 1602.271122 1726.131148 1818.448891 1317.028322 703.536618 524.964943 667.252821 911.184382 1032.514269 861.557987 622.176459 407.498348 508.871990 977.383928 1326.920748 1312.138873 895.652086 533.746418 907.699903 1434.428599 1508.361429 921.010318 177.100709 0.615780 0.000000 0.000000 0.000000
4.897660 0.000000 0.000000 0.000000 0.000000 9.693857 45.589282 22.922468 0.001379 0.000000 0.000000 0.000000 0.434180 0.962057 1.348885 0.423869 12.309808 81.740838 120.173430 129.379492 332.942336 1783.325103 4755.140355 6389.068751 5873.886738 4056.598571 3334.941805 6025.619721 7452.270255 5908.833589 2807.436525 1175.740012 870.675679 851.624827 1189.185556 1842.158829 2476.877965 3155.673632 3407.850485 2715.743816 1580.171458 743.500984 717.634741 1016.392896 1177.731264 1014.061481 742.884676 437.903861 513.952259 964.436976 1275.783083 1252.046273 900.058328 770.419127 1515.433577 2149.247925 2057.410631 1315.648667 345.124657 0.436188 0.000000 0.000000 0.000000
0.000000 0.000000 0.000000 0.000000 0.000000 0.000000 0.000000 0.000000 0.000000 0.000000 0.000000 0.000000 0.000000 0.000000 0.000000 4.991606 20.760676 30.473852 40.928595 123.669318 1182.483277 3559.066628 6450.009452 7421.338408 5656.236834 3377.071909 4254.406264 8668.148499 10972.872032 9357.653943 4962.806037 1686.691046 931.723635 789.336561 1032.273517 1652.792166 2390.669990 3321.893807 3702.202419 3052.348477 1812.755045 699.391924 447.173084 654.864687 803.036508 731.735659 555.789439 309.050798 330.125069 689.299170 898.727228 844.358818 682.544798 810.634917 1658.598101 2400.300547 2402.407321 1526.743670 459.063940 18.482245 0.000000 0.000000 0.000000
0.000000 0.000000 0.000000 0.000000 0.000000 0.000000 0.000000 0.000000 0.000000 0.000000 0.000000 0.000000 0.000000 0.000000 0.000000 10.728217 31.333057 48.830098 75.255872 227.726452 1666.445355 3939.701297 5962.278897 6168.314679 4035.167198 1759.422389 3242.351114 7751.244927 10248.833450 8865.898070 4615.780879 1428.624192 599.068520 372.102139 562.909778 854.358931 1236.544506 1935.655424 2435.254996 2123.636817 1216.316853 290.564292 93.252855 141.161728 227.521678 254.434070 191.623187 133.134625 108.557914 237.795583 364.205048 303.305860 296.130790 699.875156 1496.422247 2967.686604 3527.455017 2442.826509 818.674843 95.858498 0.000000 0.000000 0.000000
