InitialVersion/ascfiles2/tmp_kdeout73.asc
ncols        704
nrows        293
xllcorner    827.296065
yllcorner    924.742280
cellsize     0.500000000000000
NODATA_value -999.000000
[rows 56 to 83 of 293, columns 126 to 188 of 704]
0.000000 0.000000 0.000000 0.000000 0.000000 0.000000 0.000000 0.000000 0.000000 0.000000 0.000000 0.000000 0.000000 0.000000 0.000000 0.000000 0.000000 0.000000 0.000000 0.000000 0.000000 0.000000 0.000000 0.000000 0.000000 0.000000 0.000000 0.071439 3.302579 18.064245 31.371205 31.807020 19.240700 16.048403 26.116437 25.215632 12.286353 6.767222 12.781577 17.455616 21.232625 88.491841 196.593991 278.002255 191.993669 58.983226 132.222087 239.589597 268.983037 221.112047 222.530641 409.331549 566.080597 496.998031 254.620047 72.491629 58.720922 118.269176 274.975536 552.584307 719.680976 617.522092 399.625496
0.000000 0.000000 0.000000 0.000000 0.000000 0.000000 0.000000 0.000000 0.000000 0.000000 0.000000 0.000000 0.000000 0.000000 0.000000 0.000000 0.000000 0.000000 0.000000 0.000000 0.000000 0.000000 0.000000 0.000000 0.000000 0.000000 0.804943 11.590801 23.811155 40.369181 55.221017 78.865632 69.759013 28.196114 16.094254 30.184786 31.705895 30.214022 32.134915 36.631878 56.072472 195.671244 539.599200 783.122319 698.949017 392.903174 248.370702 289.657752 273.174047 204.063364 246.421020 555.286928 776.225041 680.187991 375.683187 180.548375 138.324159 159.037328 224.259148 320.915191 386.913172 294.199886 214.322489
0.000000 0.000000 0.000000 0.000000 0.000000 0.000000 0.000000 0.000000 0.000000 0.000000 0.000000 0.000000 0.000000 0.000000 0.000000 0.000000 0.000000 0.000000 0.000000 0.000000 0.000000 9.274511 19.550409 14.075946 1.110302 5.654948 13.295454 26.468562 39.433791 51.942319 90.847985 125.295213 121.361970 72.097175 36.425089 39.166942 41.004270 40.484228 39.938343 43.658093 69.039401 270.024810 767.785682 1110.695614 1064.360422 691.544099 354.730284 271.814481 197.816294 122.570437 202.795295 515.194737 727.001417 645.711462 453.007162 337.576145 315.698041 259.931473 193.427077 196.188496 184.857179 136.879174 86.192899
0.000000 0.000000 0.000000 0.000000 0.000000 0.000000 0.000000 0.000000 0.000000 0.000000 0.000000 0.000000 0.000000 0.000000 0.000000 0.000000 0.000000 0.000000 0.000000 0.000000 9.067894 41.411730 61.025502 50.999586 37.757223 42.289834 52.815671 51.885545 41.790916 44.683846 86.710241 125.126572 127.927974 84.774762 38.043454 31.079734 32.622952 27.232443 33.289479 49.641849 64.433928 212.084037 657.334992 988.128237 975.433695 658.650734 313.287702 194.511517 100.778090 60.537543 150.376832 340.841357 477.080630 447.783471 402.378738 445.865638 457.323827 335.246831 197.162624 157.142899 122.954032 52.385698 23.843075
0.000000 0.000000 0.000000 0.000000 0.000000 0.000000 0.000000 0.378103 14.251265 29.776595 14.940672 0.006257 0.000000 0.000000 0.000000 0.000000 0.000000 0.000000 0.000000 0.000000 18.973224 60.524991 83.839725 76.243410 73.493427 74.638417 79.583104 64.890557 36.016839 24.106582 45.323806 81.865767 91.535780 57.576919 13.210674 11.859615 12.820050 6.490821 23.704631 54.103387 70.757528 143.559647 382.168817 577.946238 540.292207 347.676311 202.850627 148.258803 60.156570 40.780559 109.957122 196.939373 261.831355 256.634864 311.294598 447.041073 466.380109 346.797745 207.926160 171.583794 140.164709 68.554390 37.023105
0.000000 0.000000 0.000000 0.000000 0.000000 0.000000 0.000000 24.697583 113.557375 163.337139 123.746640 32.522084 0.000000 0.000000 0.000000 0.000000 0.000000 0.000000 0.000000 0.000000 13.354075 50.093390 71.472175 64.946654 66.273336 75.588782 79.824125 50.638556 15.696804 4.613656 4.815371 25.189765 30.999331 13.082155 0.000000 2.204220 4.524474 3.320413 19.398507 51.790981 95.134805 187.279887 257.685759 264.589592 181.169137 130.902019 178.036969 173.250159 116.547538 103.802124 150.924358 202.604083 244.686063 227.723292 253.959660 316.683582 313.165784 257.832773 222.769325 228.257967 201.294802 110.374781 40.274447
0.000000 0.000000 0.000000 0.000000 0.000000 0.000000 0.139287 72.070701 213.699056 294.999580 240.295343 92.555242 1.189153 0.000000 0.000000 0.000000 0.000000 0.000000 0.000000 0.000000 0.920870 18.746436 32.711038 29.945917 36.029087 62.914472 67.098921 36.632215 12.600865 24.020613 20.754115 14.937580 20.009734 16.802683 12.135219 18.698224 24.666750 19.777777 29.128184 46.019121 83.961731 194.220054 261.825953 236.795941 150.268472 129.120593 199.678103 216.994749 188.678538 231.940311 310.959555 325.408573 295.276225 259.423854 221.568644 178.932436 132.175225 146.441937 197.692695 223.998515 190.623629 107.010090 51.423100
0.000000 0.000000 0.000000 0.000000 0.000000 0.000000 0.083386 76.811162 254.942753 360.854846 305.012143 127.283527 2.843428 0.000000 0.000000 0.000000 0.000000 0.000000 0.005410 7.047248 14.349450 12.066989 13.307198 23.936469 42.395307 56.113661 47.706185 34.231376 47.479463 64.996401 72.697254 69.798509 57.697177 45.222457 33.531015 35.401816 46.033518 90.402073 120.936458 107.122186 70.020058 122.064209 188.150580 172.492866 97.024489 94.878293 161.602405 189.415902 223.470554 319.136733 414.533130 406.436369 324.059016 244.393786 189.335061 110.382414 61.866741 55.385133 102.698623 134.338005 115.003465 78.049046 80.464704
0.000000 0.000000 0.000000 0.000000 0.000000 0.000000 0.000000 40.379125 201.241969 309.691529 267.353641 114.097189 8.514002 0.000000 0.000000 0.000000 0.000000 0.000000 4.534558 22.189402 34.151919 31.864430 32.890814 38.379883 60.801155 64.712132 47.270620 42.202875 63.364947 87.466532 103.324150 101.122617 80.138253 60.747680 39.233282 36.209023 67.665830 151.175962 200.339286 179.244712 97.966016 41.549236 70.794099 66.821524 23.749616 28.965287 116.233746 194.501254 264.252039 373.852520 429.964382 367.427146 235.602565 167.277444 134.262107 80.942765 44.833385 26.908521 23.801522 43.849305 73.012631 88.771705 156.005560
0.000000 0.000000 0.000000 0.000000 0.000000 0.000000 0.000000 14.844276 100.549387 178.716956 163.125343 81.700403 11.883555 0.000000 0.000000 0.000000 0.000000 0.000000 7.494654 28.289093 41.630248 38.530207 37.471200 49.100699 68.321841 65.603183 37.496856 23.974047 46.363620 78.537381 91.993596 82.058696 64.712432 47.961562 21.324532 18.247048 52.236717 138.613792 194.620909 180.712834 97.632640 16.484114 11.941728 12.618060 4.844356 11.417868 118.720499 220.540334 312.740155 415.782760 409.170957 300.684329 144.952440 96.757038 109.205243 85.455775 48.841112 28.330480 9.199335 25.648449 65.976136 92.373885 157.611332
0.000000 0.000000 0.000000 0.000000 0.000000 0.000000 0.000000 1.698271 45.248193 90.713549 89.936529 45.049813 6.478776 0.000000 0.000000 0.000000 0.000000 0.000000 3.602828 20.063451 31.501569 28.072154 25.957048 44.880842 59.265489 49.173790 21.933724 2.981526 26.978133 54.649311 61.431974 43.240190 30.256228 17.486319 1.795846 1.451938 10.450087 64.646112 114.129848 105.476830 45.204352 2.034740 0.000000 0.000000 0.000000 13.377866 120.391293 223.020848 303.857297 367.802083 330.974204 236.726734 122.641512 73.553739 88.163735 74.054542 44.366516 26.976800 7.344856 18.376459 56.985052 78.983392 113.487527
0.000000 0.000000 0.000000 0.000000 0.000000 0.000000 0.000000 0.000000 6.024393 22.282270 24.161116 11.815694 0.807951 0.000000 0.000000 0.000000 0.000000 0.000000 0.000000 4.804813 11.058218 9.066604 9.493806 29.333678 42.173572 35.287350 16.645310 4.445020 23.579505 39.789655 40.101249 35.641206 24.946026 17.182209 6.430413 0.000000 0.000000 4.310984 19.174874 15.282166 1.016723 0.000000 0.000000 0.000000 0.167161 6.549810 67.356415 138.444116 197.472709 241.536195 222.920285 180.872389 96.791845 51.328695 52.254641 43.035519 24.926218 13.104418 2.965699 13.308495 36.546512 50.181485 68.063917
0.000000 0.000000 0.000000 0.000000 0.000000 0.000000 0.000000 0.000000 0.000000 1.160900 2.057324 0.118001 0.000000 0.000000 0.000000 0.000000 0.000000 0.154918 0.000000 0.000000 0.000000 0.000000 2.143305 15.613306 24.941148 21.003554 7.444664 9.104042 43.874860 73.257667 76.576684 68.300398 46.973349 34.649669 18.295401 1.489661 0.000000 0.000000 0.000000 0.000000 0.000000 0.000000 0.000000 0.616244 31.439276 73.653308 76.659172 60.919453 40.663910 81.388158 210.701745 247.690252 135.631267 24.832314 28.264869 28.933127 25.021794 28.305004 64.708276 86.356131 77.415349 67.202563 55.076181
0.000000 0.000000 0.000000 0.000000 0.000000 2.888151 4.039758 0.088716 0.000000 0.000000 0.000000 0.000000 0.000000 0.000000 0.000000 1.251141 10.385624 15.047353 9.534502 0.720453 0.000000 0.000000 1.784141 14.278756 24.760751 12.560357 5.756005 40.956942 94.294694 142.875110 139.716042 105.299648 73.003968 40.199151 20.894843 2.293080 0.000000 0.000000 0.000000 0.000000 0.000000 0.000000 0.000000 15.271834 94.925872 160.163023 154.957125 86.158042 14.760676 120.167910 378.113439 486.384655 357.744985 124.575051 47.979231 71.070677 81.941780 130.857867 176.183348 199.284608 223.229073 216.517141 188.083711
0.000000 0.000000 0.000000 0.000000 18.810185 50.553441 54.841691 27.323464 1.002085 0.000000 0.000000 0.000000 0.000000 0.000000 0.000000 9.962405 27.672409 35.009415 26.271597 8.332336 0.000000 0.005321 19.634974 62.002848 78.856364 54.692685 23.235115 63.605752 124.537282 171.652025 160.436927 113.200774 70.037343 30.585907 14.103734 1.542096 0.000000 0.000000 0.000000 0.000000 0.000000 0.000000 0.176651 29.096843 121.037532 190.622414 181.825326 101.496135 19.349593 198.226383 501.701800 631.535012 501.736028 231.311406 93.410399 142.501804 237.560847 324.256337 342.898612 296.110741 327.679080 351.975147 349.178406
0.000000 0.000000 0.000000 4.820937 54.113038 102.784835 108.759238 67.684773 12.935582 0.000000 0.000000 0.000000 0.000000 0.000000 0.037853 14.035515 34.228698 42.340373 32.668714 12.087103 0.000000 0.533586 41.577463 99.478410 121.009966 90.669292 37.926131 50.274939 99.873127 136.866782 123.985883 74.094271 36.425948 19.425100 21.878340 17.946616 5.852476 1.891856 3.099170 0.486832 0.000000 0.000000 0.526610 20.245970 85.957496 141.214721 131.109733 62.492396 4.646483 143.219889 411.134046 529.939578 417.255143 187.511240 104.598432 200.711357 348.787777 437.372345 424.851025 328.121993 301.654493 350.341002 381.632439
0.000000 0.000000 0.000000 7.418391 62.280521 113.855163 120.065227 76.559239 16.711341 0.000000 0.000000 0.000000 0.000000 0.000000 0.000000 8.344944 24.928962 31.914698 23.600325 6.859227 0.003917 4.641734 44.933793 96.771461 113.857557 84.747480 28.029018 14.254457 40.657366 52.012328 42.554172 20.316421 11.207610 26.294113 38.514999 34.065912 22.473999 19.459574 22.385034 13.458405 1.341302 0.000000 0.000000 8.597503 28.560916 51.153069 45.175072 20.758096 10.791406 49.622500 251.466810 333.935418 216.323460 78.698691 75.110826 172.145179 356.421635 457.445634 415.563570 262.078520 180.439076 232.788447 257.685098
0.000000 0.000000 0.000000 1.376372 35.311084 75.762874 80.758108 45.945310 4.698624 0.000000 0.000000 0.000000 0.000000 0.000000 0.000000 0.340370 7.222879 11.182067 6.516108 0.098384 6.862843 22.179690 40.076367 67.841481 70.138871 46.012411 12.106635 7.945502 4.598812 2.483715 0.176486 0.000000 7.595029 30.361396 43.020056 36.479979 33.700453 35.272840 39.117617 26.953699 7.189216 0.000000 0.000000 3.556396 13.436784 24.443056 61.338532 84.037529 102.521954 238.207945 380.728835 401.215883 247.167215 106.260509 66.850414 118.615177 291.326994 409.478971 367.248401 206.430379 124.181017 118.984345 100.669689
0.000000 0.000000 0.000000 0.000000 2.928788 18.232031 20.561943 5.567050 0.000000 0.000000 0.000000 0.000000 0.000000 0.000000 0.000000 0.000000 0.000000 0.000000 0.000000 0.036698 13.906240 33.860016 41.745216 53.139714 137.231094 223.054472 182.035461 85.586957 52.376461 29.575051 13.159937 2.048125 11.579736 36.639168 46.708553 32.816616 25.285118 35.340926 40.066646 27.742441 7.599315 0.000000 11.418417 36.758778 55.596892 74.094462 118.025648 160.932213 236.999620 434.608570 593.414170 617.763045 419.772756 175.577013 90.397490 107.973687 209.838745 295.704253 274.177769 177.362495 120.476916 86.280257 50.831752
0.000000 0.000000 0.000000 0.000000 0.000000 0.000000 0.000000 0.000000 0.000000 0.000000 0.000000 0.000000 0.000000 0.000000 0.000000 0.000000 0.000000 0.000000 5.207496 12.823346 23.277763 33.407416 48.734957 229.523388 636.637248 869.589903 713.767586 334.826175 119.112663 65.407456 29.150661 12.952198 21.232313 38.628221 42.887334 25.994542 10.943862 20.907999 24.577054 15.169563 1.916532 0.657968 30.694071 69.937480 101.980762 117.007081 145.353779 177.174740 245.654708 422.715960 583.732250 622.033796 434.691969 190.679324 96.896399 105.618147 168.853601 209.691239 198.436003 138.390320 92.632486 57.813335 36.493841
0.000000 0.000000 0.000000 0.000000 0.000000 0.000000 0.000000 0.000000 0.000000 0.000000 0.000000 0.000000 0.000000 0.000000 0.000000 0.000000 0.000000 2.784415 19.495261 32.653454 33.551063 29.404215 72.932932 441.947024 1029.517274 1323.346032 1100.387553 544.197796 152.814101 69.449841 32.604415 15.333061 22.031986 38.139430 38.562740 23.005040 3.744659 3.071321 4.568978 1.155204 0.000000 0.856790 32.287698 83.353973 116.288253 113.492256 111.761091 121.398223 131.279369 221.829949 358.715337 394.514083 279.971285 163.029726 102.336232 89.910908 99.966689 114.110158 100.413525 71.487236 49.763782 33.544277 20.500291
3.490791 0.000000 0.000000 0.000000 0.000000 0.000000 0.000000 0.000000 0.000000 0.000000 0.000000 0.000000 0.000000 0.000000 0.000000 0.000000 0.000000 5.542707 26.020025 40.959475 39.077802 21.879369 55.779104 398.030951 956.829440 1219.441072 986.475448 444.082564 91.561749 38.551898 20.830800 5.732635 11.102784 23.174333 23.504561 11.796592 0.328755 0.000000 0.000000 0.000000 0.000000 0.000000 15.585519 61.030834 87.770557 77.600790 46.627021 48.739557 47.273032 52.915527 124.942552 161.454517 157.759322 124.869562 92.136392 78.362653 56.277873 45.840513 41.107046 34.677657 23.417445 9.609177 3.044695
15.039729 0.485126 0.000000 0.000000 0.000000 0.000000 0.000000 0.000000 0.000000 0.000000 0.000000 0.000000 0.000000 0.000000 0.000000 0.000000 0.000000 2.535175 18.826144 31.785766 30.130787 15.153157 15.446223 156.108701 480.836633 648.150322 469.547449 140.049549 10.840872 11.122577 5.059683 0.000000 0.273145 4.018106 4.156293 0.390832 0.000000 0.000000 0.000000 0.000000 0.000000 0.000000 0.392575 20.168609 39.985908 39.529000 43.102284 52.572890 61.318516 56.897938 72.393279 103.352174 105.340120 77.035173 64.501731 62.584233 39.715677 18.006558 10.983622 12.659477 6.141059 0.000000 0.000000
19.617108 1.571435 0.000000 0.000000 0.000000 0.000000 0.000000 0.000000 0.000000 0.000000 0.000000 0.000000 0.000000 0.000000 0.000000 0.000000 0.000000 0.000000 4.533182 11.751892 10.754257 2.832227 2.779773 32.461804 77.990320 115.200127 83.086811 49.441120 41.975683 31.714105 16.419560 2.909595 0.000000 0.000000 1.633629 7.293309 21.630860 26.436896 17.402786 10.558991 4.610426 0.000000 0.000000 8.422851 33.602002 52.924633 72.746073 87.287356 88.161361 89.948795 84.411147 83.336761 59.525543 31.140477 34.443511 47.986381 38.125401 12.201379 0.000000 0.000000 0.000000 0.000000 0.000000
12.520758 0.131709 0.000000 0.000000 0.000000 0.000000 0.000000 0.000000 0.000000 0.000000 0.000000 0.000000 0.000000 0.000000 0.000000 0.000000 0.000000 0.000000 0.000000 0.000000 0.000000 3.340702 81.441343 159.018563 164.018789 119.324119 101.435409 175.910402 213.575898 138.468790 52.152446 10.146909 0.000000 5.843458 19.605668 56.337726 90.538435 100.431370 89.548629 50.755342 25.644670 3.704682 1.387059 18.234974 49.657409 71.738414 100.510669 115.630650 108.876348 117.442111 125.734768 118.065518 71.712925 20.358357 41.290668 89.845331 99.755782 60.001986 9.096476 0.000000 0.000000 0.000000 0.000000
1.440252 0.000000 0.000000 0.000000 0.000000 0.000000 0.000000 0.000000 0.000000 0.000000 0.000000 0.000000 0.000000 0.000000 0.000000 0.000000 0.000000 0.000000 0.000000 0.000000 3.685228 84.221079 260.267032 345.561350 303.185988 218.710780 214.383358 437.863099 535.953775 398.677696 152.371313 16.195107 0.437042 15.759709 39.715250 96.218589 139.798322 168.744595 162.928080 107.468637 52.448940 12.400377 2.437350 21.596156 54.097900 77.527191 96.290859 102.511603 97.019812 107.784812 125.365340 127.643175 82.381967 31.598879 75.529243 143.436749 157.791874 105.627423 27.160339 0.000000 0.000000 0.000000 0.000000
0.000000 0.000000 0.000000 0.000000 0.000000 0.000000 0.000000 0.000000 0.000000 0.000000 0.000000 0.000000 0.000000 0.000000 0.000000 0.000000 0.000000 0.000000 5.184185 10.917638 58.277703 194.566180 395.629926 465.162808 354.210577 216.238536 280.818043 572.107084 699.815540 552.501128 235.381346 17.567683 0.586612 16.602889 37.800826 86.776969 132.275179 171.529451 173.109793 122.781358 64.902099 13.643158 0.246966 12.566449 32.585602 51.323958 63.225389 58.261299 53.682368 69.830729 90.644732 95.224354 61.968945 23.646946 69.940092 139.008471 158.885934 104.652227 23.677147 0.000000 0.000000 0.000000 0.000000
0.000000 0.000000 0.000000 0.000000 0.000000 0.000000 0.000000 0.000000 0.000000 0.000000 0.000000 0.000000 0.000000 0.000000 0.000000 0.000000 0.000000 4.459581 21.038620 33.026413 105.053258 222.265264 363.065974 399.236958 266.918001 103.871592 185.503656 462.006399 588.597131 464.022655 181.549603 6.624618 0.000000 7.462553 21.093946 37.899064 69.023102 99.536681 111.547809 87.947012 47.230790 5.801984 0.000000 1.067013 6.933816 10.711902 20.071167 27.648549 26.437854 26.284540 34.243634 38.308704 19.643561 8.896974 38.219945 150.293742 223.693101 160.614424 33.205366 0.000000 0.000000 0.000000 0.000000
