InitialVersion/ascfiles2/tmp_kdeout47.asc
ncols        704
nrows        293
xllcorner    827.296065
yllcorner    924.742280
cellsize     0.500000000000000
NODATA_value -999.000000
[rows 56 to 83 of 293, columns 126 to 188 of 704]
11.971505 32.604582 42.411182 34.421928 14.242644 0.054361 0.000000 0.000000 0.000000 0.000000 0.000000 1.380378 8.013700 9.236065 3.238632 0.000000 0.000000 0.000000 0.000000 0.000000 0.000000 0.000000 0.000000 3.486841 29.454344 75.024891 96.416130 89.736436 70.999905 63.767970 86.795718 118.573381 131.864822 127.896750 144.530692 198.399857 231.838956 202.752786 167.382364 191.334901 237.077082 456.536610 888.428342 1203.904303 937.642816 330.424802 202.126574 321.349118 402.715354 467.521542 660.330326 1281.105434 1818.868996 1697.488023 974.246416 242.365066 71.017379 145.349910 398.058927 1033.207818 1642.507570 1686.481708 1269.917216
7.613816 25.093790 33.776030 26.691156 9.444994 0.000000 0.000000 0.000000 0.087892 3.131249 1.797189 0.000000 0.000000 0.000000 0.000000 0.000000 0.000000 0.000000 0.000000 0.000000 0.000000 0.000000 0.000000 0.000000 16.834127 48.717725 70.986149 69.225872 60.218415 66.348462 183.860068 343.243799 388.305317 280.012403 191.598138 253.864920 304.322323 280.306395 203.461225 213.017716 249.240543 646.513939 1725.511240 2441.078990 2106.100155 1031.484278 375.731016 466.372413 531.901351 542.465473 780.830394 1614.866361 2249.778250 2112.261977 1313.019124 483.521325 215.224268 255.064809 341.483264 591.733599 953.634329 1008.426774 874.107804
0.373237 8.185248 13.420000 9.108115 0.855417 0.000000 0.000000 1.134769 21.429951 39.157677 33.609510 11.093933 0.000000 0.000000 0.000000 0.000000 0.000000 0.000000 0.000000 0.000000 1.756777 2.683921 0.253401 0.000000 7.860375 47.387077 91.860560 100.053950 78.082393 72.278688 301.042517 550.793919 606.879155 439.167106 263.986721 285.053691 333.862045 319.385524 222.669419 183.218939 224.005663 760.635325 2147.265488 3049.839021 2737.912762 1537.821345 578.814418 509.303594 559.499036 514.216721 613.547528 1259.312019 1800.063460 1734.131088 1200.860846 745.876411 691.828947 633.297197 470.259006 428.979434 468.087539 482.213882 397.029110
0.000000 0.000000 0.004521 0.000000 0.000000 0.000000 0.212284 27.483500 87.631542 107.613835 80.286129 40.345358 7.179510 0.000000 0.000000 0.000000 0.000000 0.000000 0.000000 6.636071 18.806111 21.617240 12.352105 1.322253 19.610667 85.952682 141.490727 140.021451 101.799963 74.331457 283.939035 534.369954 591.143481 416.644330 210.388922 206.823899 250.489635 251.983130 195.933580 189.879786 242.101898 591.955944 1718.396601 2535.137548 2327.345932 1337.867657 507.326642 446.422534 486.253285 431.068332 454.688731 664.291372 932.646610 896.719082 801.851678 962.455027 1169.854401 1069.234250 812.032558 646.555982 444.977840 233.696537 201.713105
0.000000 0.000000 0.000000 0.000000 0.000041 2.404921 18.606107 115.470274 255.135147 297.516773 192.535647 91.309893 44.176129 16.299553 0.000000 0.000000 0.000000 0.000000 0.867241 17.135567 34.810673 38.600002 25.786205 14.425108 46.330941 116.003194 164.863127 149.420953 92.390219 38.800372 136.895789 317.150620 365.144339 228.822875 78.333778 94.088027 141.217084 145.278353 165.647837 219.692463 241.479225 318.214990 775.609100 1302.281457 1202.164835 682.414019 459.781172 519.631833 440.870805 398.371952 443.751497 443.323688 442.788640 420.448636 597.255209 985.730209 1230.140440 1216.951642 1122.475864 1011.918551 750.659669 415.027615 272.401813
0.000000 0.000000 0.000000 0.937294 20.792433 38.330230 87.743097 271.088602 583.924916 703.459434 515.203084 189.051572 72.234942 37.118170 2.709769 0.000000 0.000000 0.000000 1.096213 18.107215 36.189868 40.051615 26.975105 20.624563 52.490662 99.980525 132.478692 109.558079 50.573662 9.684102 20.629122 84.223388 104.042058 48.122939 2.680950 17.125714 43.100476 59.712709 129.663316 195.690700 221.182875 251.733180 273.704312 355.082912 389.138658 557.270789 869.553065 961.750410 714.425518 528.388688 608.425186 611.418190 641.790947 561.045294 578.957744 733.721785 842.821214 971.428096 1127.709261 1187.474538 968.915453 561.322581 323.104697
0.000000 0.000000 0.000000 12.070189 49.927655 83.953869 146.307404 425.941329 823.221329 984.139719 756.651038 313.725405 78.866496 37.213579 2.735593 0.000000 0.000000 0.000000 0.000000 14.948252 38.050610 36.871489 15.618123 10.995037 36.691549 57.150554 59.331885 35.384492 23.522417 78.472888 101.073452 57.122495 4.140367 4.636114 11.141014 11.206219 29.390576 69.725203 121.916119 150.272346 152.118261 186.511068 229.422095 298.604982 405.951939 853.611207 1274.654465 1328.195714 1061.583763 828.092263 869.127908 866.954661 812.924867 691.382349 554.757373 467.585957 400.967733 549.253485 843.848945 1012.793655 847.151906 467.402214 286.655299
0.000000 0.000000 0.000000 15.467887 57.260606 99.332554 129.313487 375.130334 793.245092 967.328236 755.662931 326.907222 51.239932 16.489656 0.000000 0.000000 0.000000 0.000000 6.587845 37.202429 61.102838 54.162723 20.589321 1.792185 13.081618 21.191367 16.106957 4.957085 84.307472 201.105096 238.541653 166.737447 47.058416 19.596263 31.490179 40.262256 96.488400 234.665560 331.692510 273.562332 138.224186 111.541553 200.344140 273.893243 369.960340 800.987519 1208.685668 1281.919220 1104.700520 921.304548 956.464599 903.359648 759.376263 632.329279 532.489876 369.509649 240.207465 277.820280 463.938205 588.859841 482.230652 271.418933 274.303853
0.000000 0.000000 0.000000 5.495538 35.371436 69.656180 79.898673 166.856451 484.275982 656.063251 516.318130 205.153647 15.281316 0.000000 0.000000 0.000000 0.000000 0.000000 16.700692 58.028831 82.834316 72.891323 35.124439 3.467516 16.448624 11.279981 0.454629 6.065824 114.635220 248.781800 291.094452 211.693481 75.591580 27.986014 45.560285 76.160288 199.042697 423.765481 564.587543 481.963055 255.313736 109.880712 132.768646 208.834562 240.531157 437.562481 810.009647 981.202208 924.057238 865.889162 926.506139 764.889997 491.205045 403.072570 402.539612 331.494346 256.402606 210.973765 194.127939 223.461984 219.554572 191.901229 430.552517
0.000000 0.000000 0.000000 0.000000 5.289766 18.097234 24.908582 41.125525 165.256610 276.857685 232.761344 96.694359 10.735584 0.000000 0.000000 0.000000 0.000000 0.000000 12.668388 50.271962 73.512438 64.163994 36.886400 86.083636 146.414467 124.326280 41.247709 2.327259 80.119081 197.302512 229.725418 155.803694 44.533400 24.154475 52.432108 84.036050 215.027441 445.271108 581.567731 524.936889 313.606440 129.217071 114.504946 166.611686 188.722670 219.494092 466.995243 664.166872 755.088581 829.846951 749.510218 544.041997 283.971480 224.118556 292.201984 303.489581 244.690081 165.958207 104.731717 104.999573 145.762650 173.139366 375.401082
0.000000 0.000000 1.053351 2.151114 0.210952 0.000000 0.144306 2.480326 52.632475 105.078241 98.848403 44.471474 5.882054 0.000000 0.000000 0.000000 1.840481 6.229759 5.754947 20.575996 35.990061 29.544361 55.297183 182.264501 269.117362 239.628257 115.242445 22.311042 47.784140 109.874267 120.641573 71.328329 24.027655 25.513913 42.640483 55.597282 118.376314 264.196538 379.326241 385.545350 263.912236 136.434606 115.602557 134.876535 135.891574 180.900816 381.752485 555.521608 660.157079 664.144771 526.271229 368.254195 209.625584 176.623553 242.653849 255.476491 210.366086 151.761526 96.532218 69.985110 103.909344 144.367611 207.033735
0.000000 4.959567 16.933705 20.751642 12.588479 1.194520 0.000000 0.000000 6.257209 20.918328 22.208763 11.538576 0.639831 0.000000 0.000000 2.049288 16.148742 26.603468 23.517156 9.568703 1.896266 0.661505 53.378830 200.620357 301.236999 274.107178 143.360761 48.468526 68.065477 77.530787 75.780993 59.913443 41.740513 32.523572 31.144537 33.648541 34.577760 61.924766 143.816234 207.675321 198.931649 147.787755 103.725839 107.906512 131.498030 158.846070 267.503364 378.190558 427.476203 412.630079 347.646671 270.359487 134.411568 111.780049 145.973969 173.212698 165.113207 155.685994 135.455358 107.846659 94.669432 98.950854 110.904308
0.283307 14.961631 33.132417 38.395562 26.926166 7.474533 0.000000 0.000000 0.000000 1.379474 2.169666 0.104805 0.000000 0.000000 0.000000 6.999880 27.381621 40.603025 36.974129 18.554792 1.218152 0.000000 20.723176 144.335732 249.017863 244.676592 187.920565 143.666007 134.764247 103.956745 104.889788 95.603139 64.918761 33.432045 19.129853 14.008934 14.928692 24.334257 84.863629 152.134155 179.357909 145.259327 78.644439 88.031087 196.645806 264.845501 256.117976 213.141237 148.176707 149.698206 268.851252 295.009474 181.640362 75.525951 60.281065 71.005283 101.923208 151.001530 298.962505 395.909759 345.379704 218.241226 150.868404
0.526456 16.494432 35.395166 40.828552 28.969691 9.432462 1.657096 0.000000 0.000000 0.000000 0.000000 0.000000 0.000000 0.000000 0.281323 8.256290 27.207522 47.662622 49.350697 27.039887 1.958396 5.323437 29.582220 145.798612 246.852892 253.921792 252.227839 249.520977 201.080515 136.480503 102.457036 103.085581 74.287576 36.841893 22.258534 13.896290 18.830845 39.140848 79.181605 135.689639 153.592346 130.555751 82.014083 118.627459 284.377157 397.544873 388.067358 250.919079 108.580534 177.341945 372.114027 478.345653 376.081390 168.265833 56.102006 62.528259 119.269885 334.211643 613.842862 765.630557 823.238540 688.698704 459.444601
0.000000 7.878854 22.042833 26.371494 41.392559 74.489968 77.452360 35.220391 0.146136 0.000000 0.000000 0.000000 0.000000 1.215805 12.825020 21.805446 37.423116 52.095972 52.455175 33.274432 9.692265 13.368401 116.674014 316.831181 418.458315 399.346720 316.334399 263.247125 198.771854 118.388731 78.193564 82.094256 63.340025 63.748879 93.921144 87.914543 54.343838 48.920229 108.462238 175.958960 173.512383 116.828908 83.885272 118.652920 280.826122 406.610672 409.264437 290.988672 164.233324 261.644577 455.030852 559.880603 473.150753 259.414514 134.406345 193.810311 443.109449 774.557834 1020.649269 1027.288777 1093.046893 1004.279686 743.849209
0.000000 0.010986 3.971508 12.993623 87.770382 164.009895 172.599823 105.092360 17.948719 0.000000 0.000000 0.000000 0.000000 7.320971 26.876942 38.628150 46.176464 50.256273 43.754919 33.852178 13.562921 17.568570 179.840522 398.889031 492.695060 418.481355 269.936272 175.280562 124.426184 56.745051 46.323454 48.267695 57.057069 138.750104 213.094515 194.873304 113.109269 79.452858 163.152344 245.993299 239.529044 149.279871 62.254777 49.018743 180.633931 323.276598 359.506656 310.952793 238.463481 288.052486 394.842501 455.463618 409.699871 336.337451 328.796393 505.147458 827.417631 1058.320792 1149.657003 987.647747 914.698332 899.137657 747.330916
0.000000 0.000000 0.000000 13.749078 107.395888 193.505075 202.785799 128.823247 28.078631 0.000000 0.000000 0.000000 0.000000 8.185963 28.512188 42.290400 42.685635 40.417491 32.276319 24.404570 7.996617 11.391089 145.140305 327.992576 399.952122 299.727095 123.573755 47.110710 25.333020 1.581371 8.411903 12.343228 57.050955 180.929904 265.359002 240.002136 129.703973 80.076186 183.442902 277.673060 275.233810 168.420992 51.795074 28.098717 118.396005 233.512223 312.732743 363.434741 377.464534 436.477899 582.453594 532.290887 396.173403 397.951574 464.907682 625.067371 885.957576 994.973360 898.313290 600.473685 431.876744 496.630972 488.650256
0.000000 0.000000 0.000000 3.316707 67.890462 138.739384 148.337956 93.373007 19.525425 2.866748 0.000000 0.000000 0.000000 4.741487 47.324162 76.439450 59.857773 21.665095 10.903118 6.834161 7.973540 23.755258 62.260171 174.573310 234.735861 177.092490 46.693164 7.721425 1.908794 0.000000 5.580739 20.406607 60.600995 153.217530 212.467689 186.198006 91.568056 43.879664 141.786490 223.306931 219.588545 139.506894 65.958022 77.693299 179.893579 282.092965 383.434088 469.068840 626.712159 1051.616633 1343.545661 1177.718989 729.897439 489.979055 473.929041 470.294610 578.187479 649.486697 570.234812 312.743428 205.143784 224.779748 196.722900
0.000000 0.000000 0.000000 0.000000 8.659482 41.657570 63.140944 53.881974 39.442596 19.343767 1.740000 0.000000 0.000000 23.145034 80.369218 114.106702 93.387936 36.172348 0.065598 0.047395 14.111187 36.750270 57.852363 183.208369 513.101172 667.399090 423.639340 114.767678 28.738985 5.697283 14.003073 33.740016 51.645125 81.918480 101.097168 81.519976 46.089418 34.580916 82.581682 128.071291 128.302335 108.953001 125.272422 202.766765 317.037445 406.452066 447.233453 474.450212 799.081089 1485.011103 1901.714240 1731.639827 1044.572153 481.614570 333.101674 249.098887 193.291684 270.830146 349.235559 316.342002 245.473245 154.772896 96.060783
0.000000 0.000000 0.000000 0.000000 0.000000 4.874751 39.803163 69.988182 70.237522 40.509308 5.912074 0.000000 0.000000 31.476959 93.473595 125.966678 105.575967 53.605162 17.513642 19.514095 21.058470 44.025658 120.114921 749.185030 1745.939338 2096.620509 1486.038535 519.936188 105.013203 42.710021 48.096607 95.482558 103.861814 75.372050 46.824969 25.235585 34.854542 69.825002 105.462685 106.831926 81.083533 89.152919 177.830920 303.631207 388.005434 413.630313 401.803628 388.514671 692.018761 1341.238834 1743.884282 1573.311481 892.195849 308.226395 172.317383 140.089244 115.344476 224.488605 411.865501 458.619289 330.092223 133.061225 52.050051
0.000000 0.000000 0.000000 0.000000 0.304623 29.554710 90.806013 104.786705 75.448055 42.816555 6.011989 0.000000 0.000000 24.840628 94.888607 123.004351 92.143980 52.365199 51.705360 57.842864 42.905890 46.749746 226.811341 1267.338573 2580.307816 3009.906325 2259.002570 948.313214 258.159323 151.681535 160.124746 193.557304 208.002223 150.631736 69.200231 42.812683 47.319885 139.914681 201.985987 175.743659 99.949520 72.432050 166.101236 277.120367 345.549146 325.197074 292.208674 301.966444 418.493653 767.246115 1015.053820 851.372684 398.481937 147.690905 170.248731 228.345494 246.433156 338.422118 443.385457 456.820692 321.470784 114.437097 22.242383
0.000000 0.000000 0.000000 0.000000 29.129456 123.202415 196.337887 184.971613 94.447654 23.423136 1.136140 0.000000 5.209044 48.915875 104.024560 118.662999 80.284743 46.102588 69.033554 80.779107 71.284274 55.280287 191.105025 1097.799131 2302.434683 2695.700771 2014.303708 848.524012 296.782743 250.271912 254.428218 247.694713 242.844148 182.876464 93.088775 48.320430 53.949148 168.440327 247.995576 228.491581 136.332106 60.323918 96.003207 154.223561 194.215350 181.555000 172.375657 222.190882 269.809267 308.147645 353.454425 247.413805 118.163550 108.680058 200.166242 316.878352 365.441594 395.884775 399.249582 342.618467 204.833936 51.052583 2.348354
0.004157 0.000000 0.000000 0.643546 64.486067 186.064892 254.144959 220.333304 102.946957 7.100583 0.000000 0.000000 13.344579 70.482925 118.071680 118.301002 77.682524 41.925459 55.062983 74.397156 74.280782 57.081687 101.141908 525.421928 1207.416055 1425.683429 962.375563 383.331069 269.294785 254.134467 247.120451 219.096586 194.735727 163.242800 104.512843 60.201651 33.703975 137.835492 232.505425 237.671234 144.075139 55.105953 45.159404 57.787112 51.226113 63.826634 116.643672 197.003358 233.011464 218.462462 186.123941 149.584068 117.231595 97.925393 174.489204 299.206199 354.390354 317.163080 261.654334 180.794380 74.480331 6.944569 0.000000
0.000000 0.000000 0.000000 0.176519 51.535194 163.017740 221.688075 182.058176 73.983373 1.048682 0.000000 0.000000 8.161422 53.555691 95.063538 94.875119 57.726174 28.745088 35.711038 44.844635 47.106045 60.786797 159.021425 339.117305 463.637131 394.519643 231.128935 227.997487 261.461300 202.342312 147.656193 125.364070 102.817851 98.736221 100.408260 82.358524 104.261851 186.124069 230.209596 202.606231 142.019124 126.827493 125.603268 113.245995 109.553152 101.320305 115.839826 141.410278 153.214683 172.891366 203.365385 200.547467 148.117389 85.743923 108.180034 204.050612 267.273041 204.083424 107.320961 36.324455 2.212205 0.000000 0.000000
0.000000 0.000000 0.000000 0.000000 8.980016 70.044003 109.680585 82.374156 18.060345 0.000000 0.000000 0.000000 0.838019 15.120784 37.944441 38.321137 29.848680 32.759522 34.942663 26.974982 22.829987 62.054995 389.770896 693.521966 706.117188 480.548222 287.642448 410.609142 461.977555 291.404503 135.861956 96.525630 96.747258 112.901475 126.945929 192.649032 295.204673 361.960835 400.312634 324.892621 284.797821 280.959106 298.543740 286.501487 238.776595 179.814653 133.877207 117.109634 112.214431 185.720987 268.357824 279.584794 205.730668 112.256757 145.200944 233.966748 282.773646 213.879190 59.065922 0.869649 0.000000 0.000000 0.000000
0.000000 0.000000 0.000000 0.000000 0.000000 1.200870 6.729052 1.748784 0.000000 0.000000 0.000000 0.000000 0.000000 0.000067 0.885661 2.401557 20.910784 38.539845 40.903079 27.017794 29.843358 263.268320 820.870758 1112.243990 974.690977 626.515120 535.133768 993.628962 1174.064055 851.448494 336.258299 154.687127 159.018788 161.394844 169.453773 274.091257 430.124648 581.449126 631.647304 536.043265 452.135071 382.553452 379.362405 369.095921 287.017942 203.437406 126.141040 86.880512 97.966814 184.240609 261.696570 271.716852 212.746694 140.334737 233.087380 354.993395 384.937249 281.996039 91.398657 0.303890 0.000000 0.000000 0.000000
0.000000 0.000000 0.000000 0.000000 0.000000 0.000000 1.369091 2.522899 0.021443 0.000000 0.000000 0.000000 0.000000 0.000000 0.000000 0.277356 13.029019 27.507812 29.644485 30.162714 186.276762 628.266975 1195.326113 1382.063515 1043.398942 578.508998 734.565121 1439.859757 1723.866188 1355.890746 623.545702 211.397599 172.123582 151.969199 140.275215 236.457230 396.134141 575.205686 631.151307 525.735783 432.666620 332.986412 289.254740 268.209403 201.468555 141.292282 80.651730 46.399664 57.513059 124.235036 179.233753 188.956578 166.284273 135.669921 247.183664 394.130947 447.997983 334.034743 119.984217 5.485129 0.000000 0.000000 0.000000
0.000000 0.000000 0.000000 0.000000 0.000000 10.490112 32.475283 37.358973 20.075310 0.708833 0.000000 0.000000 0.000000 0.000000 0.000000 0.000000 1.436652 8.030537 12.460022 40.149317 298.529643 763.551766 1173.208430 1235.897773 844.784983 387.848691 648.038836 1340.635631 1640.987376 1307.688678 599.675008 189.579029 124.500736 93.885701 82.599891 116.823281 210.212293 323.831973 388.204161 333.946662 256.429653 155.340968 107.045384 76.001478 62.057040 44.082961 22.126550 26.064576 24.633053 37.458037 62.634874 68.035352 76.544093 124.697654 218.780950 560.336988 781.141967 616.543845 218.459458 25.875314 0.000000 0.000000 0.000000
