WorkingVersion/ascfiles2/tmp_kdeout71.asc
ncols        704
nrows        293
xllcorner    827.296065
yllcorner    924.742280
cellsize     0.500000000000000
NODATA_value -999.000000
[rows 56 to 83 of 293, columns 126 to 188 of 704]
0.000000 0.000000 0.000000 0.000000 0.000000 0.000000 0.000000 1.042954 2.286413 0.308265 0.000000 0.000000 0.000000 0.000000 0.000000 0.000000 0.000000 0.000000 0.000000 0.000000 0.000000 0.000000 0.000000 0.000000 0.000000 0.000000 0.000000 0.000000 1.541888 17.182846 40.520210 64.202991 56.834536 36.088512 35.717907 56.039561 89.323317 107.688259 94.268944 64.294156 39.378335 127.522257 326.912786 515.902131 434.451392 192.160974 155.990868 228.969394 307.422199 331.696594 380.784353 666.887297 874.467196 795.489433 453.361962 135.434671 59.980482 90.116325 301.415173 753.675483 1089.856811 995.346035 687.480914
0.000000 0.000000 0.000000 0.000000 0.000000 0.000000 0.000000 0.000000 0.000000 0.000000 0.000000 0.000000 0.000000 0.000000 0.000000 0.000000 0.000000 0.000000 0.000000 0.000000 0.000000 0.000000 0.000000 0.000000 0.403988 7.250598 14.674670 15.214162 8.899966 23.821748 86.898397 168.166699 168.016415 85.223606 35.242126 76.023286 134.240453 152.662883 126.942736 92.364710 72.127781 220.267032 735.482225 1125.545770 1084.820391 671.422621 345.001871 293.156480 303.539826 331.445209 504.445587 989.032911 1277.645217 1133.876217 659.960649 247.815846 120.883748 121.127414 216.789656 414.802837 604.555582 528.633413 400.360979
0.000000 0.000000 0.000000 0.000000 0.000000 0.000000 0.000000 0.000000 0.000000 0.000000 0.000000 0.000000 0.000000 0.000000 0.000000 0.000000 0.000000 0.000000 0.000000 0.000000 0.000000 5.032700 10.409499 7.626831 10.908983 52.176020 85.297359 73.573085 45.918824 37.982149 153.133314 270.956127 277.035842 172.886386 76.085088 83.307071 136.446588 153.710748 120.047270 90.733059 91.070485 317.959023 998.212940 1518.751536 1569.083076 1108.557612 589.958932 366.298619 216.361224 213.775876 441.082534 931.002511 1223.400186 1093.568606 669.090924 356.889352 302.701538 265.241856 238.986769 280.455364 312.158141 280.279949 179.563341
0.000000 0.402218 0.153364 0.000000 0.000000 0.000000 0.000000 0.000000 0.000000 0.000000 0.000000 0.000000 0.000000 0.000000 0.000000 0.000000 0.000000 0.000000 0.000000 0.000000 4.680810 21.107010 31.105652 27.303650 80.300262 174.394923 221.424618 169.606120 78.532523 46.187205 146.707536 264.998413 276.643494 179.028713 73.942295 67.488993 96.580958 112.742506 92.474429 75.179185 92.633816 285.741263 870.723848 1358.217781 1468.642748 1110.955387 629.022556 375.378066 149.349969 110.991251 275.074315 578.405167 803.161780 708.881131 501.470401 496.718325 555.123269 491.773221 389.365574 351.218702 296.514464 170.905511 125.903327
7.858982 16.068142 14.182143 4.308188 0.000000 0.000000 0.000000 1.864602 17.163541 32.747095 16.869020 1.687938 0.000000 0.000000 0.000000 0.000000 0.000000 0.000000 0.000000 0.000000 9.404499 30.221342 41.995605 52.515430 150.471934 262.822866 307.198415 227.159270 90.292906 28.933030 73.245381 159.895252 173.900572 99.073220 21.240298 35.458539 63.944109 78.811640 84.555905 87.990496 82.921337 145.460563 423.559967 718.163285 816.930793 668.954874 536.639462 405.532630 169.708139 96.210770 178.148678 319.857070 426.633548 383.366610 400.781407 565.003426 643.144502 603.996793 508.478125 458.658484 377.599245 223.481878 165.944144
22.372696 35.225406 32.404664 16.017671 0.746835 0.000000 0.349564 33.662891 122.394986 167.911391 124.616725 34.942045 1.110493 0.000000 0.000000 0.000000 0.000000 0.000000 0.000000 0.000000 6.361099 24.530629 35.234291 49.740214 145.971671 243.797526 272.532019 184.811912 53.856092 11.124052 9.193262 37.792105 42.989019 12.636664 0.054208 7.436491 29.271545 51.498249 72.454549 83.939815 79.398889 86.426447 102.534133 132.474684 163.621074 361.838343 568.192376 541.577812 326.510556 151.808263 188.270058 297.039520 384.942200 356.328770 359.737493 437.824227 479.157147 485.754603 489.918463 489.221346 411.711307 236.976819 134.002930
27.132203 41.139129 38.086044 20.080149 1.803852 0.000000 4.291284 83.059407 222.780961 304.032248 244.669037 92.686610 5.169531 0.000000 0.000000 0.000000 0.000000 0.000000 0.000000 0.000000 0.280749 8.765008 15.712434 22.224074 94.294726 176.853722 176.576355 90.603156 16.435871 38.947261 47.722935 33.309092 19.293829 17.432895 7.836473 1.417200 17.123299 37.102896 64.920450 72.426499 68.272030 89.794884 89.810017 80.170700 116.972796 379.227931 633.956020 648.930165 446.373601 268.268258 282.642987 348.347715 360.471085 332.839580 283.523964 238.322575 213.111915 242.175402 322.374112 371.206044 315.595958 166.650036 82.381554
17.977826 29.649634 27.066606 12.335946 0.140059 0.000000 2.870196 86.539496 271.876842 382.896248 322.513593 135.624148 7.011714 0.000000 0.000000 0.000000 0.000000 0.000000 0.000000 0.000000 0.000000 0.000000 9.863285 30.172654 77.735523 118.791733 103.010091 48.381058 48.132969 91.501032 106.461115 89.804090 52.675862 35.653236 21.115231 3.138277 9.961161 90.102284 155.621508 139.060732 89.382774 77.781353 92.580251 90.194331 103.830696 315.092364 528.633357 548.753777 412.902374 284.621584 309.260600 339.434633 306.470533 261.815598 219.164856 125.107925 74.035049 61.235987 125.284184 188.675941 190.997413 143.873973 148.013262
3.325094 9.172449 7.761880 1.200589 0.000000 0.000000 0.000000 50.343815 222.069967 338.267116 293.183761 131.715172 12.783886 0.000000 0.000000 0.000000 0.000000 0.000000 0.000000 0.000000 0.000000 1.395100 18.935106 47.903527 96.019757 112.583444 85.619322 49.246278 61.615101 108.848923 125.829239 107.786301 63.897130 39.946676 24.435041 4.877460 39.218354 167.257364 256.484567 235.877125 145.258794 76.064900 85.284592 116.018673 103.748791 150.312047 305.820182 375.494962 319.763671 276.344906 305.967532 262.514842 180.207705 148.571714 147.063569 106.203186 69.871640 39.086314 44.156198 94.321315 186.373648 225.068953 324.244347
0.000000 0.000000 0.000000 0.000000 0.000000 0.000000 0.000000 18.053277 118.339345 204.814803 189.462732 99.073469 13.886230 0.000000 0.000000 0.000000 0.000000 0.000000 0.000000 0.000000 0.000000 0.970098 20.185212 81.928788 145.311443 146.240831 80.878911 28.561486 37.153822 85.851308 97.812955 73.211216 40.942766 29.709121 14.772647 3.039987 47.682079 178.912106 268.764111 273.371454 191.611193 106.388996 127.498959 148.697896 143.935274 108.610304 162.332056 240.604076 283.788653 337.522611 309.794109 223.260196 100.305648 75.833635 104.985817 111.515496 83.475951 48.743678 28.287547 74.895148 193.306198 267.538715 375.972593
0.000000 0.000000 0.000000 0.000000 0.000000 0.000000 0.000000 2.004279 51.148647 104.490331 103.123183 49.511415 6.477193 0.000000 0.000000 0.000000 0.000000 0.000000 0.000000 0.000000 0.000000 0.000000 28.575519 115.198154 174.625297 161.335603 80.849378 6.887394 19.723856 51.194136 57.517769 40.265889 29.632659 27.627228 10.215038 0.577847 21.983571 104.197521 177.747472 210.844937 171.248791 128.228671 155.714227 166.996590 162.465982 131.773874 166.285432 234.004316 290.975599 331.507009 288.891904 210.757104 110.459993 58.555886 76.706588 84.978746 69.492085 60.897447 49.444155 60.763467 152.007418 232.524618 322.493169
0.000000 0.000000 0.000000 0.000000 0.000000 0.000000 0.000000 0.000000 6.025665 22.481025 23.862924 11.815694 0.807951 0.000000 0.000000 0.000000 0.000000 0.000000 0.000000 0.000000 0.000000 0.000000 27.176935 109.480566 163.588881 147.252833 75.422428 11.356238 23.921276 39.823882 44.653615 47.755825 42.181345 36.412719 19.620254 1.895977 3.157524 20.122145 49.454207 90.741509 113.277603 120.818960 131.703329 132.826180 134.846129 112.520198 123.360443 169.729929 201.894460 233.273763 217.750601 175.804702 76.905221 31.145178 41.959396 44.158357 46.775158 63.364535 64.405177 62.316689 89.448811 122.636413 209.559019
2.180403 3.555684 0.717365 0.000000 0.000000 0.000000 0.000000 0.000000 0.000000 1.160900 2.057324 0.118001 0.000000 0.000000 0.000000 0.000000 0.000000 0.154918 0.000000 0.000000 0.000000 0.000000 8.293960 65.322586 110.135696 102.219822 62.624247 37.906054 53.283010 56.167764 59.155976 58.863190 47.475781 37.143916 20.157955 2.065631 0.000000 0.000000 0.610659 27.720973 66.527991 83.357244 67.380916 57.546625 87.688076 122.449251 122.646120 107.898157 74.975203 99.144019 202.001721 215.116513 109.825732 27.829750 44.362508 56.721200 62.573837 64.317068 144.904201 209.887573 197.083721 142.410404 147.929845
19.361929 23.128910 14.217235 1.649134 0.023647 4.456736 6.106561 0.951954 0.000000 0.000000 0.000000 0.000000 0.000000 0.000000 0.000000 1.251141 10.385624 15.047353 9.534502 0.720453 0.000000 0.002324 14.270880 81.657255 137.722726 116.043944 79.345318 85.085796 93.975992 98.248772 87.483186 68.230117 43.604748 24.832580 10.089132 0.084463 0.000000 0.000000 0.122435 2.703470 33.591531 61.337255 55.761548 44.885628 106.056399 195.785907 211.928673 148.666413 66.933248 141.166750 338.189066 400.796941 294.128091 129.740275 97.586741 132.635753 133.195394 196.711781 322.639840 404.952376 435.054912 390.327148 289.628596
34.528652 39.503010 27.525387 7.618016 14.668152 38.961656 43.729138 24.418778 1.629164 0.000000 0.000000 0.000000 0.000000 0.000000 0.000000 9.962405 27.672409 35.009415 26.271597 8.332336 0.000000 6.705590 91.288304 227.909551 298.030789 254.341969 157.651087 117.437017 117.631032 137.785456 130.327251 96.995505 44.452287 25.165573 43.163472 36.702330 11.484733 2.589728 12.675276 25.483107 54.720716 75.491565 76.836382 81.396253 143.218077 226.680930 237.517317 163.098544 81.948844 221.085975 450.081540 520.150419 406.287184 223.404345 173.806406 256.930107 391.829971 500.809812 570.878988 552.989578 592.861444 582.575801 465.231471
34.860603 39.858012 27.821853 10.087749 35.810949 70.594778 76.962645 50.362728 11.393616 0.000000 0.000000 0.000000 0.000000 0.000000 0.037853 14.035515 34.228698 42.340373 32.668714 12.087103 0.000000 15.603497 139.146624 306.478260 386.749102 320.443246 180.069355 97.144135 99.654444 132.018840 139.040038 107.082948 63.956388 98.409817 157.915978 141.878661 63.173804 20.423430 32.044694 56.704611 80.771473 82.818470 91.302193 105.548070 144.491863 193.665217 176.934768 111.098520 63.229678 178.572303 382.341230 449.038733 357.746629 221.633713 230.874302 385.013859 602.488886 703.504448 689.721253 578.719194 531.608514 542.009562 481.848553
20.113018 23.949154 14.861870 4.592658 37.312871 72.686280 79.137257 52.113979 12.215036 0.000000 0.000000 0.000000 0.000000 0.000000 0.001434 10.172281 25.142817 31.914698 23.600325 6.859227 0.003917 14.512502 109.961023 245.519384 309.298729 242.094099 104.804409 36.128598 41.696932 76.184181 95.312398 72.879875 73.108890 157.800059 234.241390 213.488750 116.641348 45.265792 73.509650 105.937010 107.904124 92.617397 86.783190 103.529987 125.015882 132.505752 91.801382 49.122618 41.918313 116.102340 368.686172 469.637607 345.374502 207.303892 219.356634 377.380079 638.444873 754.848061 642.244906 408.582121 287.600006 339.615984 334.745015
2.616338 4.106878 0.975878 0.008383 17.654505 43.716751 48.733563 28.153121 2.574013 0.000000 0.000000 0.000000 0.000000 2.304757 31.691661 58.284924 54.609182 22.359593 6.516108 0.098384 6.862843 23.633894 52.680130 111.421868 135.593272 93.025272 36.602078 10.986237 7.168607 29.182555 58.822689 55.091553 64.271447 150.960677 216.951443 194.087063 111.186080 51.117172 94.997954 128.321098 122.516009 103.035198 87.914482 95.597949 121.068897 103.191897 88.239023 95.863310 187.093432 522.614558 848.546748 897.843446 620.948344 339.382498 248.175724 322.883255 534.636633 638.331233 517.340567 253.491093 174.522184 203.148806 174.513592
0.000000 0.000000 0.000000 0.000000 0.371172 7.317189 9.382563 2.111153 0.000000 0.000000 0.000000 0.000000 0.000000 22.738799 89.396329 134.755763 119.676902 55.320364 3.014762 0.036698 13.906240 33.860016 42.360826 81.659016 268.859894 518.112519 471.166715 222.284490 51.012838 35.414720 60.150102 77.251419 77.605714 105.406836 142.471925 117.677398 62.588189 38.450080 73.869053 107.030735 125.321940 115.251192 103.793370 122.960180 139.513169 143.767381 152.282970 200.224166 411.707487 909.524456 1292.928962 1298.557643 890.689300 432.661903 270.830377 297.484154 418.972747 459.945928 366.109063 201.164373 144.340979 152.495694 119.591546
0.000000 0.000000 0.000000 0.000000 0.000000 0.000000 0.000000 0.000000 0.000000 0.000000 0.000000 0.000000 0.000000 32.049711 111.627259 163.046502 147.167237 75.150086 13.663987 12.823346 23.277763 33.426022 75.398282 427.556658 1234.210996 1765.927526 1516.750618 766.167335 197.546113 69.235982 85.281552 138.263905 139.133772 97.965577 86.129850 69.903163 43.931760 31.400221 44.364876 75.555803 100.386475 104.615205 108.826688 128.413200 165.510268 202.675739 229.382576 271.593086 451.397876 881.553002 1201.309957 1186.385475 769.267739 341.563651 228.679837 272.514848 370.048033 373.878814 311.232628 200.625164 139.083279 116.452312 93.008997
0.000000 0.000000 0.000000 0.000000 0.103968 16.248295 30.239235 16.986193 0.244346 0.000000 0.000000 0.000000 0.000000 15.119930 77.803822 122.236138 109.276678 52.870476 24.669716 32.653454 33.618113 39.741954 161.337510 822.799755 1931.548245 2564.034327 2202.254532 1152.524649 308.589067 81.234248 113.594968 186.667910 205.337610 159.518998 110.514508 82.183163 55.767644 46.928041 69.926455 84.646357 90.633706 76.923602 95.112612 122.545915 178.197578 246.249296 276.882091 286.795277 309.414081 483.425259 663.693136 615.181663 338.149651 162.157313 171.304715 233.546861 296.881027 301.544046 247.176948 168.677969 116.755748 77.342503 45.309318
0.770281 0.000000 0.000000 0.000000 22.805653 83.569765 112.735420 84.703170 24.174391 0.000000 0.000000 0.000000 0.000000 0.005345 17.646207 42.044864 35.894721 22.075905 37.148248 47.669520 42.524328 43.853212 153.352911 762.527512 1759.850271 2305.001207 1928.572113 941.758193 223.142381 72.311078 116.714533 204.686870 236.042420 193.469427 120.609215 77.351631 56.082982 69.411025 107.688980 117.895704 92.774878 49.603535 41.672759 71.863444 144.515453 227.864801 252.417428 228.097118 161.306298 120.110226 156.407242 133.794439 86.703970 73.097278 113.918122 180.762341 215.939629 229.522467 204.535172 139.747803 75.131425 22.483741 1.727716
1.102205 0.000000 0.000000 0.013469 49.618398 130.211056 166.018275 131.440609 51.179434 0.048690 0.000000 0.000000 0.000000 0.000000 0.000000 0.242180 8.111791 26.613001 50.559293 55.911638 41.299182 38.043869 72.491912 375.696150 911.003018 1198.955857 907.902184 341.860443 93.988525 62.375263 96.829776 175.470114 214.345049 183.166957 107.249217 63.037135 39.717552 63.235255 105.450772 113.103784 74.331244 17.992654 4.147477 25.562575 63.919812 142.097856 197.625343 179.641875 111.590872 36.912601 30.615146 52.257010 54.875413 38.950626 53.088970 115.742939 158.081884 156.047228 126.078911 79.481287 31.814179 4.197949 0.000000
0.000000 0.000000 0.000000 0.004129 41.490109 116.611223 150.526858 117.637569 42.644729 0.000000 0.000000 0.000000 0.000000 0.000000 0.000000 0.000000 13.007747 33.415785 46.873463 45.224273 24.149840 18.501755 70.650427 203.082934 307.453573 267.771964 141.964334 84.625173 76.380133 57.586665 62.688035 119.237864 150.394101 127.750271 89.596488 79.645153 92.980857 106.194752 106.284081 78.196096 38.809307 19.407015 39.297774 48.604849 51.883404 90.756632 137.102510 127.173223 70.331056 30.785223 29.037522 43.948804 29.098389 6.143699 17.727190 69.642641 97.567248 73.893153 40.943543 13.686689 1.992380 0.000000 0.000000
0.000000 0.000000 0.000000 0.000000 9.160666 53.510147 77.001050 54.033928 9.310156 0.000000 0.000000 0.000000 0.000000 0.000000 0.000000 0.000000 9.196887 27.109207 35.199925 27.160186 9.256340 24.430381 263.205682 502.521973 511.336798 287.712327 106.282153 218.536039 307.795785 204.321912 96.227945 102.425945 107.142258 96.166298 97.565258 164.251749 228.162084 235.714372 223.904696 139.972780 60.230873 49.647003 81.983250 99.840644 106.559141 102.270041 118.963030 112.165577 69.533457 62.728377 81.074263 89.729948 58.516550 16.745460 36.965832 76.710590 86.651273 52.385993 5.318522 0.000000 0.000000 0.000000 0.000000
0.000000 0.000000 0.000000 0.000000 0.000000 1.848983 6.481550 1.617684 0.000000 0.000000 0.000000 0.000000 0.000000 0.000000 0.000000 0.000000 1.021994 10.143910 15.297898 10.175104 5.805367 149.930059 550.926346 808.356411 742.602170 437.368647 329.738668 741.228637 949.441734 729.717297 302.694899 134.209225 111.078795 92.577607 119.885418 213.190585 301.785066 378.267368 394.439565 294.179583 167.874690 81.342668 95.231545 115.927731 123.760777 113.134966 121.212695 110.943804 78.528439 83.206671 109.833508 118.492044 82.590192 44.838134 84.474874 130.252807 126.354454 78.810979 16.381424 0.000000 0.000000 0.000000 0.000000
0.000000 0.000000 0.000000 0.000000 0.000000 0.000000 0.000000 0.000000 0.000000 0.000000 0.000000 0.000000 0.000000 0.000000 0.000000 0.000000 0.000000 0.820630 2.731717 0.691686 64.150988 281.704496 682.359315 899.564669 748.118649 425.853303 534.726992 1121.256955 1376.350238 1100.265883 501.947375 152.989303 111.939990 80.970955 91.472411 161.999476 251.318027 362.418266 408.426855 332.799157 207.065852 82.511954 63.713157 81.004242 78.434765 73.759772 79.717335 71.671020 49.980217 65.664891 89.442598 95.868332 70.028153 48.413734 93.362989 143.129513 149.634052 94.162627 25.675707 1.361246 0.000000 0.000000 0.000000
0.000000 0.000000 0.000000 0.000000 0.000000 0.000000 0.000000 0.000000 0.000000 0.000000 0.000000 0.000000 0.000000 0.000000 0.000000 0.000000 3.321491 15.657515 21.564029 16.732892 106.242051 282.812331 536.022031 654.996045 480.049070 205.164425 418.714794 1001.464223 1238.587218 961.155738 400.624533 100.753200 71.175592 43.944699 44.215638 62.431192 103.984350 188.340590 254.550506 237.786483 149.734645 35.423645 13.428412 24.733078 19.722038 17.873681 24.050102 29.012626 26.413632 24.648906 33.055217 38.333740 28.023051 43.417536 85.852315 200.833335 274.506340 208.415094 73.050628 7.628433 0.000000 0.000000 0.000000
