WorkingVersion/ascfiles2/tmp_kdeout19.asc
ncols        704
nrows        293
xllcorner    827.296065
yllcorner    924.742280
cellsize     0.500000000000000
NODATA_value -999.000000
[rows 28 to 55 of 293, columns 315 to 377 of 704]
0.000000 0.000000 0.000000 0.000000 0.000000 0.000000 0.000000 0.000000 0.000000 0.000000 0.000000 0.000000 0.000000 0.000000 0.000000 0.000000 0.000000 4.108170 49.580174 108.808215 404.022035 949.737385 1432.773977 1932.848292 2167.637100 1673.162109 976.642016 460.341355 96.567124 0.000000 0.000000 0.000000 0.000000 0.000000 0.000000 0.000000 0.000000 0.000000 0.000000 0.000000 0.000000 0.000000 0.000000 0.000000 0.000000 0.000000 0.000000 1.163584 19.985250 60.135446 81.935438 64.207634 42.122590 60.879843 91.814178 92.289778 43.947673 25.717938 68.278312 149.533013 188.370015 153.963304 68.310246
0.000000 0.000000 0.000000 0.000000 0.000000 0.000000 0.000000 0.000000 0.000000 0.000000 0.000000 0.000000 0.000000 1.679672 2.091542 0.077427 6.170985 17.966669 73.991818 421.318630 1659.046708 3010.349090 4254.516532 4552.921553 3893.568191 2626.448801 1060.810940 322.329614 29.369177 0.000000 0.000000 0.000000 0.000000 0.000000 0.000000 0.000000 0.000000 0.000000 0.000000 0.000000 0.000000 0.000000 0.000000 0.000000 0.000000 0.000000 0.000000 0.023856 23.870926 78.606954 112.815606 95.515194 44.928007 49.356781 168.025914 253.129298 230.306597 111.328089 49.854653 96.209563 146.067286 128.497141 61.212867
0.000000 0.000000 0.000000 0.000000 0.000000 0.000000 0.000000 0.000000 0.000000 0.000000 0.000000 0.000000 13.104472 34.685348 86.843450 166.982209 201.715507 175.379821 191.921678 911.763105 2773.859335 4577.061580 6028.626682 6022.515984 4540.704812 2871.656973 1738.389670 1285.222000 625.504185 23.138377 0.000000 0.000000 0.000000 0.000000 0.000000 0.000000 0.000000 0.000000 0.000000 0.000000 0.000000 0.000000 0.000000 0.000000 0.000000 0.000000 0.000000 0.000000 19.080303 80.239342 118.931459 117.460653 79.181660 128.658687 303.210458 441.979334 421.404925 241.229502 81.583192 53.663173 84.712671 84.972303 56.252535
0.000000 0.000000 0.000000 0.000000 0.000000 0.000000 0.000000 0.000000 0.000000 0.000000 0.000000 3.525390 38.075077 132.949466 333.939584 583.215931 760.684158 887.453469 809.596798 1183.586752 2604.745537 4115.781481 5208.716833 4962.721526 3591.616183 3073.112281 3439.259274 3804.284141 2659.631417 710.525910 17.624582 0.000000 0.000000 0.000000 0.000000 0.000000 0.000000 0.000000 0.000000 0.000000 0.000000 0.000000 0.000000 0.000000 0.000000 0.000000 0.000000 7.427439 27.653628 78.439757 110.416842 111.652534 85.475617 146.510354 318.324173 456.325854 435.220755 254.518060 81.509571 24.876614 40.938447 48.536931 31.959088
0.000000 0.000000 0.000000 0.000000 0.000000 0.000000 0.000000 0.000000 0.000000 0.000639 8.680765 25.715128 71.599566 236.312593 534.154099 922.198797 1446.029424 1810.863990 1562.599775 1171.077513 1510.542001 2197.418414 2546.334789 2364.764554 2094.367018 3194.368780 5154.290039 6015.029011 4513.312273 1742.007719 192.466794 24.490062 0.000000 0.000000 0.000000 0.000000 0.000000 0.000000 0.000000 0.000000 0.000000 0.000000 0.000000 0.000000 0.000000 0.000000 0.561112 16.519739 37.955650 64.056730 82.738165 79.366954 60.049552 83.357652 180.629764 275.393749 261.726217 138.719231 48.432897 3.101590 6.166347 9.314634 3.739010
0.000000 0.000000 0.000000 0.000000 0.000000 0.000000 0.000000 0.000000 0.000000 11.810073 52.006388 125.373566 235.803600 411.979100 650.888924 1092.361919 2099.278350 2964.598623 2510.136772 1239.289862 549.695644 466.148356 754.381879 1902.349799 3925.924149 7019.589356 9301.611049 8861.033033 6183.522903 2549.616386 676.087569 173.537601 2.895994 0.000000 0.000000 0.000000 0.000000 0.000000 0.000000 0.000000 0.000000 0.002893 5.732526 12.243219 5.894234 0.000000 3.112702 24.327255 57.604327 109.685416 125.637290 89.110742 44.168011 20.661072 31.850511 53.418300 52.577955 29.190690 5.815674 0.000000 0.000000 0.000000 0.000000
0.000000 0.000000 0.000000 0.000000 0.000000 0.000000 0.000000 0.000000 0.021252 26.366675 126.003742 326.554103 503.559930 620.218997 699.676931 1393.368563 3304.670669 4526.957419 3908.988045 1855.687911 316.032752 240.068230 1261.995294 4408.476608 9431.246996 13547.277700 15211.881076 12883.537459 8140.017050 3597.492401 1224.551990 408.205962 65.760359 16.050348 2.423174 0.000000 0.000000 0.000000 0.000000 0.000000 2.073753 26.924139 69.560888 84.187895 60.052752 36.122018 39.006205 57.883910 99.902908 165.721427 182.411282 126.266091 51.476704 7.195088 0.002238 0.034333 0.424288 1.511083 0.000000 0.000000 0.000000 0.000000 2.057113
0.000000 0.000000 0.000000 0.000000 0.000000 0.000000 0.000000 0.000000 0.000000 23.303378 173.467883 445.665161 668.376636 763.430782 834.150012 1862.437237 4039.565066 5162.394535 4328.696950 2099.693994 319.630567 359.676272 1791.182341 5988.475835 12612.266925 18472.551159 20496.659446 17074.303719 10868.651587 5409.976425 1841.909451 845.380626 556.459454 455.428584 239.878296 47.940230 0.000000 0.000000 24.891631 93.242054 124.145447 119.965234 163.326754 184.354847 142.157100 104.337527 79.450705 88.628414 119.384611 167.405055 188.184261 139.567561 58.073813 8.761244 12.925430 48.720561 136.575976 151.533543 72.020145 1.322675 0.000000 0.125950 12.962372
0.000000 0.000000 0.000000 0.000000 0.000000 0.000000 0.000000 0.000000 0.000000 11.590396 147.558442 432.411797 857.187238 1126.482451 1195.923955 1862.172341 3710.829167 4503.910514 3504.604919 1560.600984 293.648390 439.091313 1504.553318 4877.537943 11689.262342 18590.815480 21820.473441 19080.351276 12965.321074 7604.513449 3701.653719 2197.803369 1823.231443 1347.059415 700.559674 209.231686 9.481786 80.362618 392.588537 706.518291 726.358245 508.716825 305.247452 236.693348 177.223464 123.879772 107.888901 114.654438 105.406414 111.361716 126.482246 88.999848 29.717009 16.696932 41.260462 194.659047 355.145121 370.730274 234.072783 47.268529 0.000000 1.151862 18.651028
0.000000 0.000000 0.000000 0.000000 0.000000 0.000000 0.000000 0.000000 1.830603 18.580017 108.744300 614.692208 1468.646599 1880.735796 1845.888451 1611.098242 2219.313948 2555.108889 1734.105977 581.807450 362.057729 984.274227 1882.545405 3976.472829 8892.528446 14343.595021 17362.396445 16644.326941 15193.385656 15557.036993 13328.671643 7956.608454 3706.795567 2234.520504 1042.826009 280.445439 44.751406 318.982919 930.942996 1453.534837 1464.594806 992.537615 516.578061 260.170578 156.892253 111.641000 153.127872 176.658117 124.900229 59.553053 39.231393 21.407336 2.739761 21.798115 62.113707 259.315683 441.769612 457.487083 301.848546 80.333974 5.286829 0.678327 12.883267
0.000000 0.000000 0.000000 0.000000 0.000000 0.000000 0.000000 0.000000 3.274296 23.573353 96.839456 788.937072 1791.127979 2249.773079 2060.069776 1437.056013 910.001910 688.310793 285.799669 163.566310 714.062019 1848.852397 3408.837154 5270.509016 8224.525770 11274.592280 13049.210118 14628.227891 20863.755807 27447.160961 27005.744132 18206.980866 7293.620385 2766.228412 1023.983852 193.868151 99.388142 532.839868 1428.811464 2019.771855 1826.854902 1186.109432 605.119227 309.961047 191.478336 147.212874 171.836397 209.070137 167.271251 87.939545 31.025797 18.666902 5.061502 14.764809 36.860723 177.183860 330.942841 346.430649 226.334839 85.441537 60.084488 38.469633 6.804756
0.000000 0.000000 0.000000 0.000000 0.000000 0.000000 0.000000 0.000000 0.669605 14.323934 63.674212 567.332354 1434.484686 1833.295321 1540.794410 835.943967 376.845793 203.935594 91.449062 189.621885 987.977164 2481.810143 4500.925038 6400.965196 7940.483304 9205.672346 10035.160560 12437.504015 22589.753075 32343.638602 32549.082930 22345.995755 8713.600950 2407.507140 653.002537 124.435676 196.304527 937.465723 1933.202930 2401.148791 1937.465313 969.649424 533.299023 358.973117 254.396398 195.850601 175.791723 188.659735 165.041720 96.098881 46.448304 31.631456 11.579853 2.460018 9.948597 33.659434 108.060663 122.448990 91.898642 95.273161 117.793639 96.694451 41.222311
0.000000 0.000000 0.000000 0.000000 0.000000 0.000000 0.000000 0.000000 0.000000 1.787121 14.165829 122.449587 580.579049 827.860815 585.762555 155.425603 53.465147 20.215632 136.192196 519.982094 1315.556470 2554.739510 4027.589403 5370.664455 5984.012373 6313.278963 6752.291910 8542.083946 17026.431485 25430.472861 25254.249155 16384.932150 5508.142580 1355.591408 357.243780 148.592987 324.902486 1143.834766 1972.303338 2143.051986 1554.975920 652.057614 355.789506 328.961075 254.075079 183.794577 161.580057 165.097709 128.794198 70.244588 49.575398 32.863463 10.620240 0.000000 0.000000 0.000000 0.000000 3.789535 58.205819 120.057088 153.248375 137.616881 79.017233
0.000000 0.000000 0.000000 0.000000 0.000000 0.000000 0.000000 0.000000 0.000000 0.000000 0.000000 0.516923 7.312148 36.679474 6.581689 0.000000 0.031273 35.097520 332.338712 836.888290 1436.826975 2053.300992 2415.180768 2654.263986 2766.061523 2923.771700 3609.168919 4637.542624 7198.724904 10909.584538 10447.861079 5635.716678 1524.832951 501.699090 157.814463 111.964173 265.786663 938.176182 1545.179563 1581.698720 1045.577523 347.375065 202.222274 215.807095 209.950068 226.389284 203.388581 167.146910 124.878971 74.016866 51.812276 30.714218 3.735793 2.509896 3.045718 0.210150 0.206510 13.965452 52.599793 105.272106 145.012451 133.415982 86.081739
0.000000 0.000000 0.000000 0.000000 0.000000 0.000000 0.000000 0.000000 0.000000 0.000000 0.000000 0.000000 0.000000 0.000000 0.000000 0.000000 0.260071 47.974435 349.510333 802.602678 1236.674460 1460.429784 1307.584472 960.241972 671.776724 651.937980 1149.099066 1682.683258 1827.786650 1623.524790 1158.904551 622.862488 283.178964 193.947148 256.392950 269.552836 179.512941 376.008914 745.138248 759.959810 405.946076 85.024858 95.998997 128.738195 222.869954 319.675807 335.172622 257.511214 155.063000 83.239417 43.444787 23.450637 11.783562 20.554161 22.039298 11.613273 1.362368 17.943796 36.860537 59.082845 86.379230 84.834511 70.095740
0.000000 0.000000 0.000000 0.000000 0.000000 0.000000 0.000000 0.000000 0.000000 0.000000 0.000000 0.000000 0.000000 0.000000 0.000000 0.000000 0.000000 15.692594 174.332769 438.871786 628.351853 609.708305 426.007142 283.563965 183.734668 161.118830 180.106872 167.373584 153.205025 137.367783 137.748201 134.629925 191.395582 498.957919 761.752048 725.804285 423.689948 116.614744 115.252882 108.716319 39.747782 43.903701 62.652743 115.651876 230.082289 339.361111 362.226106 271.304712 142.160438 76.247768 45.040094 25.462352 30.723173 56.038597 42.063776 24.103374 4.730776 10.806174 26.236599 32.099197 38.072913 42.123240 52.641542
0.000000 0.000000 0.000000 0.000000 0.000000 0.000000 0.000000 0.000000 0.000000 0.000000 0.000000 0.000000 0.000000 0.000000 0.000000 0.000000 0.000000 0.067899 17.300578 80.726366 97.941296 33.988623 7.333854 29.798949 78.509911 119.203784 120.320486 88.026475 78.386318 81.800833 96.135470 126.724338 253.645256 709.351436 1043.775998 996.150882 611.930878 173.071233 65.241178 52.266114 35.457936 29.280901 33.009663 66.871603 165.524003 243.618220 247.431350 166.601169 76.660450 54.632911 55.125394 77.395270 218.157487 285.991763 207.417372 56.142458 4.968495 0.793571 7.429544 9.690151 7.442043 56.758668 142.102696
0.000000 0.000000 0.000000 0.000000 0.000000 0.000000 0.000000 0.000000 0.000000 0.000000 0.000000 0.000000 0.000000 0.000000 0.000000 0.000000 0.000000 0.000000 0.000000 0.000000 0.000000 0.000000 0.000000 4.872107 36.778862 90.624680 114.680664 97.940027 78.270497 59.422258 61.568505 88.352558 174.401403 554.189588 875.957552 853.425612 496.911935 110.554037 38.651965 34.098623 20.329086 8.049846 6.754298 4.637360 51.988871 101.827335 92.802455 69.795221 77.058987 81.166632 93.367129 220.055106 445.881701 519.606708 388.770709 147.990459 0.698790 0.000000 0.000000 0.000000 6.080292 120.428774 243.455701
0.000000 0.000000 0.000000 0.000000 0.000000 0.000000 0.000000 0.000000 0.000000 0.000000 0.000000 0.000000 0.000000 0.000000 0.000000 0.000000 0.000000 0.000000 0.000000 0.000000 0.000000 0.000000 0.000000 0.000000 6.774333 62.650846 122.226230 126.994357 80.900179 33.157971 64.082534 94.097259 99.408383 206.744200 389.770056 390.253578 175.867735 7.404290 12.225850 13.951985 9.551196 3.107663 0.017238 0.000000 0.000003 1.634546 11.047694 57.526994 93.765160 107.624712 121.280744 263.522748 494.156037 557.198878 408.909822 160.899892 0.608714 0.000000 0.000000 9.139676 46.366536 173.751461 278.836273
0.000000 0.000000 0.000000 0.000000 0.000000 0.000000 0.000000 0.000000 0.000000 0.000000 0.000000 0.000000 0.000000 0.000000 0.000000 0.000000 0.000000 0.000000 0.000000 0.000000 0.000000 0.000000 0.000000 0.000000 2.181028 59.676069 122.889128 133.691971 84.257189 39.152411 84.096926 123.965305 112.154341 57.183538 18.706665 18.018752 0.457867 0.000000 0.712165 12.658923 23.225950 32.934939 49.013703 27.433683 10.487576 4.005478 13.182829 53.800617 82.549541 90.204396 96.057101 156.909134 325.328070 371.537603 256.718561 75.730257 0.037862 2.115678 2.010530 41.724343 93.975399 165.032523 224.695038
0.000000 0.000000 0.000000 0.000000 0.000000 0.000000 0.000000 0.000000 0.000000 0.000000 0.000000 0.000000 0.000000 0.000000 0.000000 0.000000 0.000000 0.000000 0.000000 0.000000 0.000000 0.000000 0.000000 0.000000 1.136356 35.572543 83.889395 94.279919 58.916704 30.991948 70.747410 107.633046 96.647455 45.971234 1.510600 0.000000 0.000000 0.000000 5.327228 31.727162 76.395324 207.448083 286.470278 227.145091 90.112947 30.845451 17.933487 34.891235 53.644097 51.684710 42.267629 35.521941 72.694269 93.873112 49.567755 0.360451 10.632173 22.622621 37.542012 91.857602 144.060818 144.693644 116.290560
0.000000 0.000000 0.000000 0.000000 0.000000 0.000000 0.000000 0.000000 0.000000 0.000000 0.000000 0.000000 0.000000 0.000000 0.000000 0.000000 0.000000 0.000000 0.000000 0.000000 0.000000 0.000000 0.000000 0.000000 0.000000 13.880284 40.271824 47.875587 29.649108 4.169156 26.466270 50.520825 43.953304 14.899491 0.667830 0.000000 0.000000 0.047763 25.216208 68.963386 191.360190 385.604719 476.602923 403.462931 212.923833 71.356207 52.734529 52.204762 74.497716 70.705008 32.705722 17.602980 25.262826 38.482972 30.345887 10.671655 23.805706 49.741414 79.719475 127.700330 166.618903 152.193663 84.480790
0.000000 0.000000 0.000000 0.000000 0.000000 0.000000 0.000000 0.000000 0.000000 0.000000 0.000000 0.000000 0.000000 0.000000 0.000000 0.000000 0.000000 0.000000 0.000000 0.000000 0.000000 0.000000 0.000000 0.000000 0.000000 0.000000 5.251653 9.349334 14.048665 14.857323 4.818035 5.330446 16.459851 21.590826 14.946662 2.682646 2.481077 17.056908 57.959319 96.045894 209.446107 397.581515 475.213562 403.931311 246.434120 135.252877 129.604939 146.961194 168.080076 162.321633 111.373078 64.623731 86.490563 102.164985 85.206241 43.373034 28.242064 55.964653 90.784929 118.220627 132.553578 109.444873 49.595980
0.000000 0.000000 0.000000 0.000000 0.000000 0.000000 0.000000 0.000000 0.000000 0.000000 0.000000 0.000000 0.000000 0.000000 0.000000 0.000000 0.000000 0.000000 0.000000 0.000000 0.000000 0.000000 0.000000 0.000000 0.000000 0.000000 0.113326 21.872486 50.337797 69.241208 72.893041 56.831209 46.697746 39.034559 29.890962 10.519610 12.570950 34.478704 76.138929 98.905422 120.143086 231.016116 280.500043 241.171812 175.236629 173.771529 193.201848 211.415118 211.106350 208.871925 150.309817 100.951831 141.897927 162.178543 130.335835 67.581763 24.361706 34.272608 57.696409 80.001774 82.281242 61.770149 37.596014
0.000000 0.000000 0.000000 0.000000 0.000000 0.000000 0.000000 0.000000 0.000000 0.000000 0.000000 0.000000 0.000000 0.000000 0.000000 0.000000 0.000000 0.000000 0.085457 0.090538 0.000000 0.000000 0.000000 0.000000 0.000000 0.000000 3.225077 38.980024 79.610201 134.152852 151.154190 125.165359 89.452885 47.725262 31.592527 11.985951 16.550679 36.626337 61.028565 72.398564 55.029195 39.057379 48.808884 50.073322 99.624616 162.934992 171.513971 171.518184 170.498910 176.484406 128.561212 109.739546 174.558014 199.959593 160.809521 95.418193 42.287274 12.233571 11.384674 19.951327 28.070987 32.900408 38.463329
0.000000 0.000000 0.000000 0.000000 0.000000 0.000000 0.000000 0.000000 0.000000 0.000000 0.000000 0.000000 4.084789 8.038888 4.847876 0.014538 0.000000 11.345892 29.874733 25.957784 6.352749 13.399258 25.173585 40.441515 46.368851 21.935710 9.338452 41.181639 79.455255 142.354442 166.519863 136.609870 93.527450 39.535778 18.718361 4.402692 16.104451 42.212967 49.732963 46.931162 34.111690 20.555920 5.993696 28.736613 97.363737 134.919795 109.051538 73.540713 78.520892 90.851351 88.040327 149.464925 208.943380 221.938756 184.526207 119.616532 82.433698 33.579506 1.542961 0.000000 1.231967 18.340410 36.376469
0.000000 0.000000 0.000000 0.000000 0.000000 0.000000 0.000000 0.000000 0.000000 0.000000 0.000000 5.280903 20.793053 28.881458 22.473699 7.072558 8.170207 55.259413 90.283935 82.556830 52.207072 50.862775 111.694313 212.115621 244.135539 183.138869 78.025744 49.192037 52.776689 85.070261 108.803598 92.036934 54.064620 10.568840 2.510672 1.664072 19.098769 41.700541 54.576361 63.089062 68.402051 71.477911 53.207043 53.156845 85.559934 101.601057 64.802295 16.903004 26.463259 47.004113 87.370865 172.989773 219.741092 221.595382 190.298239 138.789235 104.092587 45.519748 5.687233 0.000000 0.005833 11.771725 28.493234
0.000000 0.000000 0.000000 0.000000 0.000000 0.000000 0.000000 0.000000 0.000000 0.000000 0.000000 11.486435 31.934736 41.799975 35.341236 19.669195 32.941371 96.171436 133.640518 118.942365 85.714217 75.755031 192.904580 369.170976 448.949408 397.542869 236.570057 95.319495 53.342240 17.338817 30.623090 31.643574 10.298976 0.000000 0.000000 2.719653 21.723993 38.750034 51.844333 75.152333 99.327434 107.707673 88.971699 77.834748 81.523868 74.778843 42.660073 9.385070 16.616873 35.991537 71.224775 133.153665 171.206351 168.314340 145.325464 123.132389 93.277535 37.925140 2.190554 0.000000 0.000000 1.664632 10.221557
