WorkingVersion/ascfiles2/tmp_kdeout21.asc
ncols        704
nrows        293
xllcorner    827.296065
yllcorner    924.742280
cellsize     0.500000000000000
NODATA_value -999.000000
[rows 28 to 55 of 293, columns 126 to 188 of 704]
0.000000 0.000000 0.000000 0.000000 0.000000 0.000000 0.000000 0.000000 0.000000 0.000000 0.000000 0.000000 0.000000 0.000000 0.000000 0.000000 0.000000 0.000000 0.000000 0.000000 0.000000 0.000000 1.188949 4.141722 2.347465 0.000000 0.000000 0.000000 0.000000 0.000000 0.000000 0.000000 0.000000 0.000000 0.000000 0.000000 0.000000 0.000000 0.000000 0.000000 0.000000 0.000000 0.000000 0.000000 0.000000 0.000000 0.000000 0.000000 0.000000 0.000000 0.000000 0.000000 0.000000 0.000000 0.000000 0.000000 0.000000 0.000000 0.000000 0.000000 0.000000 0.000000 0.000000
0.000000 0.000000 0.000000 0.000000 0.000000 0.000000 0.000000 0.000000 0.000000 0.000000 0.000000 0.000000 0.000000 0.000000 0.000000 0.000000 0.000000 0.000000 0.000000 0.000000 0.000000 2.460933 15.690948 24.067982 19.385834 6.013507 0.000000 0.000000 0.000000 0.000000 0.000000 0.000000 0.000000 0.000000 0.000000 0.000000 0.000000 0.000000 0.000000 0.000000 0.000000 0.000000 0.000000 0.000000 0.000000 0.000000 0.000000 0.000000 0.000000 0.000000 0.000000 0.000000 0.000000 0.000000 0.000000 0.000000 0.000000 0.000000 0.000000 0.000000 0.000000 0.000000 0.000000
0.000000 0.000000 0.000000 0.000000 0.000000 0.000000 0.000000 0.000000 0.000000 0.000000 0.000000 0.000000 0.000000 0.000000 1.466810 4.315979 2.238484 0.000000 0.000000 0.000000 0.000000 8.950962 28.990255 40.056150 33.942445 15.018144 0.227457 0.000000 0.000000 0.000000 0.000000 0.000000 0.000000 0.000000 0.000000 0.000000 0.000000 0.000000 0.000000 0.000000 0.000000 0.000000 0.000000 0.000000 0.000000 0.000000 0.000000 0.000000 0.000000 0.000000 0.000000 0.000000 0.000000 0.000000 0.000000 0.000000 0.000000 0.000000 0.000000 0.000000 0.000000 0.000000 0.000000
3.306232 0.000000 0.000000 0.000000 0.000000 0.000000 0.000000 0.000000 0.000000 0.000000 0.000000 0.000000 0.000000 3.078962 16.554990 24.355769 18.955743 5.404561 0.000000 0.000000 0.000000 8.804184 28.725618 39.744973 33.656046 14.827842 0.204569 0.000000 0.000000 0.000000 0.000000 0.000000 0.000000 0.000000 0.000000 0.000000 0.000000 0.000000 0.000000 0.000000 0.000000 0.000000 0.000000 0.000000 0.000000 0.000000 0.000000 0.000000 0.000000 0.000000 0.000000 0.000000 0.000000 0.000000 0.000000 0.000000 0.000000 0.000000 0.000000 0.000000 0.000000 0.000000 0.000000
25.341431 0.256127 0.000000 0.000000 0.000000 0.000000 0.000000 0.000000 0.000000 0.000000 0.000000 0.000000 0.000000 10.015004 30.016530 40.260401 33.221060 13.948156 0.066545 0.000000 0.000000 2.234553 20.543527 35.752645 29.403688 8.093908 0.000000 0.000000 0.000000 0.000000 0.000000 0.000000 0.000000 0.000000 0.000000 0.000000 0.000000 0.000000 0.000000 0.000000 0.000000 0.000000 0.000000 0.000000 0.000000 0.000000 0.000000 0.000000 0.000000 0.000000 0.000000 0.000000 0.000000 0.000000 0.000000 0.000000 0.000000 0.000000 0.000000 0.000000 0.000000 0.000000 0.000000
40.023373 2.824949 0.000000 0.000000 0.000000 0.000000 0.000000 0.000000 0.000000 0.000000 0.000000 0.000000 0.000000 9.777441 29.604211 39.782654 32.787215 13.667542 0.048490 0.000000 0.000000 3.513268 21.305127 36.196400 31.665160 14.015221 0.350160 0.000000 0.000000 0.000000 0.000000 0.000000 0.000000 0.000000 0.000000 0.000000 0.000000 0.000000 0.000000 0.000000 0.000000 0.000000 0.000000 0.000000 0.000000 0.000000 0.000000 0.000000 0.000000 0.000000 0.000000 0.000000 0.000000 0.000000 0.000000 0.000000 0.000000 0.000000 0.000000 0.000000 0.000000 0.000000 0.000000
44.645798 3.860871 4.168476 3.356950 0.030625 0.000000 0.000000 0.000000 0.000000 0.000000 0.000000 0.000000 0.000000 2.694258 15.646018 23.250516 17.982194 4.890704 0.000000 0.000000 0.000000 6.807656 27.541977 41.463690 38.225839 20.056675 1.759655 0.000000 0.000000 0.000000 0.000000 0.000000 0.000000 0.000000 0.000000 0.000000 0.000000 0.000000 0.000000 0.000000 0.000000 0.000000 0.000000 0.000000 0.000000 0.000000 0.000000 0.000000 0.000000 0.000000 0.000000 0.000000 0.000000 0.000000 0.000000 0.000000 0.000000 0.000000 0.000000 0.000000 0.000000 0.000000 0.000000
35.701928 22.021171 23.811156 21.810590 9.241551 5.154328 6.069208 0.770782 0.000000 0.000000 0.000000 0.000000 0.000000 0.000000 1.045145 3.567178 1.709191 0.000000 0.000000 0.000000 0.000000 3.595629 20.567232 32.790471 29.918392 14.179245 0.376488 0.000000 0.000000 0.000000 0.000000 0.000000 0.000000 0.000000 0.000000 0.000000 0.000000 0.000000 0.000000 0.000000 0.000000 0.000000 0.000000 0.000000 0.000000 0.000000 0.000000 0.000000 0.000000 0.000000 0.000000 0.000000 0.000000 0.000000 0.000000 0.000000 0.000000 0.000000 0.000000 0.000000 0.000000 0.000000 0.000000
33.509949 33.562905 39.312140 36.745842 36.571216 42.406182 43.238077 22.367719 0.892181 0.000000 0.000000 0.000000 0.000000 0.000000 0.000000 0.000000 0.000000 0.000000 0.000000 0.000000 0.000000 0.000000 5.638088 12.713869 10.950312 2.575668 0.000000 0.000000 0.000000 0.000000 0.000000 0.000000 0.000000 0.000000 0.000000 0.000000 0.000000 0.000000 0.000000 0.000000 0.000000 0.000000 0.000000 0.000000 0.000000 0.000000 0.000000 0.000000 0.000000 0.000000 0.000000 0.000000 0.000000 0.000000 0.000000 0.000000 0.000000 0.000000 0.000000 0.000000 0.000000 0.000000 0.000000
19.343556 26.525947 38.595156 40.018438 58.357296 74.180064 75.971317 47.096856 8.799608 0.000000 0.000000 0.674039 2.043513 0.348478 0.000000 0.000000 0.000000 0.000000 0.000000 0.000021 0.317151 0.000000 0.000000 0.000000 0.000000 0.000000 0.000000 0.000000 0.000000 0.000000 0.000000 0.000000 0.000000 0.000000 0.000000 0.000000 0.000000 0.000000 0.000000 0.000000 0.000000 0.000000 0.000000 0.000000 0.000000 0.000000 0.000000 0.000000 0.000000 0.000000 0.000000 0.000000 0.000000 0.000000 0.000000 0.000000 0.000000 0.000000 0.000000 0.000000 0.000000 0.000000 0.000000
1.209326 12.034828 22.159139 24.682531 48.902623 74.460708 77.816104 48.531799 9.390569 0.000000 3.520639 15.465061 20.621413 13.703959 2.002168 0.000000 0.000000 0.000000 2.022757 11.755074 15.897659 9.598195 0.579567 0.000000 0.000000 0.000000 0.000000 0.000000 0.000000 0.000000 0.000000 0.000000 0.000000 0.000000 0.000000 0.000000 0.000000 0.000000 0.000000 0.000000 0.000000 0.000000 0.000000 0.000000 0.000000 0.000000 0.000000 0.000000 0.000000 0.000000 0.000000 0.000000 0.000000 0.000000 0.000000 0.000000 0.000000 0.000000 0.000000 0.000000 0.000000 0.000000 0.000000
0.000000 0.266528 3.078227 2.586348 19.966333 44.879546 47.992416 32.203425 14.971605 31.126032 46.295627 46.770581 38.501218 28.791169 9.479221 0.000000 0.000000 0.000000 11.550145 29.212741 35.563342 25.749630 7.494490 0.000000 0.000000 0.000000 0.000000 0.000000 0.000000 0.000000 0.000000 0.000000 0.000000 0.000000 0.000000 0.000000 0.000000 0.000000 0.000000 0.000000 0.000000 0.000000 0.000000 0.000000 0.000000 0.000000 0.000000 0.000000 0.000000 0.000000 0.000000 0.000000 0.000000 0.000000 0.000000 0.000000 0.000000 0.000000 0.000000 0.000000 0.000000 0.000000 0.000000
0.000000 0.000000 0.000000 0.000000 0.685769 7.744725 18.705320 27.112764 66.154180 103.559455 113.410584 95.779803 53.431263 31.157424 10.856878 0.000000 0.000000 0.223844 19.657955 42.309856 45.477302 31.393744 13.503034 31.075215 137.297033 148.715194 48.652008 1.398969 0.000000 0.000000 0.000000 0.000000 0.000000 0.000000 0.000000 0.000000 0.000000 0.000000 0.000000 0.000000 0.000000 0.000000 0.000000 0.000000 0.000000 0.000000 0.000000 0.000000 0.000000 0.000000 0.000000 0.000000 0.000000 0.000000 0.000000 0.000000 0.000000 0.000000 0.000000 0.000000 0.000000 0.000000 0.000000
6.134999 0.000000 0.000000 0.000000 0.000000 0.625800 17.057531 39.623031 97.208466 141.583485 140.745446 107.687109 51.683379 20.872033 4.676558 0.000000 0.000000 6.841818 30.863271 53.000134 50.749076 28.511165 29.458192 258.152752 520.983357 554.007549 325.398501 49.537431 3.390750 0.000000 0.000000 0.000000 0.000000 0.000000 0.000000 0.000000 0.000000 0.000000 0.000000 0.000000 0.000000 0.000000 0.000000 0.000000 0.000000 0.000000 0.000000 0.000000 0.000000 0.000000 0.000000 0.000000 0.000000 0.000000 0.000000 0.000000 0.000000 0.000000 0.000000 0.000000 0.000000 0.000000 0.000000
11.905489 0.000000 0.000000 0.000000 0.000000 0.104435 13.411450 31.509371 76.619666 115.235769 108.980593 74.352357 35.791797 23.235365 14.238125 2.488769 0.077249 17.542281 43.716798 60.381522 49.040744 23.182088 70.135170 431.655022 771.100169 815.244739 530.224507 137.314608 10.850267 0.000000 0.000000 0.001439 0.666980 0.021824 0.000000 0.000000 0.000000 0.000000 0.000000 0.000000 0.000000 0.000000 0.000000 0.000000 0.000000 0.000000 0.000000 0.000000 0.000000 0.000000 0.000000 0.000000 0.000000 0.000000 0.000000 0.000000 0.000000 0.000000 0.000000 0.000000 0.000000 0.000000 0.000000
18.034595 5.961739 3.333836 7.771697 5.299030 0.135746 3.050408 13.233818 25.207301 45.338316 43.277988 37.821414 37.381153 38.942339 29.721619 13.009608 17.273568 43.096507 75.108256 90.983224 72.127037 36.802461 50.641966 367.072635 685.855208 729.832081 465.912734 110.966844 10.882336 0.000000 1.320286 11.394005 17.257822 12.147282 1.873136 0.000000 0.000000 0.000000 0.000000 15.033030 47.493964 44.509837 10.361752 0.000000 0.000000 0.000000 0.000000 0.000000 0.000000 0.000000 0.000000 0.000000 0.000000 0.000000 0.000000 0.000000 0.000000 0.000000 0.000000 0.000000 0.000000 0.000000 0.000000
33.742126 23.615169 21.824477 28.518305 23.565579 8.531737 0.000000 6.817664 17.192761 17.003145 30.295757 71.284667 95.499618 75.653363 38.138452 53.906740 86.659025 105.201862 108.313516 110.503814 95.156968 53.422941 26.707818 132.956457 392.367036 462.846464 257.747594 42.664220 11.150810 0.122436 9.234855 27.723957 36.531232 28.892225 18.589813 18.686933 14.225010 1.379701 8.493848 83.984910 148.368713 143.050332 72.310870 3.307457 0.000000 0.000000 0.000000 0.000000 0.000000 0.000000 0.000000 0.000000 0.000000 0.000000 0.000000 0.000000 0.000000 0.000000 0.000000 0.000000 0.000000 0.000000 0.000000
40.478870 34.410354 34.829063 41.538271 35.512122 16.206095 2.601913 19.479829 34.819005 47.462901 94.079330 136.793500 153.337536 109.293811 61.021783 110.457590 168.945670 171.145467 125.901087 95.184998 84.591094 56.851760 24.666786 98.953339 283.720882 379.385442 282.403654 103.127315 48.669922 44.497832 40.386710 37.446596 45.552211 45.617519 65.053996 73.445639 57.432852 21.172581 24.659688 125.840425 202.615455 196.389854 111.444724 14.937197 0.000000 0.000000 0.000000 0.000000 0.000000 0.000000 0.000000 0.000000 0.000000 0.000000 0.000000 0.000000 0.000000 0.000000 0.000000 0.000000 0.000000 0.000000 0.000000
29.900041 24.283865 28.081780 37.235303 31.542370 13.562530 3.506026 22.875979 41.531456 64.357542 118.816920 167.890897 180.028421 133.328033 87.245078 137.344719 200.863126 204.288139 125.993695 53.519228 51.833947 45.401154 31.919458 175.480524 451.469606 645.810564 537.423823 245.944492 134.374448 110.468738 92.416395 69.473831 54.014507 72.962820 137.681021 170.972046 118.565750 44.087157 16.110069 100.704231 170.338847 164.633061 87.867974 7.200717 0.975155 0.000000 0.000000 0.000000 0.000000 0.000000 1.123592 0.000000 0.000000 0.000000 0.000000 0.000000 0.132007 0.540224 0.000000 0.000000 0.000000 0.000000 0.000000
9.772964 3.981945 11.219285 18.588317 14.635237 3.579957 4.604772 23.159877 36.606459 48.898222 84.907006 137.001050 174.147634 145.307968 105.001411 134.452404 209.606417 230.729511 147.207258 46.351554 27.829673 40.870975 34.813512 213.355218 681.134793 990.564563 894.843050 483.180353 223.194889 175.391611 158.719119 120.943551 70.086613 158.832875 316.142661 382.480200 275.995486 90.460801 6.746643 31.557015 74.519575 70.760637 33.974539 65.559287 95.319588 59.381292 5.815952 0.000000 3.090186 91.571815 160.872732 121.103861 20.703384 0.000000 0.000000 6.009685 48.262764 69.921511 42.996736 7.649940 12.166573 6.993920 0.023759
0.006839 3.758035 5.519442 2.860104 0.344845 3.614138 19.515356 31.489454 33.218125 28.138104 27.627281 69.320802 116.933619 120.474746 104.272656 106.509952 182.606032 239.908483 195.492411 101.424353 38.065456 45.552545 47.768119 224.382275 704.790062 1042.279125 973.805457 593.294224 289.443968 267.652816 265.984855 212.837546 155.308424 253.898031 446.811096 530.527612 400.013150 152.026327 27.576047 6.028094 12.483263 9.545487 67.989585 185.821616 245.848543 190.900728 60.021669 0.000000 74.387539 281.894114 394.656628 321.243177 128.948863 0.256023 0.298305 48.836242 135.301261 170.675330 135.270768 76.406546 53.247563 41.470140 12.590693
7.943281 21.848586 25.830793 16.344574 2.419808 8.224679 28.991767 41.644040 36.897452 18.156085 4.548290 20.172152 62.612984 87.984664 72.908709 62.146177 145.656885 225.054500 214.304192 136.998335 61.196220 66.577255 72.160798 171.608291 502.570715 775.688402 758.762986 490.650422 255.757582 392.911649 597.144433 618.419434 459.462340 356.015381 463.929010 528.265728 394.150447 159.056904 39.233042 22.849229 32.093085 30.320561 108.605844 268.114601 373.830337 315.957823 136.439153 8.086320 146.698674 416.831801 536.403860 426.707504 181.351151 5.022413 1.085958 74.709062 175.734519 211.917069 194.341932 139.517370 92.029286 67.394345 28.406259
16.862139 35.548041 40.581627 28.417568 13.868253 17.201568 29.487361 35.668245 31.286097 14.188740 0.242537 0.112372 17.646955 34.884749 30.815457 15.734484 84.163058 158.170711 163.343471 109.261725 67.425859 77.260870 80.718999 75.752880 255.003985 420.024282 390.167313 222.810858 217.379938 614.985982 1094.896105 2191.939632 3282.070049 2661.896052 1075.969971 414.292891 296.513798 120.147434 51.159453 60.779573 61.033352 40.074301 93.720896 283.691963 408.312359 343.202196 153.884148 52.275571 179.379468 426.801894 516.206176 372.598385 124.141390 0.002021 9.625841 66.584481 152.347702 191.694073 186.257663 153.199984 121.744192 77.134041 28.779047
15.575754 33.668743 38.571932 37.155918 46.415168 52.762394 47.157929 28.477584 18.213992 5.086693 0.314795 6.609779 11.218909 7.584123 0.794937 0.276315 24.630973 61.688308 69.706582 58.986619 54.431504 66.846957 63.036755 78.667825 126.519253 180.581748 140.315452 88.637944 204.773935 684.240855 1938.695846 5367.887572 7725.429254 6848.441715 3551.799092 637.347526 230.835278 150.912977 96.440429 125.019514 116.412778 89.687854 174.533847 340.217084 389.682554 280.775400 158.326873 135.104965 224.323829 330.839001 338.487652 193.450210 22.574942 2.035435 20.108521 42.729397 103.079114 148.039887 148.324894 177.242134 198.676863 132.900589 64.656381
5.471676 17.598241 21.189257 38.088989 66.338699 82.096046 69.851659 44.033281 25.079304 16.968967 11.983016 51.594094 93.117812 81.426315 27.229531 0.000000 2.069364 14.415292 17.254304 15.762708 27.190111 41.931226 41.520024 88.295992 235.162538 325.763619 285.717221 165.607737 144.839667 544.232082 2417.907417 6815.249198 9681.852701 8870.812047 5092.007767 1200.448038 435.480249 336.190664 179.928607 172.035511 194.258994 382.384702 609.117507 683.720405 514.829749 290.872454 166.316807 182.741292 282.083244 301.135991 208.412409 82.232822 5.348881 1.851520 19.521125 54.581787 96.420392 135.570089 277.387706 661.153505 1092.977080 811.268277 365.528460
0.000000 1.299288 2.396354 23.331015 61.431189 77.982151 74.594594 55.295185 40.505352 30.285069 37.015530 116.649312 180.161084 168.452519 90.826389 10.692400 0.012631 0.000000 0.000000 0.000000 1.830933 9.461547 15.121260 101.830471 351.472803 544.620525 492.890874 255.486191 125.168639 323.053620 1496.263308 5088.667685 7769.463132 7270.132517 4064.525891 1304.166794 980.215266 798.696242 443.396732 217.115004 381.547038 750.627755 1131.949862 1176.857393 737.059445 324.978703 176.250553 281.107092 504.195542 645.654457 687.042757 524.052111 261.916182 32.750727 13.527688 47.331772 115.956377 353.355634 1564.582744 4088.861260 5253.577490 3984.327991 1654.007551
1.237130 6.150818 5.760930 7.121706 30.861131 47.346177 57.504979 48.897944 40.064985 29.172607 40.310342 129.152373 214.749776 238.124867 161.406182 52.050887 8.052453 0.000000 0.000000 0.000000 0.000000 0.000000 1.826192 93.117582 423.175566 655.656512 601.405994 321.723305 113.461046 241.056801 495.089140 1803.937572 3448.100599 3226.527201 1637.073371 1151.559075 1280.349734 1070.958059 652.723541 504.897753 894.118449 1551.227838 2535.096917 2810.785980 1686.798614 419.182793 589.982301 1343.766254 1691.977247 1681.875252 2057.499411 2024.795419 1556.940729 873.308875 320.266737 163.742539 329.600486 1061.267980 4104.446625 8108.124144 10102.851165 8642.871470 5116.282845
14.025601 26.141721 25.331160 12.287867 6.507921 38.630335 60.777909 65.707598 42.707289 18.952816 14.208839 86.483330 196.678420 245.214780 188.699665 87.459634 25.515561 0.495298 0.000000 0.000000 2.397486 10.097094 11.624902 77.460570 378.661663 661.605384 661.977176 387.596971 134.968473 182.671020 310.452384 440.113482 586.817569 770.828710 957.775503 1190.039111 1157.174528 1004.473431 802.566436 935.003150 1662.068329 3186.971956 5166.569870 5560.923947 3775.633436 1477.427957 1784.469141 3277.851064 4052.020218 4340.611157 4774.819432 5979.464537 7218.255584 6016.410221 2634.438486 768.372724 686.130254 1654.336557 4958.591507 9494.588758 12612.766377 11712.112624 8420.146236
