WorkingVersion/ascfiles2/tmp_kdeout52.asc
ncols        704
nrows        293
xllcorner    827.296065
yllcorner    924.742280
cellsize     0.500000000000000
NODATA_value -999.000000
[rows 28 to 55 of 293, columns 315 to 377 of 704]
0.000000 0.000000 0.000000 0.000000 0.000000 0.000000 0.000000 0.000000 0.000000 0.000000 0.000000 0.000000 0.000000 0.000000 0.000000 0.000000 0.000000 0.000000 0.214556 17.977541 117.657038 307.370605 414.986470 457.769513 433.774605 304.942059 166.548597 76.280333 16.145269 0.000000 0.000000 0.000000 0.000000 0.000000 0.000000 0.000000 0.000000 0.000000 0.000000 0.000000 0.000000 0.000000 0.000000 0.000000 0.000000 0.000000 0.000000 0.000000 0.000000 0.000000 0.000000 1.112462 35.283316 86.777331 97.124502 56.765158 6.440449 0.000000 0.000000 0.000000 0.000000 0.283156 0.000000
0.000000 0.000000 0.000000 0.000000 0.000000 0.000000 0.000000 0.000000 0.000000 0.000000 0.000000 0.000000 0.000000 0.000000 0.917863 5.141087 4.532769 0.320067 8.348539 111.417060 505.055515 970.596747 1331.673944 1303.516845 975.708015 577.133338 195.434410 47.430566 3.705805 0.000000 0.000000 0.000000 0.000000 0.000000 0.000000 0.000000 0.000000 0.000000 0.000000 0.000000 0.000000 0.000000 0.000000 0.000000 0.000000 0.000000 0.000000 0.000000 0.000000 0.000000 0.000000 0.000000 1.107124 13.981236 18.055854 3.885692 0.000000 0.000000 0.000000 0.000000 0.000000 0.000000 0.000000
0.000000 0.000000 0.000000 0.000000 0.000000 0.000000 0.000000 0.000000 0.000000 0.000000 0.000000 0.000000 0.000000 0.873724 13.629298 25.452833 39.007112 38.201165 37.664645 221.774925 791.943908 1422.021004 1883.105912 1832.808559 1288.531538 742.894056 426.620654 299.199351 127.631301 0.558478 0.000000 0.000000 0.000000 0.000000 0.000000 0.000000 0.000000 0.000000 0.000000 0.000000 0.000000 0.000000 0.000000 0.000000 0.000000 0.000000 0.000000 0.000000 0.000000 0.000000 0.000000 0.000000 0.000000 0.000000 0.000000 0.000000 0.000000 0.000000 0.000000 0.000000 0.000000 0.000000 0.000000
0.000000 0.000000 0.000000 0.000000 0.000000 0.000000 0.000000 0.000000 0.000000 0.000000 0.000000 0.123708 5.081911 10.515401 25.575124 66.296953 135.466410 203.437948 190.326479 254.838558 668.024194 1232.802167 1710.025697 1686.126427 1161.762796 895.698576 922.550064 943.628600 609.059411 122.759585 0.332503 0.000000 0.000000 0.000000 0.000000 0.000000 0.000000 0.000000 0.000000 0.000000 0.000000 0.000000 0.000000 0.000000 0.000000 0.000000 0.000000 0.000000 0.000000 0.000000 0.000000 0.000000 0.000000 0.000000 0.000000 0.000000 0.000000 0.000000 0.000000 0.000000 0.000000 0.000000 0.000000
0.000000 0.000000 0.000000 0.000000 0.000000 0.000000 0.000000 0.000000 0.000000 0.000000 0.123086 18.245339 41.369836 47.213477 64.214804 129.611232 276.444058 390.882495 367.264741 245.274450 305.043455 660.942202 1011.889558 1079.439595 912.081130 1042.136557 1406.779340 1490.393877 1026.403692 352.025104 47.451051 8.060647 0.000000 0.000000 0.000000 0.000000 0.000000 0.000000 0.000000 0.000000 0.000000 0.000000 0.000000 0.000000 0.000000 0.000000 0.000000 0.000000 0.000000 0.000000 0.317305 0.000295 0.000000 0.000000 0.000000 0.000000 0.000000 0.000000 0.000000 0.000000 0.000000 0.000000 0.000000
0.000000 0.000000 0.000000 0.000000 0.000000 0.000000 0.000000 0.000000 0.000000 0.000000 4.922011 41.107962 75.143056 89.524383 116.135286 189.501656 429.903019 638.366333 543.320386 265.719417 86.194074 205.804333 496.658677 1093.986941 1806.201639 2442.205559 2584.331588 2143.962695 1415.261054 565.893546 204.733682 67.140279 2.295181 0.000000 0.000000 0.000000 0.000000 0.000000 0.000000 0.000000 0.000000 0.000000 0.000000 0.000000 0.000000 0.000000 0.000000 0.000000 0.541490 9.518243 15.894247 11.838015 2.093269 0.000000 0.000000 0.000000 0.000000 0.000000 0.000000 0.000000 0.000000 0.000000 0.000000
0.000000 0.000000 0.000000 0.000000 0.000000 0.000000 0.000000 0.000000 0.000000 0.000000 5.316670 48.038566 93.432099 124.142209 157.130634 314.792469 793.742722 1088.191365 894.656603 387.565560 44.132052 126.245137 742.865214 2275.605420 3979.102573 4748.361570 4279.763745 3024.982679 1736.589714 855.374711 419.470100 186.284521 32.080668 5.412394 0.173302 0.000000 0.000000 0.000000 0.000000 0.000000 0.000000 0.000000 0.000000 0.000000 0.000000 0.000000 0.000000 0.000000 7.352824 25.612853 35.551504 29.337292 11.713935 0.000000 0.000000 0.000000 0.006131 0.112781 0.000000 0.000000 0.000000 0.000000 0.000000
0.000000 0.000000 0.000000 0.000000 0.000000 0.000000 0.000000 0.000000 0.000000 0.000000 0.519215 36.321339 79.241605 116.864579 175.509821 482.833974 1049.206712 1320.483509 1071.492226 477.695428 36.626734 75.425783 939.788181 2864.245980 5034.073362 6124.388215 5503.158070 3748.298776 2150.909986 1182.617068 603.701965 302.792864 121.650783 60.454980 23.225205 4.401190 0.000000 0.000000 5.985200 31.317543 35.961691 10.613246 0.000000 0.000000 0.000000 0.000000 0.000000 0.000000 10.495315 31.236389 42.127192 35.336238 15.607247 0.259144 0.000000 3.434095 12.661996 14.561073 6.894373 0.000000 0.000000 0.000000 0.018832
0.000000 0.000000 0.000000 0.000000 0.000000 0.000000 0.000000 0.000000 0.000000 0.000000 0.522408 16.984864 70.045951 122.522746 192.964632 477.065043 1003.814963 1214.619353 958.759489 404.736415 78.872263 153.713775 757.011076 2241.084131 4290.492552 5580.794705 5379.729238 4053.457381 2598.623986 1612.613985 924.588910 516.227799 324.475431 176.044399 67.374480 16.239151 0.781607 13.544238 86.968537 176.177362 190.569271 116.635433 27.145601 5.748133 0.436958 0.000000 0.321300 0.002023 5.382281 21.802170 31.034630 25.248175 9.186524 0.000000 0.536614 15.097024 31.256235 34.202089 21.697631 4.081114 0.000000 0.000000 17.761668
0.000000 0.000000 0.000000 0.000000 0.000000 0.000000 0.000000 0.000000 0.000000 0.000000 0.000000 42.873087 135.488966 215.985508 259.144626 324.116939 606.427344 736.585318 531.880877 179.316001 127.814428 254.730285 480.114978 1251.410743 2502.376635 3578.807312 3818.216954 3576.712676 3367.542570 3600.364461 3125.476403 1830.163183 788.097810 351.199440 120.159798 21.250737 10.783829 66.339219 221.589408 375.497434 387.493761 261.349019 103.973198 30.036943 19.979981 29.713733 31.652705 13.918940 2.239586 5.298722 10.262343 7.061626 0.440290 0.000000 1.734978 19.982111 38.135246 41.701813 27.733078 6.785105 0.000000 3.543096 38.991467
0.000000 0.000000 0.000000 0.000000 0.000000 0.000000 0.000000 0.000000 0.000000 0.000000 0.372427 68.533863 173.055877 251.449952 269.417782 235.504183 217.935660 205.786485 106.474202 57.737154 154.304390 320.364676 573.313729 877.657329 1469.174087 2225.464236 2850.289708 3428.991082 4994.569312 6443.698072 6323.297031 4289.830058 1718.131670 612.892810 169.619673 17.807284 25.608405 108.523775 352.390969 579.412936 569.739962 373.307007 149.159568 59.862373 66.381641 88.348316 88.928547 51.854014 12.047306 0.002772 0.000000 0.000000 0.000000 0.000000 0.206226 13.010961 34.776418 46.545041 34.169450 8.581573 0.000000 3.477457 38.773006
0.000000 0.000000 0.000000 0.000000 0.000000 0.000000 0.000000 0.000000 0.000000 0.000000 0.012497 54.255075 145.874095 201.126744 194.534660 128.692093 88.091093 58.043251 27.355630 40.172070 149.636550 331.236659 634.834699 967.221895 1301.186895 1689.410940 2117.826487 2933.576836 5404.445788 7597.632621 7659.852632 5348.696949 2159.591622 673.796014 180.533465 29.142400 42.247113 166.383633 432.838518 655.458728 625.246829 383.145560 152.821218 75.881194 87.954547 115.196771 116.006240 71.700064 17.853162 0.334480 0.000000 0.000000 0.000000 0.000000 0.000000 4.436345 29.144038 45.037891 38.105277 19.198880 1.738119 0.000000 17.321473
0.000000 0.000000 0.000000 0.000000 0.000000 0.000000 0.000000 0.000000 0.000000 0.000000 0.000000 10.494280 62.835010 88.809759 69.093120 24.805431 9.483360 2.700161 51.285746 139.039869 247.967059 337.049221 502.565034 764.464007 965.266924 1090.804486 1275.574797 1820.413667 3921.820375 5918.014558 5937.695066 3956.253658 1432.752921 455.538952 121.695915 43.854414 54.037966 177.884309 391.513345 529.228203 484.699103 285.184907 107.018129 54.184085 63.872254 91.787368 92.460128 53.031437 9.828673 0.000000 0.000000 0.000000 0.000000 0.000000 0.000000 4.575993 24.663470 47.293170 66.411815 55.141016 20.478499 0.314320 0.002465
0.000000 0.000000 0.000000 0.000000 0.000000 0.000000 0.000000 0.000000 0.000000 0.000000 0.000000 0.000000 0.402405 4.091980 0.092682 0.000000 0.000000 12.632239 119.814360 245.527093 337.147579 348.220265 309.349244 351.585514 405.135039 422.171857 596.106150 860.887343 1550.927375 2514.481357 2450.842095 1375.313831 439.603074 161.329748 64.441790 39.100890 46.769668 120.525558 246.781275 327.920362 288.530466 142.850474 46.312095 21.657658 26.327037 47.455357 43.163745 13.672605 0.495438 0.000000 0.000000 0.000000 0.000000 0.000000 0.000000 1.370055 16.614014 57.861409 91.057612 85.474731 48.110490 10.852360 0.000000
0.000000 0.000000 0.000000 0.000000 0.000000 0.000000 0.000000 0.000000 0.000000 0.000000 0.000000 0.000000 0.000000 0.000000 0.000000 0.000000 0.000000 14.345777 122.951880 241.665082 314.328209 288.830426 183.992182 112.305816 60.365487 49.527480 129.454116 263.910519 369.465850 396.375357 325.787634 176.982901 66.763410 54.183619 97.397085 114.419586 67.476881 47.679758 81.748146 111.560121 80.820482 24.370443 21.340764 28.833773 38.280619 40.044879 37.094506 22.670977 6.401573 0.000000 0.000000 0.000000 0.000000 0.000000 0.000000 0.000000 4.665604 45.562361 82.593491 85.031102 57.352403 15.853163 0.000000
0.000000 0.000000 0.000000 0.000000 0.000000 0.000000 0.000000 0.000000 0.000000 0.000000 0.000000 0.000000 0.000000 0.000000 0.000000 0.000000 0.000000 1.407803 61.140533 139.239333 175.593558 142.759511 65.451941 28.269242 18.246891 34.523396 38.815364 38.649303 26.382747 17.875824 15.909494 7.217144 25.456933 141.447414 270.737325 285.560997 173.216375 35.155115 4.254323 5.983216 0.347236 4.715984 23.170859 47.274733 65.326105 72.830329 65.980133 48.517719 21.640635 4.135929 0.000000 0.000000 1.350815 8.442913 2.046649 0.000000 0.012846 22.136361 52.631611 60.177029 38.601457 6.884151 2.268604
0.000000 0.000000 0.000000 0.000000 0.000000 0.000000 0.000000 0.000000 0.000000 0.000000 0.000000 0.000000 0.000000 0.000000 0.000000 0.000000 0.000000 0.000000 1.686053 33.165760 53.387588 37.821613 23.373360 6.724626 18.300385 36.429570 40.268880 27.124833 6.879154 6.408906 13.060414 14.711061 44.539284 210.240286 368.709750 383.186457 244.649559 63.024982 0.068963 0.000000 0.000000 6.574581 27.103214 48.534769 64.840949 74.194094 67.865263 52.340697 28.109711 7.316413 0.000000 10.434378 67.476674 99.471671 72.213930 14.374040 0.000000 1.684556 14.803387 18.928466 7.888636 7.703230 19.943132
0.000000 0.000000 0.000000 0.000000 0.000000 0.000000 0.000000 0.000000 0.000000 0.000000 0.000000 0.000000 0.000000 0.000000 0.000000 0.000000 0.000000 0.000000 0.136672 14.875636 34.767376 42.096318 31.722097 11.079551 8.941378 22.543600 25.584329 15.370081 6.420230 21.935824 33.245688 29.873774 38.252720 163.637263 306.255274 321.183896 199.295576 42.832978 0.000000 0.000000 0.000000 2.276617 17.229361 29.076256 35.205770 39.624032 39.648550 38.999844 34.331567 17.527422 5.127169 49.728496 145.077576 190.573659 152.011305 58.061103 0.000000 0.000000 0.000000 0.000000 1.320954 18.381310 35.732265
0.000000 0.000000 0.000000 0.000000 0.000000 0.000000 0.000000 0.000000 0.000000 0.000000 0.000000 0.000000 0.000000 0.000000 0.000000 0.000000 0.000000 0.000000 0.000000 11.402223 29.335329 36.095953 26.543727 8.113491 0.064934 4.050631 5.394950 1.404408 8.167006 29.028887 41.863282 37.268714 19.801703 50.539868 131.963889 144.337476 73.773314 4.922696 0.000000 0.000000 0.000000 0.000000 2.715466 8.077738 6.701337 7.578297 25.457709 44.494306 43.915072 33.027045 18.334908 60.315835 159.736425 207.331781 167.021676 67.476700 0.217434 0.000000 0.000000 0.000000 1.472559 18.935601 36.503464
0.000000 0.000000 0.000000 0.000000 0.000000 0.000000 0.000000 0.000000 0.000000 0.000000 0.000000 0.000000 0.000000 0.000000 0.000000 0.000000 0.000000 0.000000 0.000000 2.099108 12.168389 16.647239 10.395288 0.847377 0.000000 0.000000 0.000000 0.000000 4.470530 21.570561 32.795662 28.744356 12.590375 0.082654 7.142374 10.442105 2.542671 0.000000 0.000000 0.000000 0.000000 2.817247 10.113698 4.963133 1.552596 17.662259 36.724530 57.370426 59.359670 42.310780 23.540153 28.791152 99.912149 138.204965 105.703973 31.079760 0.459138 0.200383 0.000000 0.000000 1.560132 12.368404 22.858541
0.000000 0.000000 0.000000 0.000000 0.000000 0.000000 0.000000 0.000000 0.000000 0.000000 0.000000 0.000000 0.000000 0.000000 0.000000 0.000000 0.000000 0.000000 0.000000 0.000000 0.012706 0.496325 0.000000 0.000000 0.000000 0.000000 0.000000 0.000000 0.000000 6.018515 12.500496 10.050363 1.841846 0.000000 0.000000 0.000000 0.000000 0.000000 0.163028 4.084451 12.259289 46.179512 68.638286 53.849218 18.567618 22.907083 40.944716 56.887103 55.098859 34.142913 15.792675 1.126359 16.939705 34.528168 19.393150 13.650432 30.383048 27.903118 9.032667 4.407591 17.512424 27.174617 26.233990
0.000000 0.000000 0.000000 0.000000 0.000000 0.000000 0.000000 0.000000 0.000000 0.000000 0.000000 0.000000 0.000000 0.000000 0.000000 0.000000 0.000000 0.000000 0.000000 0.000000 0.000000 0.000000 0.000000 0.000000 0.000000 0.000000 0.000000 0.000000 0.000000 0.000000 0.000000 0.000000 0.000000 0.000000 0.000000 0.000000 0.000000 0.012030 10.078248 22.961930 52.652347 102.887930 121.114289 98.857708 43.211121 16.077840 34.045909 47.857613 43.581676 19.910248 2.809625 0.000000 0.000000 0.000000 6.851545 42.014906 68.880562 65.120131 33.558595 15.029302 38.599168 61.105382 57.771093
0.000000 0.000000 0.000000 0.000000 0.000000 0.000000 0.000000 0.000000 0.000000 0.000000 0.000000 0.000000 0.000000 0.000000 0.000000 0.000000 0.000000 0.000000 0.000000 0.000000 0.000000 0.000000 0.000000 0.000000 0.000000 0.000000 0.000000 0.000000 0.000000 0.000000 0.022458 0.050413 0.000000 0.000000 0.000000 0.000000 0.000000 2.052991 20.229960 37.783057 79.370812 134.608891 144.684770 108.020983 43.608687 4.218056 25.777057 42.834408 39.056660 23.090781 4.735959 0.000000 0.000000 0.000000 11.271475 52.155153 81.711055 77.610798 42.685375 18.079620 46.510121 74.021501 72.127686
0.000000 0.000000 0.000000 0.000000 0.000000 0.000000 0.000000 0.000000 0.000000 0.000000 0.000000 0.000000 0.000000 0.000000 0.000000 0.000000 0.000000 0.000000 0.000000 0.000000 0.000000 0.000000 0.000000 0.000000 0.000000 0.000000 0.000000 0.000000 0.000000 8.977582 26.197013 26.966931 10.370103 0.000000 0.000000 0.000000 0.000000 1.711551 19.124955 40.855512 70.953727 110.904494 113.498759 76.671901 19.165168 1.611200 19.634773 37.763321 41.107952 27.354978 6.765918 0.000000 0.000000 0.000000 4.203229 34.980960 59.784314 56.284907 27.304768 5.746316 30.562245 55.210209 55.271754
0.000000 0.000000 0.000000 0.000000 0.000000 0.000000 0.000000 0.000000 0.000000 0.000000 0.000000 0.000000 0.000000 0.000000 0.000000 0.000000 0.000000 0.000000 0.000000 0.000000 0.000000 0.000000 0.000000 0.000000 0.000000 0.000000 0.000000 0.000000 3.055213 35.014793 64.631475 65.837613 37.715970 4.499723 0.000000 0.000000 0.000000 0.000000 7.845230 25.216756 46.785835 55.191834 50.973351 27.411140 9.178619 7.968219 12.326802 26.238855 29.038617 17.702210 4.845661 3.217878 0.366675 0.000000 0.000000 6.552524 19.160535 17.202655 3.500910 0.000000 5.211869 19.127835 21.659628
0.000000 0.000000 0.000000 0.000000 0.000000 0.000000 0.000000 0.000000 0.000000 0.000000 0.000000 0.000000 0.000000 0.000000 0.000000 0.000000 0.000000 0.000000 0.000000 0.000000 0.000000 5.363302 11.626242 9.338302 1.573239 0.000000 0.000000 0.000000 6.872853 46.118031 79.442748 80.779360 49.210629 8.969732 0.000000 0.000000 0.000000 0.000000 0.000000 3.157015 16.768896 25.303428 23.652375 38.217954 61.929029 63.116161 31.643352 8.533991 8.516117 10.697023 20.056419 22.447158 12.599204 0.834514 0.000000 0.000000 0.000000 0.000000 0.000000 0.000000 0.000000 0.476785 1.749619
0.000000 0.000000 0.000000 0.000000 0.000000 0.000000 0.000000 0.000000 0.000000 0.000000 0.000000 0.000000 0.000000 0.000000 0.000000 0.000000 0.000000 0.000000 0.000000 0.000000 4.104345 20.861843 32.050586 28.169128 12.291226 0.065843 0.000000 0.000000 2.096518 31.554608 59.898146 61.059486 34.121392 3.317039 0.000000 0.000000 0.000000 0.000000 0.000000 0.000000 1.091948 5.216027 13.434057 63.510681 110.579271 112.074158 66.760467 11.304099 1.238293 18.212513 35.697363 38.864387 25.460334 5.807160 0.000000 0.000000 0.000000 0.000000 0.000000 0.000000 0.000000 0.000000 0.000000
0.000000 0.000000 0.000000 0.000000 0.000000 0.000000 0.000000 0.000000 0.000000 0.000000 0.000000 0.000000 0.000000 0.000000 0.000000 0.000000 0.000000 0.000000 0.000000 0.000000 8.007787 28.851526 41.798925 37.348535 18.574114 1.124625 0.000000 0.000000 0.000000 5.742250 20.415393 21.095716 6.865984 0.000000 0.000000 0.000000 0.000000 0.000000 0.000000 0.000000 0.000000 0.000000 10.107244 65.648750 113.535501 114.982167 68.929037 12.042014 1.348763 18.629484 36.280185 39.472411 25.952911 6.043639 0.000000 0.000000 0.000000 0.000000 0.000000 0.000000 0.000000 0.000000 0.000000
