WorkingVersion/ascfiles2/tmp_kdeout19.asc
ncols        704
nrows        293
xllcorner    827.296065
yllcorner    924.742280
cellsize     0.500000000000000
NODATA_value -999.000000
[rows 56 to 83 of 293, columns 126 to 188 of 704]
48.942471 79.498560 77.249358 43.755346 14.617578 29.685640 41.829302 37.920913 20.468995 1.499188 10.219283 51.695662 143.960645 171.062993 106.370121 59.790007 21.123537 0.250319 1.251272 2.089635 0.833204 7.161933 13.424973 67.934821 276.866621 619.716579 781.187187 641.723878 336.198234 156.039909 201.938640 472.964128 634.125855 686.355814 709.435582 844.041005 971.599287 818.966921 765.469581 1072.521485 1713.159230 3644.599569 6719.666148 8408.796157 6426.790660 2507.840609 1738.907891 2980.672999 3834.952295 4192.473808 4729.910548 7294.504566 9093.170758 7935.005544 4475.636230 1411.705132 817.571617 1272.235325 2742.087799 5240.905736 7128.984904 6579.463991 5045.525408
43.743385 72.832691 70.680834 38.848297 10.195753 24.469749 35.590715 30.660462 13.432748 1.203240 1.642846 10.929561 28.392598 48.389822 49.799318 33.648151 6.920307 0.000000 0.000000 0.000000 0.000000 0.000000 2.310616 49.541674 268.271666 643.590972 961.355494 908.340442 485.675005 216.291011 543.540104 1206.588460 1504.695137 1241.679788 956.208168 1147.740619 1311.710789 1312.472595 1137.349046 1395.821904 2069.212493 5032.886831 11445.141644 15063.151638 12347.655529 5915.506060 2598.002621 3627.231229 4261.566273 4262.859199 5413.704939 9526.149578 12086.832882 10653.245315 6538.517994 3370.761785 2582.055452 2259.742139 2121.648077 2708.617128 3735.552960 3625.834921 3400.449845
17.510116 37.269329 35.734978 14.467548 0.281326 8.983312 16.130843 14.109750 15.319299 21.432253 13.825137 2.860524 1.046734 6.837328 9.983207 3.539518 0.025001 0.000000 0.000000 2.162985 2.597246 16.110667 34.457737 43.120562 194.205733 819.640099 1540.320896 1575.456818 969.366898 364.795452 1018.547849 1875.796265 2135.302651 1686.291542 1246.182366 1437.346734 1953.697226 2215.977174 1875.172905 1689.249293 2126.587555 5564.676918 13466.846790 18075.322009 15512.999708 8367.589722 3399.586207 3450.719521 3807.636951 3473.273628 4618.219979 8357.030194 10939.637575 10115.853464 7683.704941 6519.504421 6781.101231 5488.546334 3110.527589 1936.364434 1787.687164 1886.385098 1652.216683
0.000000 2.651273 2.254590 0.000000 10.470813 23.356827 19.612717 44.198606 174.840694 255.380651 166.374671 26.056745 0.000505 0.000000 3.625905 12.390810 13.602999 7.850362 10.926492 20.106669 39.563171 91.559523 126.816053 127.472218 328.357585 1246.757375 2109.418234 2140.569813 1400.717888 626.975452 1054.194051 1857.366735 2023.798172 1483.384760 1016.027489 1249.836023 1963.527470 2452.090727 2229.319653 1796.851359 1889.766049 4458.917968 10878.921421 15015.508506 13257.119617 7428.176593 2983.493036 2885.668842 3002.162855 2586.322048 3209.629253 5190.337436 7054.936451 6959.016927 7007.199212 8721.678757 9986.162407 8342.809927 5278.947646 3294.783196 1983.805929 1053.892311 954.491301
0.000000 0.000000 0.000000 7.613087 41.001823 64.284335 63.044586 294.434448 856.385275 1187.182755 722.088511 175.029095 5.662928 0.851909 15.892799 31.387498 41.117850 41.772932 44.125541 47.639295 79.177276 147.416968 189.250212 229.664297 509.392930 1355.586232 2129.174635 2145.931401 1467.940904 663.101301 686.661837 1170.000459 1266.208240 848.261817 475.918061 770.138517 1370.602708 1834.828139 1876.490580 1666.338651 1397.584075 2374.239915 5452.392976 8123.268246 7142.404919 3868.578405 2421.048585 2853.369371 2634.438494 2205.340303 2546.490673 3443.039757 4885.978870 5399.775121 6488.844579 8545.228548 9652.603102 8664.902468 6554.900151 5097.488268 3503.126626 1816.811348 1245.787268
0.000000 0.381213 1.326737 15.055911 59.760836 108.438904 184.409091 1007.862840 2808.503206 3681.225471 2690.072714 756.547220 25.944252 2.426349 21.356069 40.810010 66.336642 75.289493 69.313505 61.711973 75.807581 133.031980 177.324062 214.598445 436.424407 937.363235 1492.525621 1502.730247 1120.290897 753.659368 608.066363 456.364229 386.817571 268.863964 217.385132 375.641237 564.216542 859.689426 1110.196612 1215.433685 1254.330124 1406.576786 1752.109146 2162.023074 2006.047514 2311.980746 3451.882373 3930.375402 3138.804862 2608.987716 2966.160683 4289.440443 6302.477051 6822.942435 6772.194974 6480.869448 6140.412891 6071.758987 6034.323282 5860.278264 4493.224496 2490.555449 1532.208132
10.562722 28.305111 34.253333 27.600879 62.215624 126.333103 267.546196 1805.361692 4431.819230 5694.765952 4448.439213 1663.805126 71.672084 0.554501 14.502667 42.187061 89.063585 106.370825 88.793142 59.831423 42.978919 76.895133 108.879397 131.625665 325.826619 649.216111 860.999268 967.434556 1664.896079 3029.667062 2987.533655 1489.316158 277.267809 261.816331 356.911264 369.072096 336.732996 487.462244 744.780436 903.447583 1034.820656 1112.122605 1058.488548 1075.240523 1367.554461 2941.619659 4561.114222 4758.267903 4028.258843 4241.468659 4872.570082 6059.729218 7219.259149 7620.830081 6561.621778 4391.596427 2822.523818 3252.912605 4325.078569 4792.925131 3859.164803 2135.697648 1527.652960
50.675093 73.533063 74.210971 49.449506 46.859809 93.426754 187.236000 1658.829983 4484.110609 5900.461806 4714.631650 1883.715594 85.819489 0.294093 3.591587 34.964580 84.522520 107.241421 90.055968 59.002558 41.831221 68.352635 105.999637 185.384679 445.129000 717.883053 984.439440 1647.668120 4207.812987 6744.957164 6662.368545 4038.136314 1162.397029 545.756367 666.643660 602.642440 649.154178 1396.086122 2094.424499 1879.416356 1149.804996 793.232462 848.548761 905.483195 1307.833484 2773.318616 4167.780864 4497.892356 4585.568739 5205.329073 6037.417122 6338.036569 6290.529297 6177.349098 5489.606640 3398.377748 1880.862216 1587.961175 2187.157977 2519.209450 2030.782593 1317.459168 1915.324564
75.248894 108.039066 105.746495 72.611197 28.767518 40.021298 68.312235 753.427676 2899.210802 4126.688775 3306.171804 1269.108874 69.191175 14.928134 16.975652 31.786508 75.929821 106.753357 97.992593 82.105933 102.218865 155.951505 255.360854 448.894995 926.631429 1136.725815 1271.235261 2238.043227 5367.457827 8168.335697 8076.781551 5120.515564 1726.589354 727.613942 838.146862 810.394223 1290.916915 2609.893442 3569.944474 3194.204973 1792.706145 690.800703 625.989584 855.591076 1100.609753 1721.585748 3072.368444 3958.902365 4591.771669 5401.794803 5849.208645 4829.045908 3444.232430 3283.665527 3401.833056 2634.365137 1813.751975 1058.762083 791.973895 825.446021 974.231044 1238.281884 3093.063842
67.830057 100.778956 104.361942 83.435502 27.705930 7.065779 34.731611 197.865641 1015.177075 1737.115357 1433.523789 591.068644 68.401550 32.917463 35.726356 43.456096 86.115836 130.045111 151.170680 165.515528 186.137956 232.208498 479.851689 1493.256267 2440.372599 2436.038838 1621.572201 1653.167104 3901.731485 6272.384122 6198.730739 3694.392296 1142.698148 689.836222 813.827143 799.190008 1360.167985 2799.894473 3780.928226 3418.597963 1959.002981 684.401436 632.693404 957.030655 1153.821214 1292.418808 2393.993091 3445.872731 4322.691066 5076.331391 4552.993693 3183.068423 1479.157435 1560.263856 2220.076449 2349.663642 1730.587005 856.296239 439.625030 528.049413 922.580407 1464.266726 3380.501674
34.280807 63.123595 115.397255 123.831904 76.092765 37.588476 68.661595 119.515522 413.180807 673.963674 597.181832 249.584998 37.601593 37.986797 41.878993 64.422673 121.535008 202.746625 218.213931 203.703797 214.656281 251.762494 869.347359 2529.340372 3644.722576 3412.259974 1998.920859 851.281091 1526.145598 2853.829660 2896.173614 1798.127863 990.055923 991.184093 773.485481 535.094910 730.050811 1738.222281 2538.279439 2407.164795 1479.720027 743.473749 751.448895 982.856310 1110.484812 1306.659597 2412.698662 3376.377290 3826.722195 3721.609221 2796.305772 1875.247810 1218.732590 1325.653789 1820.202868 1864.326109 1427.933046 1155.595989 1038.147625 1171.326840 1400.887466 1728.182507 3603.295617
8.130746 67.541798 159.849923 188.552144 133.188468 77.986903 94.298341 132.842753 161.170660 193.910186 143.039430 65.370006 20.954074 26.436056 38.871022 96.830822 212.978436 308.589277 297.497121 204.513329 172.140171 196.034705 800.660318 2509.289598 3640.638275 3326.427615 1919.405009 649.362636 817.898927 1205.230779 1505.120625 1784.949949 1676.831294 1433.159600 918.774515 356.352707 254.204869 422.073268 821.795357 999.822477 963.960232 923.603864 864.635084 968.107427 1199.064155 1509.899344 2114.230223 2649.556451 2685.551627 2287.161150 1813.916519 1603.310953 1082.199232 939.695129 1155.006456 1158.556032 1140.576044 1456.495220 1783.559464 2007.535859 1891.821350 1750.747817 3241.713815
8.867925 71.991353 167.316405 198.140712 146.284645 72.990546 95.154815 146.554289 136.100458 92.665149 52.801569 32.516398 12.221253 7.140370 28.063665 108.809996 246.937367 315.294825 278.265974 156.446298 91.819624 112.151690 357.728835 1531.482548 2452.822669 2231.013154 1432.483866 935.695924 1215.219406 1555.092147 1968.807828 2340.595761 2058.736048 1536.840522 941.870782 328.395325 195.463726 137.406262 264.717232 618.970516 1014.241763 1120.625899 944.388051 954.719991 1830.981844 2932.888860 3016.673971 2240.800114 1218.811396 981.558727 1493.852164 1679.981054 1320.766675 890.733213 788.313077 771.818556 1022.193039 1767.671430 2943.604959 3611.455550 3158.732089 2448.197215 2846.598325
30.706568 75.067455 136.348827 154.116404 101.099789 86.914659 175.553172 180.410967 147.706429 71.713007 39.341006 23.578852 6.531114 0.002854 20.412513 124.980918 245.100507 266.760250 188.228471 84.757144 38.148665 93.577455 372.799522 1468.482325 2265.977306 1838.026941 1295.785346 1472.011366 1586.718040 1774.210834 1878.059559 2076.832216 1768.362576 1145.976190 618.838685 263.412302 224.759808 183.244861 301.490411 720.148568 1126.935860 1249.438058 1082.187914 1214.282797 2827.038900 4669.225363 4848.785880 3197.245956 1164.131643 942.457647 1836.507151 2406.022352 2198.478948 1525.799418 1136.672482 1086.177223 1331.360619 2751.433013 4409.483873 5235.902554 5608.741504 5048.019253 3851.793095
69.965070 92.733563 101.703209 83.165411 278.603994 771.068138 956.225610 615.261020 181.466223 74.457373 17.098502 6.808673 0.095569 11.275194 128.356819 259.842037 309.848848 242.030831 143.736257 72.316576 60.385425 96.875054 1281.362998 3291.425972 4176.067804 3489.748434 2195.562264 1775.105286 1614.767979 1532.440051 1509.066725 1485.662320 1254.594536 1332.361943 1478.088837 1106.857494 390.980713 316.926434 966.364142 1582.532195 1719.797619 1379.309964 1104.628255 1429.549632 3204.398044 5162.805703 5424.783350 3813.421163 1818.140794 1605.463686 2342.093106 2770.329244 2654.644301 2012.927873 1630.200116 1839.654559 2945.072865 4768.583719 6094.737564 6305.022700 6958.568281 6818.183631 5360.330750
99.368159 99.630253 86.396253 106.566232 780.082076 1583.870405 1798.989758 1242.138496 368.457628 52.696987 0.241178 0.174191 6.350674 94.111802 299.179772 449.252186 410.127851 262.654149 123.143419 97.157293 99.269945 195.862922 1931.990260 4315.882105 5271.846163 4440.471206 2693.499067 1708.664368 1428.202951 1080.454641 1091.514182 1144.931417 1500.169956 2662.152599 3341.125314 2655.719175 1155.500624 730.647994 1796.502177 2571.286651 2512.670049 1666.902887 1164.106119 1489.874969 3138.483105 4875.983482 4944.877471 3740.025735 2327.155281 2186.908847 2478.495962 2508.627698 2422.805909 2230.642719 2262.138994 2926.316488 4501.574556 5974.939905 6588.121261 6065.005447 6035.563429 6147.788899 5145.189827
81.758560 81.148819 68.019987 135.302460 927.877831 1765.976942 1958.671758 1338.368264 373.694603 16.866475 1.040224 12.300717 41.551060 165.944271 401.425458 570.843405 485.128337 270.754112 117.158415 112.186070 155.117735 296.252109 1593.428423 3571.643798 4373.827660 3639.582102 1999.438980 1211.378420 910.817453 585.158759 583.934565 716.544038 1705.620423 3474.585576 4259.339673 3405.660011 1581.804436 862.108515 2037.506049 2874.466572 2757.402266 1798.844866 1275.534340 1686.714573 2783.469094 3932.603464 3881.314101 3246.693326 2778.238740 3471.029120 4581.714558 3973.682426 2706.139693 2262.019636 2444.006909 3259.514773 5089.786231 6081.343659 5534.345409 3911.346857 3169.210569 3623.643598 3490.972361
31.528837 37.250113 34.307404 39.516724 544.666217 1202.005155 1326.117130 808.661737 124.049872 7.933314 17.781433 31.697648 63.548377 187.024386 635.455142 914.039597 716.454463 241.779795 82.139794 98.044230 247.325431 502.661401 854.796611 1777.356366 2319.448584 2162.505753 1326.487495 934.950851 592.499768 353.386541 367.785846 521.983564 1226.835457 2775.894284 3497.634144 2722.439646 1097.331362 489.909072 1501.114384 2229.716326 2147.689725 1446.114678 1251.629787 1671.623345 2789.836181 3598.179963 3410.087782 2941.029338 3795.600597 7763.864750 10588.531222 9267.928307 5209.362391 2635.975967 2357.659618 3055.068163 4566.400098 5246.876777 4259.566087 2212.085744 1495.169590 1815.375615 1886.248123
10.467675 12.328118 16.904146 9.575181 67.458866 326.339320 401.055174 178.471404 42.777065 31.791973 39.513656 60.782662 85.537844 342.525367 906.781345 1218.489919 982.265045 396.533148 59.449444 84.314623 301.371068 602.507613 738.525439 1610.296168 5650.697849 9256.462430 6992.464233 2167.101123 561.811383 381.972080 441.758093 479.394918 602.437688 1198.699325 1620.380713 1135.609116 304.669281 115.270423 578.338139 1093.851620 1253.092484 1048.452996 1149.035822 1750.392210 2983.238520 3724.487036 3289.113630 2584.295277 4689.870666 10809.495472 14842.710158 13544.422832 7783.659288 2865.471782 2007.427281 2657.870151 3385.422528 3595.463813 2915.957782 1680.621501 1223.053932 1272.372119 1356.104409
26.814631 38.433313 49.963844 57.450340 43.368609 84.508933 140.458708 128.367937 123.054619 90.044352 83.777900 138.174413 164.930508 438.891300 964.705119 1217.392120 1011.791867 452.354836 72.954515 143.868052 321.855103 557.478863 1259.631991 7806.970774 22729.122321 30940.781702 24405.227364 9745.731728 1419.780823 772.307375 815.055259 836.550936 719.847611 549.611570 511.964772 341.484076 152.966670 134.503148 305.860962 535.037103 757.938639 897.333592 1139.420991 1742.167385 2688.350693 3300.033480 2951.884364 2188.649152 4133.702108 9771.962371 13713.470418 12525.987981 6931.432624 2204.846816 1385.701291 1915.843145 2542.413925 2716.042269 2378.785370 1630.777474 1193.692812 890.805335 834.471198
47.947868 72.105280 123.173756 171.093979 279.958863 418.134954 526.348956 369.715224 166.051798 151.707061 152.114373 226.677434 250.648766 378.425079 795.109883 953.117150 707.270008 252.292809 142.622973 260.012592 348.629590 570.976119 2501.069993 15122.601178 36320.889866 46699.371655 38063.805447 17434.535179 3188.303282 1349.138020 1394.982454 1310.229971 1068.162920 787.840955 566.929227 483.058818 352.137195 548.549675 831.385150 866.775945 804.507423 745.502234 1128.631619 1592.658701 2293.451164 2753.971535 2489.614736 1946.737159 2352.283220 5371.453372 7945.391006 7087.461158 3559.800970 1463.285989 1194.415101 1434.216609 2045.927524 2279.538577 1925.112140 1364.639910 1030.611201 610.875948 330.857532
58.696971 81.038893 167.780429 278.235876 566.109609 1042.842936 1268.053972 971.077335 359.868762 142.042840 156.229072 242.287994 308.609003 435.416366 621.555531 635.418160 372.708505 135.916629 288.039569 394.522995 419.369773 539.420135 2261.909763 13922.781474 34003.081332 43851.234775 35425.916644 15817.755927 2948.350337 1637.737247 1662.224008 1521.252669 1256.225247 1025.981919 789.677982 602.815604 521.894129 903.536845 1275.204451 1259.863685 1012.483893 695.451713 765.384736 996.502329 1334.550718 1673.334046 1652.866104 1553.439308 1468.794136 1781.289681 2682.439951 2458.340453 1573.435414 1103.015838 1064.770488 1563.320687 2055.906479 2228.397718 1967.568928 1260.950378 672.948670 251.327493 38.706155
70.949250 45.703413 134.970503 243.531184 707.096440 1382.578794 1658.459897 1312.519847 549.559251 101.047912 104.729353 169.182473 294.887450 509.389097 620.793687 520.894170 352.708319 285.907100 421.846155 488.750468 435.228359 428.471118 1104.919011 6517.053742 18223.054744 24685.157453 18654.603443 6858.107293 1752.709436 1420.816551 1384.250635 1306.883051 1179.879173 1068.212551 860.756664 635.772277 486.819758 855.713230 1277.682201 1327.214990 993.631158 601.427286 646.444308 657.351018 528.822261 862.424811 1208.010605 1298.831813 1184.209585 1187.549003 1448.102990 1584.491722 1359.492392 878.642289 807.098709 1488.004161 2120.003492 2125.090885 1615.482886 811.449494 252.945658 42.905602 0.000000
60.930982 6.212534 52.896286 101.532943 467.609091 1122.472349 1405.926394 1107.667725 465.572602 53.424498 46.227095 82.877778 200.879158 425.793025 551.091833 462.454659 339.339399 335.040525 431.172568 433.607314 301.770656 298.233242 1060.118013 2917.723459 5493.272200 6536.449312 4527.972888 2151.688457 1411.534686 1019.682438 884.655169 962.293275 994.966675 951.815248 880.478298 721.303159 772.908325 1128.155279 1347.128489 1230.048925 883.069760 1362.665345 2455.751985 2725.810841 2204.839634 1610.908137 1549.662066 1203.327040 762.438828 1007.440484 1498.197595 1580.470803 1108.454881 555.674806 606.934926 1469.084059 2085.957196 1681.911076 875.968037 209.621249 9.215483 0.000000 0.000000
37.842117 0.699732 1.762723 16.855618 81.094015 460.943059 708.933623 566.066761 192.173637 5.865432 0.824740 39.528993 134.871198 255.201153 317.948441 238.104785 164.988649 272.054075 353.600750 290.344837 143.131312 371.195481 2889.051181 5381.114364 5768.731267 4457.588640 3022.543152 3509.115845 3641.530637 2271.253803 1376.434813 1489.845818 1456.509130 1314.637416 1303.458036 1607.985556 2132.492008 2558.551275 3084.766481 2620.851959 1865.856892 2885.640404 4684.060169 5550.484704 4995.798657 3277.056969 2293.038588 1523.752486 897.588771 1246.668338 1811.219788 1830.447780 1113.329787 455.318723 1424.539695 2854.037671 3266.447114 2107.548085 435.310350 3.004250 0.000000 0.000000 0.000000
5.056713 0.000000 0.000000 0.000000 0.000000 24.320837 105.768304 72.483924 10.450708 0.013771 0.000000 21.366870 82.006446 119.316309 103.952422 50.126562 45.568177 141.436038 193.312767 143.826330 303.142097 2187.313342 6203.267010 8301.328450 7603.068675 5441.166300 4843.649279 8945.754151 10928.043836 8484.082926 4152.113709 2356.818401 2116.745684 1762.301652 1652.210181 2322.790159 3320.545763 4812.261671 5751.437699 5008.170937 3522.137845 3575.371667 5242.826942 6321.512557 5713.584085 3811.820280 2564.550964 1632.728479 1103.234890 1376.984738 1738.751984 1691.508384 1091.576642 942.053195 2833.638171 4673.515317 4762.618684 3082.393297 794.649482 1.015697 0.000000 0.000000 0.000000
0.000000 0.000000 0.000000 0.000000 0.000000 0.000000 0.000000 0.086260 0.000000 0.000000 0.000000 1.782270 29.958344 50.622692 39.072731 12.038123 22.128541 52.575579 78.464319 129.816272 1533.674256 4603.772471 8562.484561 9801.918864 7445.603492 4652.287204 6434.774664 13338.187410 16495.748436 13685.090299 7204.596808 2806.909019 2077.930156 1570.083451 1351.578936 2067.529623 3270.658477 5176.714694 6322.783293 5547.272155 3645.377568 2552.345518 3434.776129 4304.023772 3739.919566 2454.626191 1763.270031 1118.405979 820.838104 1096.053836 1255.044548 1180.789012 916.344228 1183.071349 3249.021120 5160.902696 5261.945153 3347.884847 953.314144 26.452299 0.000000 0.000000 0.000000
0.000000 0.000000 0.000000 0.000000 0.000000 0.000000 0.000000 0.000000 0.000000 0.000000 0.000000 0.000000 0.000000 1.835062 0.343764 0.000000 12.008249 54.467984 110.058610 298.799196 2270.653081 5219.066101 7872.863609 8097.544699 5189.358146 2308.474381 5117.302530 12233.606617 15652.209213 13084.646886 6559.744155 2070.535780 1244.605779 767.407004 675.626555 1029.473377 1753.386254 3167.306611 4258.385186 3859.464984 2369.865554 760.306794 819.501452 1173.310595 1002.339265 698.711008 500.610494 428.795708 378.795348 406.498793 491.854769 455.833247 465.893717 1173.792058 2674.689254 5041.715982 5712.747790 3767.112263 1106.403459 115.386476 0.000000 0.000000 0.000000
