WorkingVersion/ascfiles2/tmp_kdeout70.asc
ncols        704
nrows        293
xllcorner    827.296065
yllcorner    924.742280
cellsize     0.500000000000000
NODATA_value -999.000000
[rows 56 to 83 of 293, columns 126 to 188 of 704]
0.000000 0.000000 0.000000 0.000000 0.000000 0.000000 0.000000 1.042954 2.286413 0.308265 0.000000 0.000000 0.000000 0.000000 0.000000 0.000000 0.000000 0.000000 0.000000 0.000000 0.000000 6.038451 19.220783 23.651352 15.168443 2.185550 0.000000 0.000000 0.000000 0.013212 16.767601 47.890390 47.441415 33.868535 31.788148 44.587641 77.512607 103.285466 108.330800 98.537478 83.165001 206.580425 507.480844 760.048801 645.954642 292.980263 183.693499 270.698378 343.779560 342.146024 338.796303 605.941269 820.653825 766.061058 454.153819 137.988121 80.319579 125.633802 331.924712 774.554607 1110.362857 1016.767162 711.654795
0.000000 0.000000 0.000000 0.000000 0.000000 0.000000 0.000000 0.000000 0.000000 0.000000 0.000000 0.000000 0.000000 0.000000 0.000000 0.000000 0.000000 0.000000 0.000000 0.000000 0.000000 0.000000 2.212204 3.866973 1.399723 7.250598 16.168570 16.848091 5.017495 0.066941 51.216631 134.537862 150.074916 84.187290 20.534185 46.975389 110.873501 144.639333 137.601423 117.211529 105.715311 291.086094 915.811885 1357.352514 1291.220435 777.880646 381.636360 351.377350 373.686316 373.577957 478.564990 912.675678 1202.831351 1106.050849 676.058114 280.793692 162.876988 155.013942 201.669541 357.311514 546.075914 506.295358 411.799451
0.000000 0.000000 0.000000 0.000000 0.000000 0.000000 0.000000 0.000000 0.000000 0.000000 0.000000 0.000000 0.000000 0.000000 0.000000 0.000000 0.000000 0.000000 0.000000 0.000000 0.000000 0.000000 0.000000 0.000000 10.168243 54.534440 97.480923 92.330474 53.345671 21.857494 125.379520 243.471851 262.622946 170.004771 54.490493 55.642208 122.724320 159.073955 135.327290 101.825488 94.538061 328.181333 1058.053870 1608.794530 1650.417477 1134.133621 602.607272 422.808207 306.989372 297.525145 446.527317 878.761297 1175.932703 1094.659183 730.374498 499.325650 468.052169 384.318059 280.594701 248.881485 261.665495 254.852325 178.902275
0.000000 0.402218 0.153364 0.000000 0.000000 0.000000 0.000000 0.000000 0.000651 0.000000 0.000000 0.000000 0.000000 0.000000 0.000000 0.000000 0.000000 0.000000 0.000000 0.000000 0.000000 0.000000 0.000000 1.164471 54.256204 152.313054 212.598065 182.855720 99.390812 45.845995 134.986355 252.072874 270.291177 175.227917 57.128477 54.633459 101.051632 135.162687 118.833296 82.372643 74.922016 236.236792 803.633172 1293.145542 1412.821496 1061.112746 611.209138 425.753363 242.242209 202.443137 303.402050 555.712082 791.384153 729.167143 627.345412 742.105725 846.513316 740.649613 504.711083 362.075221 272.348541 160.266506 127.058693
7.858982 16.068142 14.182143 4.308188 0.000000 0.000000 0.000000 7.345944 32.834968 47.610233 20.660239 1.687938 0.000000 0.000000 0.000000 0.000000 0.000000 0.000000 0.000000 0.000000 0.000000 0.000000 0.000000 12.090093 96.507322 210.843010 268.885299 218.661866 105.024172 33.067256 70.617712 154.896194 167.634872 93.504134 15.917006 37.279896 81.597246 108.400276 108.137903 88.153739 60.753370 105.404296 354.565824 633.806218 742.440249 614.105074 524.217727 414.809721 220.824154 162.088106 223.446834 323.856993 420.399986 413.163884 542.421678 824.518798 960.636728 856.708107 595.629061 441.052055 343.139840 229.931215 187.241051
22.372696 35.225406 32.404664 16.017671 0.746835 0.000000 3.452475 58.954915 163.788321 204.501193 141.057045 34.021034 1.110493 0.000000 0.000000 0.000000 0.000000 0.000000 0.000000 0.000000 0.000000 0.000000 0.000000 15.439840 92.970151 181.750382 219.897151 161.972253 57.907880 11.779907 8.786582 33.666024 37.900507 9.807020 0.054208 10.261807 41.537928 66.572635 90.977383 93.178921 77.530623 98.577799 126.132770 162.205531 184.040164 374.464525 582.480731 553.494899 357.325322 206.352538 258.634251 352.564387 430.715283 415.937844 492.140757 637.432764 706.089217 632.398863 496.634884 427.994322 355.551761 244.210354 182.855994
27.132203 41.139129 38.086044 20.080149 1.803852 0.000000 10.438975 117.119080 266.920574 332.082037 252.610556 89.157127 4.690429 0.000000 0.000000 0.000000 0.000000 0.000000 0.000000 3.179475 8.033486 5.943169 0.513032 10.115244 79.838026 147.841061 152.081400 90.996844 42.226801 73.454987 79.988774 52.425406 21.600093 17.432895 7.836473 1.417200 17.124647 38.665792 84.339455 100.726097 92.265296 133.092694 149.198282 156.599773 179.980306 428.153349 684.786243 677.437208 475.095418 348.266888 409.199029 488.102987 467.604413 420.141025 384.231237 352.748918 317.342076 296.851084 297.088086 302.917881 281.195431 198.215655 140.869896
17.977826 29.649634 27.066606 12.335946 0.140059 0.000000 5.747594 106.201502 274.033676 352.606324 276.818385 107.320857 6.233277 0.000000 0.000000 0.000000 0.000000 0.000000 3.269713 18.551783 28.712562 24.620765 19.329977 35.080970 100.114501 148.583529 146.412735 111.608327 131.338049 192.843042 191.698786 142.365566 69.484989 35.655154 21.115231 3.138277 8.273114 92.125074 181.422783 184.090869 135.727297 133.349300 151.292209 150.860560 154.929752 367.470933 597.848119 601.590660 472.279878 403.533235 489.433123 521.629337 425.401517 327.297565 280.446016 184.968078 133.120841 128.675735 150.986997 181.811697 203.698681 189.790006 198.831634
3.325094 9.172449 7.761880 1.200589 0.000000 0.000000 0.000000 42.068982 169.593764 239.877244 187.989847 72.431276 8.201000 0.000000 0.000000 0.000000 0.000000 0.000000 10.751416 33.310953 42.738599 37.856050 36.525583 58.646736 131.568042 162.536024 153.397789 135.265547 171.925039 238.859718 234.473291 174.678361 87.730046 40.249120 24.435041 4.877460 40.077571 183.116841 292.543242 296.480484 209.314487 125.475377 127.645760 164.780269 151.149619 198.805800 374.089501 452.476820 399.202755 367.600515 429.380475 384.841289 250.041228 167.493683 162.424195 130.334035 112.656359 97.403552 107.181165 135.777503 217.732504 262.310197 389.374140
0.000000 0.000000 3.034872 9.734635 6.005511 0.000000 0.000000 5.748793 49.682380 90.293684 77.973015 38.875387 5.013246 0.000000 0.000000 0.000000 0.000000 5.970140 25.787252 49.466981 52.827771 35.753901 39.582727 116.009185 211.687074 216.313533 140.444640 92.215920 118.319515 182.920407 178.029138 120.360783 54.287420 29.709121 14.772647 3.039987 54.275356 205.616144 312.131425 334.619599 253.333528 151.048327 194.063159 242.341988 242.058153 186.793863 239.392869 326.495288 332.407265 321.335949 260.155684 187.635085 82.700811 71.226692 105.346879 121.488632 111.922051 83.274689 65.462980 102.632439 227.010038 314.944826 449.567725
0.000000 5.177828 32.499193 50.108783 41.079542 13.634825 0.000000 0.306007 13.864500 32.250108 31.903924 12.911788 0.000000 0.000000 0.000000 0.000000 0.186913 14.816641 34.336046 50.390557 47.322550 24.046208 50.711854 172.415759 258.733700 239.206264 122.999780 26.498332 45.554046 81.273283 83.252584 52.886328 30.205423 27.627228 10.215038 0.577847 28.225727 127.831524 214.653393 259.012510 217.563682 164.969253 232.710666 283.363019 289.256173 242.926471 263.595433 326.010665 311.223799 223.094068 107.795951 57.910690 37.840259 55.966569 80.287002 92.199377 83.034162 75.664575 62.661358 86.586711 211.053162 303.724250 435.008605
0.000000 17.529541 57.944852 80.821916 69.233677 31.403489 0.705118 0.000000 0.001272 1.532857 1.102051 0.000000 0.000000 0.000000 0.000000 0.000000 0.152470 14.496142 33.368807 39.665521 29.812203 9.325017 46.028208 168.051483 243.772706 214.854010 105.306994 12.503667 23.520774 39.558256 44.854552 48.284523 42.552134 36.412719 19.620254 1.895977 3.933939 30.077279 67.531950 107.789608 126.720532 133.986815 179.996667 235.884401 260.927511 222.218487 214.130237 258.987795 220.686280 117.005965 32.086887 22.947804 11.911046 30.582793 47.858144 47.654574 45.991430 63.477721 70.416857 104.349534 171.388465 210.650151 338.730490
2.180403 19.964681 56.609798 78.394619 66.988500 29.897429 0.495173 0.000000 0.000000 0.000000 0.000000 0.000000 0.000000 0.000000 0.000000 0.000000 0.000000 5.372242 18.378401 23.121544 15.071931 2.275026 14.884919 104.096692 166.799898 142.888507 82.931642 54.290705 60.387300 50.036184 53.808724 59.441897 47.809200 37.143916 20.157955 2.065631 5.144150 25.027033 33.575840 46.514949 67.378736 83.357244 86.095473 119.977161 172.403912 197.366635 185.290970 168.066623 101.202886 37.901148 104.803646 141.657723 102.920411 48.768727 52.733502 42.699262 42.962376 55.399227 171.527496 302.430801 336.429803 259.350192 246.198114
19.361929 26.616100 42.230162 46.147017 36.038649 16.735091 9.537209 1.233506 0.000000 0.000000 0.000000 0.000000 1.074174 1.088687 0.000000 0.000000 0.000000 0.000000 1.821750 3.501409 0.892982 0.246095 31.180532 124.560434 188.411691 151.197426 116.460293 130.543640 114.217271 84.833621 65.787230 62.290828 43.604748 24.951391 11.986945 6.849278 31.655565 60.432140 71.518036 52.964154 47.148577 61.341724 68.971856 77.593037 147.522948 246.024821 256.708947 182.028350 84.505093 131.022834 308.086852 376.519225 312.313866 160.487598 86.816068 92.206067 86.664753 171.333967 371.229816 544.114128 628.708422 531.916474 332.956302
34.528652 39.503010 28.653127 13.571130 31.591141 85.258239 98.544315 54.832876 3.518047 0.000000 0.000000 7.689270 17.872960 17.932009 7.805805 0.000000 0.000000 0.000000 0.000000 0.000000 0.000000 9.956721 125.267780 283.063208 352.114003 304.853224 221.808826 187.554268 157.553222 128.099336 99.673854 85.063736 48.330800 50.132032 98.639142 104.178379 91.155673 94.818668 96.756494 86.350183 74.030131 75.491565 82.631305 101.625311 163.144998 252.489656 262.075890 191.033204 124.757427 249.630280 448.454516 503.173150 406.381924 223.654291 141.040938 186.098467 280.493752 421.158493 588.640634 692.687857 767.697958 686.469975 470.477190
34.860603 39.858012 27.821853 11.981081 82.240975 168.681280 187.169709 124.224358 29.239352 0.000000 2.605191 20.573644 37.845773 36.935264 20.587950 2.719037 0.000000 0.000000 0.000000 0.000000 0.000000 19.066234 165.194157 347.367964 424.538457 355.498562 241.588410 183.054346 159.203124 138.547679 115.010868 98.438169 86.542468 164.148790 273.274727 267.470575 171.972181 112.626872 96.045849 98.034969 90.129772 82.818470 91.377817 109.308532 154.807453 214.036952 206.624658 168.352548 152.050262 255.065054 417.367697 437.722991 338.375373 210.463779 210.108757 310.073900 487.208022 602.097955 659.956525 651.744484 638.699389 575.736528 455.957776
20.113018 23.949154 14.861870 8.457082 92.281502 182.907781 202.104595 136.390041 35.158242 0.000000 4.624441 35.391988 60.062632 56.778780 28.834684 7.115934 0.424176 0.000000 0.000000 0.000000 0.000000 10.134376 107.121264 251.642376 315.030259 244.070645 139.486163 109.880300 100.918002 95.377052 92.537608 71.961904 104.925991 235.943841 362.000984 348.284389 203.577661 83.067762 76.729547 101.990489 106.562822 92.617397 86.783190 104.804954 142.778904 168.490979 149.282187 138.656778 152.937230 259.166052 527.265140 559.890918 342.762549 184.860194 222.619330 341.115472 554.054071 647.476226 564.352929 406.684820 308.818445 327.341367 338.163162
2.616338 4.106878 0.975878 0.212079 48.145365 117.504976 132.916207 80.897157 10.841948 3.741372 15.491176 44.967512 64.580838 63.660967 97.519478 123.287270 97.740268 22.065122 0.000000 0.000000 0.000000 1.454205 20.036303 78.946110 113.668256 78.801671 50.738094 44.129400 44.556131 54.691407 73.619597 67.124870 91.354875 203.564915 300.050184 278.105182 144.923798 36.304668 56.035092 101.367399 115.326793 103.035198 87.914482 96.241669 142.226857 160.758278 170.287862 194.891134 330.062556 807.285747 1217.045801 1172.597629 723.069092 325.881270 245.125507 314.091230 472.558122 557.507890 467.953876 252.458613 168.028496 208.975377 240.929536
0.000000 0.000000 0.000000 0.000000 2.175679 24.916122 32.047804 10.188965 4.481671 19.965564 36.716603 52.658747 55.004103 90.913151 206.932821 277.768158 240.795398 107.065744 3.480676 0.000000 0.000000 0.000000 0.615610 47.181036 265.604090 515.772824 437.862677 185.339959 32.389418 46.189499 87.890704 109.714946 105.422527 128.676882 164.569472 132.682267 49.239007 3.303918 33.802407 79.288294 117.722624 119.122240 110.571193 127.462476 162.636811 208.546927 242.195665 295.811053 575.019073 1263.765188 1756.411485 1678.389079 1059.223465 411.500634 229.286156 269.448268 368.092907 425.709125 377.463602 231.831079 156.812434 168.075782 191.612701
0.000000 0.000000 0.000000 0.000000 0.000000 0.000000 0.000000 0.000000 10.261170 30.853520 44.078106 51.369287 41.501130 91.987382 240.406895 330.606239 291.693784 142.508558 10.847369 0.000000 0.000000 0.018606 43.017639 442.362562 1282.329404 1775.110691 1448.371391 668.443493 128.946996 58.495454 123.163154 181.230560 169.595183 111.385629 89.424394 70.562154 38.841177 17.632515 29.241917 65.712804 105.470763 125.846346 136.322591 148.698531 182.086518 241.426751 300.253839 356.737897 584.255973 1173.130954 1612.330175 1535.719547 924.577851 320.101922 173.283593 224.986527 321.785335 382.571582 365.275210 269.007411 179.082094 125.884047 126.359578
0.000000 0.000000 0.000000 0.000000 0.103968 16.248295 30.239235 16.986193 8.320771 26.969261 37.170617 32.619813 18.433597 37.234159 160.619079 244.724881 212.175288 90.133425 5.183552 0.000000 0.067050 11.402026 168.452907 895.178399 2027.860731 2603.482546 2154.214427 1064.726813 250.571973 83.217879 163.156650 237.170654 233.769241 165.434523 110.514508 85.717880 74.521282 84.033816 112.403928 115.470422 116.481399 110.823515 136.217145 141.063527 175.435332 256.830990 320.963148 349.952677 382.072826 614.093712 880.246023 812.473902 435.634447 195.247800 177.976270 230.678586 310.965718 361.718535 332.747642 245.264884 154.620138 82.257364 48.334795
0.766267 0.000000 0.000000 0.000000 22.805653 83.569765 112.735420 84.703170 25.241053 11.452009 18.384020 14.013981 3.068384 0.005345 36.451719 81.703092 64.750722 18.966571 11.128223 6.710046 3.446526 25.084710 183.186927 851.929023 1865.026714 2379.433555 1938.090516 913.502276 227.163469 121.511741 183.350389 260.320643 258.819698 193.921404 120.609215 87.089317 90.485242 134.466568 181.697181 171.739181 127.051274 83.360676 78.135173 80.673233 122.153354 219.254448 274.209341 264.603555 193.787075 150.198085 204.674869 204.027105 172.049086 165.555330 180.633122 245.124531 292.961899 313.525829 278.864698 181.130719 93.807453 24.646989 1.727716
1.055336 0.000000 0.000000 0.013469 49.618398 130.211056 166.018275 131.440609 51.179434 0.064885 1.062623 0.236879 0.000000 0.000000 0.000000 0.242180 8.111791 24.077826 31.733149 24.125872 11.168395 23.989384 94.525685 445.232997 1006.331414 1281.491342 964.941613 388.193753 157.911964 141.343039 174.403558 233.855558 235.502995 183.856635 107.249217 71.524205 71.030740 123.581950 174.350545 162.686831 97.543131 35.049563 23.808032 24.709166 38.756043 130.235116 213.198048 212.068096 132.230650 39.267543 42.249734 97.294079 129.511289 125.935199 130.783068 204.603989 254.771969 239.257832 184.097007 99.213012 36.143028 4.197949 0.000000
0.000000 0.000000 0.000000 0.004129 41.490109 116.611223 150.526858 117.637569 42.644729 0.000000 0.000000 0.000000 0.000000 0.000000 0.000000 0.000000 13.007747 33.415785 42.340281 33.472381 13.400195 17.188907 103.816066 286.692372 418.518493 370.159573 235.264612 156.941334 124.804412 112.351364 129.692376 168.029873 164.569335 127.750271 89.596488 96.570630 160.498145 194.488195 163.987874 101.134825 51.977436 29.374211 46.897647 46.274141 40.686582 86.294832 150.190489 144.990396 77.666492 29.863350 23.917189 47.754283 52.141482 48.081914 62.319561 134.348073 175.331650 136.886010 73.247969 16.977348 1.992380 0.000000 0.000000
0.000000 0.000000 0.000000 0.000000 9.160666 53.510147 77.001050 54.033928 9.310156 0.000000 0.000000 0.000000 0.000000 0.000000 0.000000 0.000000 9.196887 27.109207 35.199925 30.797678 21.950073 47.332765 345.159052 631.363629 674.058788 447.409757 203.924342 270.285987 326.149839 211.768839 115.328778 122.874514 108.812434 96.166298 102.376321 241.122728 379.284198 406.051240 374.292811 227.311814 112.551508 80.053452 105.458088 107.310444 106.559141 102.269764 112.699790 96.016422 52.188658 52.934296 61.985040 57.268186 31.518664 8.714839 56.957723 115.372737 137.187447 90.091767 13.806577 0.000000 0.000000 0.000000 0.000000
0.000000 0.000000 0.000000 0.000000 0.000000 1.848983 6.481550 1.617684 0.000000 0.000000 0.000000 0.000000 0.000000 0.000000 0.000000 0.000000 1.021994 10.143910 16.022282 25.812571 44.108504 223.633262 676.982550 950.165246 895.231221 583.095049 441.486727 879.662774 1094.442315 841.080941 335.392891 132.951472 111.078795 92.577607 133.939135 322.411610 498.370510 656.384766 690.967897 522.697434 321.949542 146.122255 129.177508 129.723948 123.784686 110.230133 100.406268 75.294015 43.975758 59.030461 82.209992 77.161018 42.311522 25.042343 103.660800 169.455868 167.020171 104.262899 21.513008 0.000000 0.000000 0.000000 0.000000
0.000000 0.000000 0.000000 0.000000 0.000000 0.000000 0.000000 0.000000 0.000000 0.000000 0.000000 0.000000 0.000000 0.000000 0.000000 0.000000 0.000000 0.820630 4.835953 23.111069 138.877995 406.965640 837.812795 1037.860055 850.755135 513.002700 666.665077 1373.796552 1676.861020 1351.610573 620.646191 158.715362 111.939990 80.970955 96.424552 241.388429 414.018099 637.923696 729.256454 605.048717 404.910673 164.856832 92.441019 91.552755 78.434765 69.631819 55.817108 32.004654 11.837121 42.061859 68.044044 63.450486 38.113253 32.731158 109.313823 176.044872 185.849004 115.012864 28.605559 1.361246 0.000000 0.000000 0.000000
0.000000 0.000000 0.000000 0.000000 0.000000 0.000000 0.000000 0.000000 0.000000 0.000000 0.000000 0.000000 0.000000 0.000000 0.000000 0.000000 3.321491 15.657515 21.926889 36.105173 189.828307 427.333370 692.715386 773.318374 537.989671 239.725236 533.272039 1266.614255 1579.812012 1253.815993 543.314419 115.930068 71.175592 43.944699 44.215638 79.678580 164.787100 335.383475 462.004005 442.924859 294.172271 80.474587 25.300903 26.511721 19.722038 17.043022 9.848854 2.203091 0.002443 13.134074 28.995232 26.015627 16.813611 48.944570 102.875822 232.818308 312.237154 234.592105 82.269121 10.427044 0.000000 0.000000 0.000000
