WorkingVersion/ascfiles2/tmp_kdeout16.asc
ncols        704
nrows        293
xllcorner    827.296065
yllcorner    924.742280
cellsize     0.500000000000000
NODATA_value -999.000000
[rows 28 to 55 of 293, columns 310 to 371 of 704]
0.000000 0.000000 0.000000 0.000000 0.000000 0.000000 0.000000 0.000000 0.000000 0.000000 0.000000 0.000000 0.000000 0.000000 0.000000 0.000000 0.000000 0.000000 0.000000 0.000000 0.000000 0.000000 19.561943 78.081246 155.764093 484.374774 1162.438118 1816.207431 2257.806545 2549.358193 2229.763416 1586.894827 855.418375 183.612141 0.000000 0.000000 0.000000 0.000000 0.000000 0.000000 0.000000 0.000000 0.000000 0.000000 0.000000 0.000000 0.000000 0.000000 0.000000 0.000000 0.000000 0.000000 0.000000 0.524778 11.136314 20.268872 17.803083 20.509682 48.755156 73.732115 80.550308 37.234786
0.000000 0.000000 0.000000 0.000000 0.000000 0.000000 0.000000 0.000000 0.000000 0.000000 0.000000 0.000000 0.000000 0.000000 0.000000 0.000000 0.000000 0.000000 0.000000 0.283361 0.482490 1.972377 15.154511 74.590982 416.525133 1899.353934 3599.507190 5017.378910 5086.520043 4250.956761 3012.227805 1484.500146 595.940292 63.620329 0.000000 0.000000 0.000000 0.000000 0.000000 0.000000 0.000000 0.000000 0.000000 0.000000 0.000000 0.000000 0.000000 0.000000 0.000000 0.000000 0.000000 0.000000 0.000000 5.635402 24.866141 37.841947 34.443452 18.303941 51.981567 187.093739 254.329152 185.736111
0.000000 0.000000 0.000000 0.000000 0.000000 0.000000 0.000000 0.000000 0.000000 0.000000 0.000000 0.000000 0.000000 0.000000 0.000000 0.000000 0.265484 7.657322 20.768118 110.672495 190.008017 174.279883 92.736229 136.459368 950.447404 3138.770310 5367.751955 6983.770906 6735.751021 4890.243350 3154.608872 2090.384065 1568.905091 718.607442 18.688024 0.000000 0.000000 0.000000 0.000000 0.000000 0.000000 0.000000 0.000000 0.000000 0.000000 0.000000 0.000000 0.000000 0.000000 0.000000 0.000000 0.000000 0.000000 6.634094 26.919177 40.365109 36.852521 23.885820 118.724995 321.816898 421.708020 338.590821
0.000000 0.000000 0.000000 0.000000 0.000000 0.000000 0.000000 0.000000 0.000000 0.000000 0.000000 0.000000 0.000000 0.000000 0.000000 0.000000 8.002453 36.558899 151.934610 406.168651 612.323654 662.995422 645.316672 599.194557 1189.796428 2940.912206 4797.954840 6009.310158 5619.092179 3995.129050 3514.838599 3889.231128 4102.301338 2725.161113 654.728312 11.096724 0.000000 0.000000 0.000000 0.000000 0.000000 0.000000 0.000000 0.000000 0.000000 0.000000 0.000000 0.000000 0.000000 0.000000 0.000000 0.000000 0.000000 1.768197 15.542767 26.085701 23.277632 17.582843 127.068688 333.570316 436.463700 356.870414
0.000000 0.000000 0.000000 0.000000 0.000000 0.000000 0.000000 0.000000 0.000000 0.000000 0.000000 0.000000 0.000000 0.658702 8.532920 29.471920 74.689529 119.808117 304.164312 649.867342 976.478838 1372.947168 1617.223172 1358.728637 1116.753023 1705.815307 2542.285419 2972.702840 2952.986286 2793.274160 3925.532906 5752.429639 6283.750852 4476.346887 1643.591770 208.273593 26.292189 0.000000 0.000000 0.000000 0.000000 0.000000 0.000000 0.000000 0.000000 0.000000 0.000000 0.000000 0.000000 0.000000 0.000000 0.000000 0.000000 0.000000 1.640148 6.587906 4.541522 4.053476 55.026407 198.281101 277.652956 215.151728
0.000000 0.000000 0.000000 0.000000 0.000000 0.000000 0.000000 0.000000 0.000000 0.000000 0.000000 0.000000 0.000000 9.004447 43.022513 132.719927 270.439975 368.280467 468.108065 768.257529 1295.693361 2404.154228 3265.538858 2668.977033 1312.356760 665.252418 620.193871 1084.657790 3000.220535 5667.450136 8916.224096 10814.729603 9852.743718 6818.968677 2833.137712 993.732120 298.616876 3.137633 0.000000 0.000000 0.000000 0.000000 0.000000 0.000000 0.000000 0.000000 0.000000 0.000000 0.000000 0.000000 0.000000 0.000000 0.000000 2.444053 12.957946 19.966824 14.784640 1.755379 4.890818 29.473720 59.031237 33.438344
0.000000 0.000000 0.000000 0.000000 0.000000 0.000000 0.000000 0.000000 0.000000 0.000000 0.000000 0.000000 0.034245 14.363059 74.664324 297.314865 593.962803 776.913656 772.358587 819.417863 1857.740421 4365.994677 5883.992116 4938.947538 2296.841977 445.985368 385.976394 2107.425043 6765.294288 12818.358014 17173.550847 18180.167085 15227.574338 9888.677324 4627.056784 1913.985768 773.127323 133.038341 63.989035 15.960282 0.000000 0.000000 0.000000 0.000000 0.000000 0.000000 0.000000 0.000000 0.000000 0.000000 0.000000 0.000000 0.000000 11.773757 36.903618 56.584924 50.322896 22.395341 1.484015 0.000000 0.000000 0.000000
0.000000 0.000000 0.000000 0.000000 0.000000 0.000000 0.000000 0.000000 0.000000 0.000000 0.000000 0.000000 0.000000 9.407846 69.470328 383.768765 791.276344 1086.680899 1088.137808 1044.874015 2498.164209 5588.805029 7180.177708 5964.707498 2832.945125 483.107197 519.813976 2949.355928 8781.080959 16434.595113 22514.278694 24164.035058 20168.223725 13314.540899 6975.273644 2817.349901 1510.736476 829.835454 631.020213 327.665392 48.436314 0.000000 0.000000 10.647220 98.818008 128.802319 49.199169 1.451154 0.000000 0.000000 0.000000 0.000000 0.135016 17.961973 60.095916 85.136140 72.843708 38.041599 7.155959 0.000000 14.500091 68.245787
0.000000 0.000000 0.000000 0.000000 0.000000 0.000000 0.000000 0.000000 0.000000 0.000000 0.000000 0.000000 0.000000 0.777717 32.652196 309.677851 782.066360 1292.573900 1472.759201 1529.066399 2582.792224 5186.011699 6353.921837 4972.874310 2192.676068 458.355581 657.921179 2419.162483 6902.524027 14347.005049 21373.008095 24559.266279 21687.171580 15181.120255 9033.121642 4628.535156 3058.729535 2345.734056 1633.982837 840.757988 221.094183 6.713873 44.959168 331.070688 658.290769 673.278348 405.758103 106.046319 20.048206 14.036309 14.322775 17.579877 11.797974 27.426592 71.374125 101.656059 84.249139 35.908795 7.204994 2.702120 92.046039 199.926054
0.000000 0.000000 0.000000 0.000000 0.000000 0.000000 0.000000 0.000000 0.000000 0.000000 0.000000 0.000000 0.000000 2.198906 23.838813 185.910766 796.890750 1679.154011 2087.189928 2112.655440 2130.214292 3161.662346 3691.057730 2559.939176 950.693682 664.943328 1334.230691 2256.852054 4554.992730 9820.741656 15486.882096 18839.535434 18418.044955 16767.500160 16782.062583 14414.074123 9183.790385 4642.240355 2670.252240 1205.545442 291.096209 36.859972 224.969954 809.468696 1326.096783 1327.673109 835.040546 314.210674 86.632353 83.785341 85.367079 75.869865 51.328242 43.782945 69.025941 97.801095 82.051419 34.144459 3.539486 18.054148 143.508367 265.701668
0.000000 0.000000 0.000000 0.000000 0.000000 0.000000 0.000000 0.000000 0.000000 0.000000 0.000000 0.000000 0.000000 2.974219 28.060767 133.181303 771.424426 1713.980300 2191.101965 2179.207142 1730.442191 1318.188146 1080.032769 494.750947 384.564175 1065.204880 2140.237587 3287.622930 4987.847963 8271.305642 11841.976950 14169.922525 15838.386563 21793.659870 28263.492800 28068.921356 19498.428187 8345.363928 3249.407465 1130.102507 194.522657 75.270886 383.596174 1186.824406 1792.848455 1678.763932 1079.367355 467.847400 253.802188 240.140805 220.108037 158.579084 98.292819 64.529141 68.033856 92.032367 82.963804 39.822942 16.437898 29.374228 127.242038 227.294857
0.000000 0.000000 0.000000 0.000000 0.000000 0.000000 0.000000 0.000000 0.000000 0.000000 0.000000 0.000000 0.000000 0.268949 13.411819 88.066707 520.343579 1264.913952 1629.465982 1478.617321 988.782607 574.340025 305.717084 115.382828 315.183511 1178.738435 2524.201368 4195.189086 6106.264224 8171.154290 9936.458480 10821.262639 12888.055094 22557.413027 32383.277857 33029.330565 23117.335748 9469.642001 2737.316108 679.591962 126.635703 155.076450 686.620870 1492.057642 1995.104353 1762.227498 999.107376 549.687669 433.444654 370.658893 317.266334 210.758255 111.762946 58.480139 57.395296 80.991367 77.873293 48.468386 29.706348 37.367902 64.754620 111.962534
0.000000 0.000000 0.000000 0.000000 0.000000 0.000000 0.000000 0.000000 0.000000 0.000000 0.000000 0.000000 0.000000 0.000000 0.695336 16.421434 123.582964 499.225141 702.022167 507.751436 175.937600 68.618217 10.623800 132.536451 462.408609 1229.443657 2359.116103 3677.433226 5193.623325 6366.308539 6950.139123 7020.008354 8170.738025 16334.709897 24822.160998 25069.291697 16584.031087 5774.054204 1446.659275 311.118594 155.309442 274.899658 842.720175 1491.852442 1707.257012 1394.642235 761.912204 512.787645 449.057108 361.452470 282.425344 209.051630 141.760604 93.352809 44.782557 49.975325 55.982893 36.509726 27.173615 45.064949 58.475690 48.474727
0.000000 0.000000 0.000000 0.000000 0.000000 0.000000 0.000000 0.000000 0.000000 0.000000 0.000000 0.000000 0.000000 0.000000 0.000000 0.000000 0.235396 5.774629 35.999845 9.102508 0.000000 0.000000 19.647329 309.641763 698.324470 1184.292562 1743.378557 2210.127407 2716.483760 3124.238431 3272.787260 3473.781140 4073.992619 6475.020919 10263.609311 10073.178515 5448.787712 1457.558867 450.849437 145.795981 139.069635 257.650945 714.369414 1141.933843 1224.165110 936.959662 492.749544 381.318759 320.284794 244.309468 225.096798 227.922971 209.072438 167.287918 75.925347 25.035383 27.094491 26.499743 40.375487 73.865290 79.983088 54.784938
0.000000 0.000000 0.000000 0.000000 0.000000 0.000000 0.000000 0.000000 0.000000 0.000000 0.000000 0.000000 0.000000 0.000000 0.000000 0.000000 0.000000 0.000000 0.000000 0.000000 0.000000 0.000000 25.225167 329.900839 693.854865 1048.713938 1242.159132 1218.979205 1063.437396 801.843785 711.575763 1015.069268 1445.103718 1609.927614 1448.268324 1011.874461 558.818487 383.756474 399.460897 464.477844 380.287027 195.609747 312.611470 553.834581 571.059780 360.920911 219.575243 254.719416 215.608392 191.841780 233.202791 306.733493 298.712492 207.189132 94.704583 9.167239 9.012017 29.804117 63.471136 93.479213 91.780194 59.026645
0.000000 0.000000 0.000000 0.000000 0.000000 0.000000 0.000000 0.000000 0.000000 0.000000 0.000000 0.000000 0.000000 0.000000 0.000000 0.000000 0.000000 0.000000 0.000000 0.000000 0.000000 0.000000 2.308507 158.915173 407.458473 554.657849 542.031279 385.248299 276.966910 144.324411 111.913539 138.218486 121.177717 86.194892 56.801440 73.339284 178.460238 466.597558 971.649092 1262.033205 1045.883034 496.357068 95.805575 72.452877 68.853622 67.123679 157.911754 207.085354 206.988447 221.606644 260.777532 338.059655 307.066168 191.065506 79.405359 2.648704 3.633578 36.347438 90.482362 97.873321 80.203310 44.566197
0.000000 0.000000 0.000000 0.000000 0.000000 0.000000 0.000000 0.000000 0.000000 0.000000 0.000000 0.000000 0.000000 0.000000 0.000000 0.000000 0.000000 0.000000 0.000000 0.000000 0.000000 0.000000 0.000000 4.973682 72.454902 96.414504 33.717732 8.778653 14.037264 47.507761 77.684948 80.887556 50.099264 14.059325 4.161146 52.314625 202.208758 586.370740 1308.889104 1704.680776 1449.022402 758.942172 148.336927 12.624058 6.972908 38.804356 128.363616 176.521554 174.389893 194.762779 222.605994 252.284155 205.424285 107.657801 42.965118 10.234905 24.247059 159.040582 255.647861 212.422313 79.712079 12.910496
0.000000 0.000000 0.000000 0.000000 0.000000 0.000000 0.000000 0.000000 0.000000 0.000000 0.000000 0.000000 0.000000 0.000000 0.000000 0.000000 0.000000 0.000000 0.000000 0.000000 0.000000 0.000000 0.000000 0.000000 0.000000 0.000000 0.000000 0.000000 1.904798 22.125269 56.302189 68.144830 50.516134 24.213944 20.798989 50.275827 134.870319 415.485710 1062.243233 1459.949947 1264.158951 649.802841 111.244202 0.450535 0.000000 9.078505 57.238521 90.319505 83.188740 115.525849 162.645672 166.783867 117.427047 66.145076 32.396322 15.240136 109.381911 311.775570 415.285215 338.124738 137.566472 3.213528
0.000000 0.000000 0.000000 0.000000 0.000000 0.000000 0.000000 0.000000 0.000000 0.000000 0.000000 0.000000 0.000000 0.000000 0.000000 0.000000 0.000000 0.000000 0.000000 0.000000 0.000000 0.000000 0.000000 0.000000 0.000000 0.000000 0.000000 0.000000 0.000000 3.419853 26.804696 44.445335 41.086282 28.729272 31.803968 58.946551 89.687331 159.898899 436.632700 712.489467 634.218726 281.780624 13.887089 0.000000 0.000000 6.134062 24.849923 39.692451 60.759035 114.019675 170.320154 209.578800 188.813879 125.060587 46.726786 13.962259 132.046617 344.705179 443.731572 356.118580 147.186244 4.698943
0.000000 0.000000 0.000000 0.000000 0.000000 0.000000 0.000000 0.000000 0.000000 0.000000 0.000000 0.000000 0.000000 0.000000 0.000000 0.000000 0.000000 0.000000 0.000000 0.000000 0.000000 0.000000 0.000000 0.000000 0.000000 0.000000 0.000000 0.000000 0.000000 0.564509 13.630447 26.882542 27.353117 16.757288 31.765279 74.962680 89.862195 107.237605 128.080045 160.766791 130.239087 30.608595 0.000000 0.000000 2.833009 29.586219 59.162070 86.255446 128.622484 176.928564 239.673525 280.905685 247.557647 168.884684 66.387730 8.046038 65.180857 218.677752 295.796859 223.530961 67.200102 0.739709
0.000000 0.000000 0.000000 0.000000 0.000000 0.000000 0.000000 0.000000 0.000000 0.000000 0.000000 0.000000 0.000000 0.000000 0.000000 0.000000 0.000000 0.000000 0.000000 0.000000 0.000000 0.000000 0.000000 0.000000 0.000000 0.000000 0.000000 0.000000 0.000000 0.000000 1.352086 7.052670 8.823092 10.611587 35.070129 71.125693 82.665750 71.388002 67.174144 58.793487 35.149659 4.120249 0.012712 0.036572 14.188579 61.980756 170.597102 268.306527 307.293203 270.912560 262.048449 260.046186 228.786166 158.790296 60.386290 3.440641 11.323055 44.438179 75.513706 40.168806 1.696188 11.207253
0.000000 0.000000 0.000000 0.000000 0.000000 0.000000 0.000000 0.000000 0.000000 0.000000 0.000000 0.000000 0.000000 0.000000 0.000000 0.000000 0.000000 0.000000 0.000000 0.000000 0.000000 0.000000 0.000000 0.000000 0.000000 0.000000 0.000000 0.000000 0.000000 0.000000 0.000000 0.608503 13.895803 30.054135 49.798249 62.680312 58.360445 39.865461 11.493581 12.243298 19.126081 20.215780 10.116107 9.442422 33.697275 121.221195 284.850522 410.766626 425.591128 321.184524 200.940192 176.551566 178.224673 170.206118 90.235991 25.337764 6.554381 16.157980 28.909330 24.427290 10.090157 27.233325
0.000000 0.000000 0.000000 0.000000 0.000000 0.000000 0.000000 0.000000 0.000000 0.000000 0.000000 0.000000 0.000000 0.000000 0.000000 0.000000 0.000000 0.000000 0.000000 0.000000 0.000000 0.000000 0.000000 0.000000 0.000000 0.000000 0.000000 0.000000 0.000000 0.000000 0.000000 3.326170 23.097888 44.657690 59.259566 53.140517 33.818056 16.572878 3.514100 19.398864 35.810927 37.409383 24.945025 23.951935 42.053461 132.272258 286.493961 396.254422 395.326589 277.422733 145.799788 127.508933 182.575037 216.492743 170.824950 85.372447 34.149771 50.978108 81.930666 79.753241 46.904725 32.446181
0.000000 0.000000 0.000000 0.000000 0.000000 0.000000 0.000000 0.000000 0.000000 0.000000 0.000000 0.000000 0.000000 0.000000 0.000000 0.000000 0.000000 0.000000 0.000000 0.000000 0.000000 0.000000 0.000000 0.000000 0.000000 0.000000 0.000000 0.000000 0.000000 0.000000 0.000000 2.046441 29.705326 58.418236 75.909461 82.280045 53.093118 18.115438 2.400354 20.947353 37.904178 39.548185 26.515477 24.309803 37.544181 77.289167 179.123779 235.263779 229.828243 149.027454 100.877073 141.448150 219.323332 254.068580 215.039131 129.101274 81.078556 102.254710 128.808262 124.855055 79.806560 32.810198
0.000000 0.000000 0.000000 0.000000 0.000000 0.000000 0.000000 0.000000 0.000000 0.000000 0.000000 0.000000 0.000000 0.000000 0.000000 0.000000 0.000000 0.000000 0.000000 0.000000 0.000000 0.000000 0.000000 0.013341 0.069143 0.000000 0.000000 0.000000 0.000000 0.000000 0.000000 1.994336 26.557324 58.350154 109.078901 129.768862 104.335986 57.261568 7.546471 10.900103 23.827475 25.134554 14.101289 10.132715 20.649697 33.700451 48.557571 64.679294 52.229793 55.607622 77.683117 109.778907 170.664781 191.409781 164.888333 117.138443 92.956629 130.545232 154.941885 134.924813 88.079698 31.953138
0.000000 0.000000 0.000000 0.000000 0.000000 0.000000 0.000000 0.000000 0.000000 0.000000 0.000000 0.000000 0.000000 0.000000 0.000000 0.000000 1.868906 13.910555 24.107204 16.481010 4.066139 0.000000 14.633747 41.375782 38.431495 11.524659 5.903592 11.014332 17.399887 22.325490 14.101060 7.673556 21.046065 45.924209 107.156745 142.753986 132.692665 90.575555 30.381378 7.607597 7.114849 12.578957 16.489298 17.243990 11.073789 4.224769 8.048163 19.045994 91.196213 165.087062 168.115110 102.579975 67.844318 66.400254 61.732802 66.732547 112.216204 160.258397 172.526190 124.729687 63.432228 28.665955
0.000000 0.000000 0.000000 0.000000 0.000000 0.000000 0.000000 0.000000 0.000000 0.000000 0.000000 0.000000 0.000000 0.000000 0.000000 2.105057 23.076414 69.975666 94.781903 72.099565 26.285501 11.023638 71.094904 121.396959 115.951791 63.117058 27.800061 50.676038 113.350136 154.025012 130.410518 58.655538 31.293444 26.598601 67.190936 102.409783 111.569927 86.119238 40.411208 30.799476 24.651656 36.957929 41.886343 35.917088 22.619593 4.289928 3.423153 60.126853 196.663184 285.175790 256.324346 137.492161 22.763888 2.349258 7.948566 42.256672 127.568612 180.506829 176.097300 116.424441 43.285523 26.023286
0.000000 0.000000 0.000000 0.000000 0.000000 0.000000 0.000000 0.000000 0.000000 0.000000 0.000000 0.000000 0.000000 0.000000 0.000000 7.104116 51.853952 127.085392 171.217086 145.149247 65.528692 31.008594 110.752397 189.922625 188.138085 114.861417 43.643339 98.563839 226.790687 314.357294 296.860077 178.988938 60.423028 26.221829 11.539443 34.226869 56.512872 68.294849 71.445067 64.179208 47.455565 61.318030 59.500774 42.919361 26.510071 6.071302 11.496620 80.880182 225.146990 307.703145 263.952468 129.856798 15.147510 0.000000 0.000000 17.134144 98.345149 158.750100 155.619467 99.721774 41.955629 46.926180
