WorkingVersion/ascfiles2/tmp_kdeout56.asc
ncols        704
nrows        293
xllcorner    827.296065
yllcorner    924.742280
cellsize     0.500000000000000
NODATA_value -999.000000
[rows 56 to 83 of 293, columns 126 to 188 of 704]
0.000000 0.000000 0.000000 0.000000 0.000000 0.000000 0.000000 0.000000 0.000000 0.000000 0.000000 0.162505 5.002583 6.877299 2.435361 0.000000 0.000000 0.000000 0.000000 0.000000 0.000000 0.000000 11.974374 48.208563 102.216861 138.256572 118.340106 66.287103 15.590250 0.038707 26.216375 88.992565 133.521161 162.094393 145.427306 94.486894 75.978030 68.932523 75.434290 118.197108 198.898996 395.986290 650.469758 763.129145 575.949427 234.791858 259.676987 436.182634 507.122109 435.607797 367.209404 577.516145 828.340420 787.783431 468.603258 173.490648 132.642553 233.699275 406.429495 770.169249 1093.635203 1042.814780 699.231703
0.000000 0.000000 0.000000 0.000000 0.000000 0.000000 0.000000 0.000000 0.146731 2.264430 1.389661 0.000000 0.000000 0.000000 0.000000 0.000000 0.000000 0.000000 0.000000 0.000000 0.000000 0.000000 17.529886 56.824635 101.359517 125.152488 112.591136 75.734090 24.163969 2.069172 32.903732 96.736654 161.140417 186.494654 165.935431 138.571152 135.056696 130.825066 114.736858 166.113577 265.659913 530.225868 1080.220301 1388.652994 1147.723055 540.113506 286.191016 455.157450 520.211856 433.988208 432.811059 816.805221 1163.243123 1092.160541 680.370519 350.695333 239.765211 251.688143 252.954105 347.535241 564.342173 581.979637 451.761326
0.000000 0.000000 0.000000 0.000000 0.000000 0.000000 0.000000 0.770083 11.910480 21.203663 18.001234 6.096510 0.000000 0.000000 0.000000 0.000000 0.000000 0.000000 0.000000 0.000000 0.000000 4.249390 23.798593 51.238572 73.597598 139.346741 196.000250 175.796740 107.437232 22.984788 42.646135 90.738846 134.169525 149.287736 146.036757 140.367293 153.325014 167.370657 141.449878 166.113887 262.143336 564.346454 1260.075030 1660.049216 1441.005846 772.644600 265.771426 319.091869 386.279212 317.923703 357.671057 728.927397 1043.347437 1004.774278 748.045463 592.015436 603.779761 497.913188 264.533222 181.301654 231.130378 264.740974 207.122478
0.000000 0.000000 0.000000 0.000000 0.000000 0.000000 0.000000 9.202460 38.455240 54.139757 42.991281 16.895494 0.746429 0.000000 0.000000 0.000000 0.000000 0.000000 0.000000 0.000000 5.508328 31.627008 54.829273 63.742922 108.763954 240.346438 343.669417 312.013661 181.408268 60.601297 29.253367 64.337251 84.955130 79.563872 83.321015 91.494814 113.831457 139.802744 117.818228 118.278595 198.355072 414.541426 1002.897205 1382.212870 1248.430755 676.277655 166.405724 167.829999 225.779044 212.901575 251.804986 425.499939 619.269516 633.790875 628.603124 769.472793 905.941566 751.102179 436.520601 234.135502 157.278171 118.986865 99.677526
0.000000 0.000000 0.000000 0.083375 0.003524 0.000000 0.152004 26.093332 90.527166 146.899546 100.884462 26.847534 1.066029 0.000000 0.000000 0.000000 0.000000 0.000000 0.000000 0.000000 18.019855 57.480384 78.814526 89.772398 154.593541 284.981421 396.917157 360.428074 198.805087 64.172711 12.950474 23.103432 27.563336 18.719999 21.054917 36.804643 61.624076 75.780177 69.761969 94.215565 137.680756 205.381453 486.726226 749.021160 663.861543 318.793725 154.734761 208.483258 204.467605 213.437750 240.910959 281.867717 373.860023 408.312040 527.678104 771.526726 895.621995 766.519550 528.133029 385.622988 299.473727 209.224240 172.579463
0.000000 0.000000 6.571341 14.301956 12.619627 3.516822 4.864654 85.050160 329.784316 476.532156 373.580546 119.750769 1.861226 0.000000 0.000000 0.000000 0.000000 0.000000 0.000000 0.000000 17.935141 57.078138 78.126731 79.054942 132.124127 223.354744 316.819527 274.535857 141.325708 61.111920 53.439981 32.861771 10.139398 0.044151 0.169427 4.886051 8.933584 20.562055 46.260785 85.011638 131.937856 172.135029 184.153473 203.314530 172.659054 258.918499 461.412377 543.180654 432.283617 336.463792 361.418119 417.262145 542.887667 585.774285 605.961306 603.889835 571.570277 514.764258 451.510883 439.693601 385.112842 273.499911 237.938876
0.000000 3.774303 21.241016 33.955416 31.334766 15.371529 13.688309 188.213743 544.163775 737.174501 608.351495 260.316404 14.928825 0.000000 0.000000 0.000000 0.000000 0.000000 0.000000 0.000000 5.673217 30.839302 46.434130 36.632992 73.988252 161.097598 196.295193 149.808356 125.187006 212.612942 229.067306 139.077886 30.589293 7.346326 10.603293 8.389589 1.929756 32.863798 113.124941 136.061698 130.700082 150.619322 146.995347 118.002077 148.325603 461.152670 789.068619 858.596921 668.024706 502.498746 509.032537 602.096582 676.803471 703.362092 628.165418 405.607675 223.444162 226.571731 306.369508 354.668924 314.781512 220.710099 233.966843
0.000000 6.453532 27.106825 41.277432 38.382614 20.414836 12.643431 179.285459 539.643369 734.322723 611.609652 271.150303 16.118974 0.000000 0.000000 0.000000 0.000000 0.000000 0.000000 0.000000 0.000000 4.298613 9.198468 13.482113 59.925926 128.216504 163.606624 159.600369 268.092609 419.840746 431.030286 281.280046 81.844653 22.798668 31.162413 27.274918 67.301920 375.732361 684.710588 617.457847 280.990927 101.008396 78.402938 67.948589 136.885567 484.779646 836.624280 904.947710 700.361942 505.966671 526.570167 590.436497 607.903183 582.788399 495.513746 274.034006 117.210973 108.248911 179.276775 216.510004 184.972056 150.173030 220.948817
0.000000 2.857091 18.977647 31.076881 28.572051 13.455623 2.579871 65.979742 306.258435 456.754479 369.497685 133.200095 2.000018 0.000000 0.000000 0.000000 0.000000 0.000000 0.000000 0.000000 0.000000 0.000000 0.000000 13.353450 78.695780 132.079124 161.510161 174.578617 301.895617 462.926165 473.305136 308.391922 95.741007 31.308378 54.484110 62.771953 283.133510 949.462621 1420.374216 1265.618515 609.205626 92.441356 19.681764 54.526248 121.809666 332.584202 622.081507 708.080114 553.725005 441.983008 469.716883 413.696350 343.830178 309.190175 248.644030 147.505622 94.348641 91.211207 109.835456 114.324784 135.768924 149.503901 286.152130
0.000000 0.000000 4.237569 10.737849 9.287162 1.877975 0.000000 7.190210 53.486983 113.361273 82.819179 19.088660 0.482474 0.000000 0.000000 0.000000 0.000000 0.000000 0.000000 0.000000 0.000000 0.000000 1.767699 38.912131 108.099607 141.189786 121.857836 102.237820 189.754325 328.388186 331.136242 196.098813 44.398675 39.074044 79.472401 96.886576 422.424398 1192.566581 1689.308169 1496.370301 736.690860 92.447820 51.484302 130.118500 188.646251 238.695084 360.146017 432.194262 399.508682 402.878851 373.234676 288.024591 164.962173 135.122707 122.135007 111.747324 85.349769 90.760374 99.650603 104.099946 152.629700 175.779105 247.955225
0.000000 0.000000 0.000000 0.000000 0.000000 0.000000 0.000000 0.349390 9.897158 18.089257 15.308497 4.512892 0.000000 0.000000 0.000000 0.000000 0.000000 0.000000 0.000000 0.000000 0.000000 0.000000 16.377006 77.178759 134.717085 146.043216 88.926788 31.507096 82.268340 157.142212 150.303713 69.689372 24.265198 49.980876 83.943490 95.251942 291.501387 878.330091 1279.837436 1109.052051 485.533654 45.541153 87.105011 181.144487 213.540829 223.983337 267.083438 311.906689 352.713718 330.498450 259.765460 187.410948 149.607754 146.301441 144.523437 123.912968 93.863918 115.574155 118.366521 114.119888 144.741350 175.208564 211.927334
0.000000 0.000000 0.000000 0.000000 0.000000 0.000000 0.000000 0.000000 0.000000 0.998456 0.433870 0.000000 0.000000 0.000000 0.000000 0.000000 0.000000 0.000000 0.000000 0.000000 0.000000 0.000000 18.554321 91.705484 150.699128 147.458253 83.409959 38.026359 77.853146 108.110301 98.590428 66.943686 42.764073 50.954533 67.023187 68.167770 104.512650 314.718286 518.340415 434.048956 148.851938 33.698223 81.846501 164.865387 221.870560 242.067282 238.667907 252.330213 247.360316 215.818193 154.031336 119.438357 113.837960 147.176643 146.493590 109.035180 105.355488 142.628132 144.244322 133.241449 133.058072 126.866207 157.333127
2.950968 0.597122 0.011195 0.000000 0.000000 0.000000 0.698552 2.523185 0.798167 0.000000 0.000000 0.000000 0.000000 0.000000 0.000000 0.000000 0.000000 0.000000 0.000000 0.000000 0.000000 0.000000 4.973111 64.720166 127.386228 132.441742 92.522571 76.201087 115.025619 134.171624 125.798695 91.912623 54.418199 39.519065 35.799492 29.239727 24.101354 56.071498 113.542412 117.602168 86.103041 55.472281 48.256971 95.366473 204.530182 318.601157 324.522360 257.428303 130.380631 78.438228 83.797814 72.822340 99.510763 133.728434 136.406137 107.772416 120.728965 162.210863 220.785831 273.363829 245.868436 195.448370 174.227767
28.045275 27.857957 14.679017 4.104005 0.000000 4.652301 18.243984 21.540753 15.572098 3.252203 0.000000 0.000000 0.000000 0.000000 0.000000 0.000000 0.000000 0.000000 0.000000 0.000000 0.000000 0.000000 15.176830 116.341193 200.767469 173.948877 116.439177 105.986299 121.591775 127.984443 102.257720 74.386373 48.009734 26.454188 9.452455 0.136129 0.124828 15.755431 50.958719 95.594873 111.394818 85.353999 51.392959 52.852613 196.559000 389.234251 440.649880 323.684602 134.028698 49.790891 51.583339 63.934060 119.925144 169.039152 177.442543 135.724329 123.617454 218.018447 368.592025 487.958180 560.695190 539.242562 395.220196
59.126774 61.304089 40.075433 16.617096 22.461119 73.060774 98.523688 72.308231 31.395528 11.617351 0.000000 0.000000 0.000000 0.000000 0.000000 0.000000 0.000000 0.000000 0.000000 0.044490 3.177594 5.857341 110.721747 294.082075 386.145400 321.755858 180.238839 115.407454 98.281383 80.514966 54.393609 42.036474 27.398840 7.539789 0.085227 0.000000 0.000000 8.126177 81.831451 160.778162 173.651299 115.698058 63.507154 58.108292 175.002127 364.282598 410.932121 323.812843 193.585276 123.180172 74.960958 85.221846 176.492728 243.410133 266.239703 224.312863 211.185836 318.735301 498.956377 631.919264 796.007195 803.378852 634.998022
66.120591 69.692471 47.827501 26.781802 71.834885 145.884364 174.697129 130.014658 49.148842 12.714567 0.000000 0.175227 2.191143 1.197251 0.025845 4.277150 3.775245 0.000000 1.117128 21.864685 39.032784 45.266751 181.006849 378.061242 467.554841 373.969000 200.527073 105.301495 76.801983 42.603045 21.710249 21.450649 10.520726 0.166413 0.000000 0.000000 0.000000 31.630232 149.826074 248.636029 254.727515 169.467993 78.492512 51.078763 135.433481 283.451414 338.532083 330.922815 276.426062 243.566945 157.509824 99.355671 192.904236 295.675940 340.941462 320.681004 319.196573 372.914198 500.694645 610.351885 763.040654 789.777548 651.552479
42.934090 46.930466 31.842584 23.819613 83.681594 157.672470 181.313709 130.601521 42.847797 5.177280 0.976888 12.234170 20.788017 17.654655 25.325006 41.260495 39.168183 16.646910 12.072925 50.319695 75.384469 89.436654 182.836979 307.516217 360.981495 270.813639 115.821164 63.254706 50.812628 22.818700 5.568956 2.785363 0.078974 0.000000 0.000000 0.000000 0.000024 52.496989 185.034758 283.997198 288.539159 189.481910 75.436185 54.816237 110.841352 196.357262 252.524169 311.536070 345.569495 384.840679 336.625502 207.268547 188.429792 274.701722 310.619429 309.177614 368.902554 402.842165 405.555719 397.695445 459.133579 517.947469 461.259133
8.625044 12.075849 9.735105 3.801419 49.354059 105.516499 115.798856 71.494247 10.248589 0.000000 6.863364 26.308318 38.326172 41.826197 70.894556 92.070592 85.633427 43.060653 19.291162 55.710306 104.786645 143.351712 150.473009 178.820153 167.222610 98.507968 31.007786 34.457266 33.328697 19.963952 10.198155 8.986167 2.570112 0.000000 0.449712 1.527018 0.137059 34.712444 145.520450 223.524693 218.027495 138.135627 58.202648 47.441072 114.070115 167.311414 198.772829 266.119887 386.637956 602.561901 686.250558 551.960122 337.202729 216.656873 214.709884 259.378609 372.373397 423.736070 367.156617 269.913769 277.780992 318.879344 270.925677
0.000000 0.000000 0.000000 0.000000 4.597276 28.026608 31.883081 9.715565 0.000000 0.000000 7.859707 28.367564 44.156613 55.452200 91.259413 115.403078 106.749393 55.856849 10.208110 33.818178 97.713554 150.634104 152.736382 155.162304 282.143748 357.801286 224.130833 48.734829 15.503796 19.989999 28.520986 29.091770 15.993137 4.725039 14.878308 19.548917 12.500756 8.960467 58.115003 110.182313 113.414324 78.041993 76.209718 116.306586 180.590764 212.055450 167.607225 161.623116 348.978720 702.925961 905.345153 816.945610 486.940495 195.257726 123.678619 194.224777 292.775229 347.653943 312.438099 250.434775 259.206539 269.226526 217.987024
0.000000 0.000000 0.000000 0.000000 0.000000 0.000000 0.000000 0.000000 0.000000 0.000000 2.450534 26.843317 48.528030 56.224553 76.341883 91.536256 83.345054 38.647964 0.680052 4.255655 47.826162 99.549945 150.230863 440.095916 1002.394161 1228.201676 877.854965 284.905222 31.603969 44.101513 42.433816 40.220364 31.474378 45.937482 78.561219 73.672643 38.683647 12.705716 31.714586 57.745685 66.045921 61.042144 116.372317 201.332812 261.398641 260.148562 176.256954 115.284182 261.972845 609.141118 835.610969 756.769598 433.985833 153.899595 74.198908 120.432263 199.209552 251.580227 236.319068 201.098679 205.340000 190.514054 147.906286
0.000000 0.000000 0.000000 0.000000 0.000000 12.585503 28.631119 15.639860 0.000000 0.000000 2.866692 23.337942 43.497363 50.799782 57.438688 56.911694 39.216009 9.988588 0.000000 0.000000 7.091436 39.857715 139.657969 702.151323 1515.106632 1826.844111 1384.666298 577.766335 135.124699 131.886143 96.934577 45.143572 54.644677 110.656674 159.938580 146.512485 79.036418 60.980942 91.272269 104.220307 95.162395 72.671847 131.683080 218.835325 289.607673 292.987038 213.060305 155.655126 194.175626 360.869172 499.850931 418.362353 192.936049 65.073446 53.699390 82.491638 134.916951 161.433994 132.707244 106.309859 116.549079 98.525828 68.850890
5.497454 0.000000 0.000000 0.000000 21.013940 92.549752 130.752405 100.358279 28.979786 0.000000 2.738961 21.197164 38.394549 54.437737 58.618691 45.739825 25.746532 2.937825 0.000000 0.000000 0.000000 0.263270 72.258065 591.981575 1385.777643 1684.332559 1276.843129 554.514757 211.601513 216.402244 153.707762 69.883072 73.283341 147.734916 194.303442 165.256553 99.680950 104.843454 150.619164 162.642093 132.224708 77.236155 82.211943 141.787128 205.085156 229.816169 190.801830 177.372046 180.444230 179.339184 179.944758 109.277559 35.344417 25.134966 52.860525 102.483959 137.507291 134.108070 100.195833 55.657973 41.207564 28.432953 10.106978
19.104840 1.196781 0.000000 0.013469 55.433612 155.973149 204.578298 165.985443 67.806993 0.343170 0.028601 9.723025 24.268715 44.080382 50.105632 40.928599 25.444340 5.099386 0.000000 0.000000 0.000000 0.114307 20.430782 260.928527 732.383539 922.182052 643.548298 263.201250 222.910102 239.745245 163.618110 83.793691 85.194876 140.089623 158.730456 118.053424 71.030227 108.497774 168.386965 185.016068 139.831027 71.379150 38.839414 42.709532 82.313425 128.011706 148.539643 149.274402 146.532907 131.994995 108.122869 76.472106 72.319068 59.025017 57.084966 106.053528 145.420080 141.196743 94.350884 34.902794 7.723901 0.163425 0.000000
22.197837 2.797665 0.000000 0.004129 50.221966 147.052012 194.305119 156.717670 61.902075 0.110855 0.000000 0.034079 3.683761 18.408479 30.139996 31.231036 18.063590 2.143506 0.000000 0.000000 0.000000 4.805729 51.588452 169.718476 264.408229 236.634121 136.177348 117.394821 197.080231 208.515481 132.651304 83.511100 85.719175 102.939455 92.731837 48.759965 32.137437 76.174034 139.712924 162.378108 154.085089 113.115053 65.435342 41.890267 72.078521 102.262756 103.995069 83.971884 76.487061 105.549209 152.829799 194.824747 190.015415 142.168041 81.472949 94.954258 127.210676 105.366392 58.369747 9.567266 0.000000 0.000000 0.000000
14.601543 0.645706 0.000000 0.000000 12.451346 72.858687 107.005213 79.627307 18.337379 0.000000 0.000000 0.000000 0.000000 2.823103 10.480023 11.200081 4.033297 0.000000 0.000000 0.000000 0.000000 19.904359 252.668512 479.760390 480.718417 272.675243 116.833821 230.773073 383.360791 308.717580 183.501304 165.443649 148.181003 111.553258 75.417621 33.206777 43.480983 130.201780 312.591081 407.975312 341.453452 243.746194 165.065260 108.150321 122.212459 111.414992 91.924457 69.243528 80.104426 161.239426 263.441268 344.253919 308.523715 199.193426 146.926401 139.730004 156.249942 107.802188 23.903650 0.000000 0.000000 0.000000 0.000000
2.263284 0.000000 0.000000 0.000000 0.000000 3.341546 12.626952 4.662725 0.000000 0.000000 0.000000 0.000000 0.000000 0.000000 0.000000 0.000000 0.000000 0.000000 0.000000 0.881117 16.313865 147.401611 517.320761 759.981532 707.202881 428.628305 303.245347 838.587281 1219.752854 1068.336691 566.350263 298.392209 246.586188 155.208415 90.029306 62.805642 125.881623 437.452615 758.297842 867.623082 682.697296 378.579663 225.779264 148.270863 134.164621 117.488782 99.304700 80.950472 120.315298 212.030235 305.329294 367.934266 312.671574 193.270873 173.682993 196.029861 216.519667 150.726752 38.648436 0.000000 0.000000 0.000000 0.000000
0.000000 0.000000 0.000000 0.000000 0.000000 0.000000 0.000000 0.000000 0.000000 0.000000 0.000000 0.000000 0.000000 0.000000 0.000000 0.000000 0.000000 0.000000 5.643290 24.699343 106.589025 290.748323 647.129716 824.047594 686.159275 399.708976 515.892359 1351.503360 1868.082483 1701.793792 990.176636 391.986674 268.086109 155.078798 75.665925 79.291535 203.588797 624.505612 988.897003 1059.354056 787.937290 380.476034 177.692962 100.593883 89.567208 76.223493 73.131599 75.408347 107.533656 172.399107 222.257470 250.766277 196.573687 117.434712 150.779523 238.731621 274.949546 199.414577 74.429540 5.635444 0.000000 0.000000 0.000000
0.000000 0.000000 0.000000 0.000000 0.000000 0.000000 0.000000 0.000000 0.000000 0.000000 0.000000 0.000000 0.000000 0.000000 0.000000 0.000000 0.000000 4.608228 23.926544 59.646743 182.547141 325.213106 529.229048 606.820081 430.586951 180.759364 420.540055 1261.963831 1772.578816 1602.479325 903.407322 309.911156 182.864177 82.851092 35.864253 49.503511 155.675689 498.463447 812.878607 814.375377 538.190743 187.916733 69.228322 26.424999 28.722121 22.591636 25.375874 45.798071 52.576555 67.592106 84.477676 84.426190 51.297430 59.476968 117.891113 270.949224 348.388661 252.720413 101.059617 19.722767 0.000000 0.000000 0.000000
