WorkingVersion/ascfiles2/tmp_kdeout21.asc
ncols        704
nrows        293
xllcorner    827.296065
yllcorner    924.742280
cellsize     0.500000000000000
NODATA_value -999.000000
[rows 56 to 83 of 293, columns 126 to 188 of 704]
25.344264 40.543239 38.664882 22.700258 22.323661 59.979662 82.066826 75.832083 59.343307 38.078678 29.969195 40.179886 118.159519 177.045830 157.250561 96.158079 27.460866 0.250319 0.000000 0.520226 14.426237 29.456663 31.942087 81.935469 345.913838 650.399125 702.696578 512.988049 264.663704 198.510344 291.416402 602.513427 920.240439 1238.613162 1384.337771 1471.435926 1284.090524 814.889973 765.144992 1391.789504 2473.876163 5068.589364 9167.183271 11762.813314 9053.468135 3610.773768 3107.746237 5145.675488 6370.805894 6811.160094 8027.374178 13594.427247 17474.085271 15098.125269 8192.220879 2185.807558 1157.615089 1873.351520 4008.534226 7733.774617 10705.782521 10341.298678 8268.596338
68.561374 78.263828 49.861326 32.476655 38.260784 73.335421 85.705970 78.948348 80.485988 76.260310 65.575088 42.898039 59.048179 102.417989 104.641990 58.600358 9.026568 0.579262 0.317823 2.320633 21.162616 38.806608 49.155996 101.822610 297.915143 601.932890 823.969388 771.347562 425.442158 250.180802 863.112478 1855.907799 2459.386633 2319.666152 2134.952788 2405.627938 2219.358549 1774.995883 1344.290441 1845.806658 2900.360907 6982.526820 16530.237984 22374.132091 18907.946705 9595.813821 4783.275272 6443.837322 7318.620850 7227.400412 10518.480033 20413.551541 25995.718484 22345.687062 15106.803881 13289.328264 12733.544659 7790.455024 4223.600300 4601.479418 6146.266763 6106.461728 5634.404570
112.741815 114.892800 70.756471 35.631267 40.096595 59.207258 59.775669 54.081335 95.868790 142.852484 122.890315 59.220826 21.289521 33.985535 30.298235 7.396959 8.059337 16.684718 15.111556 9.588788 24.683618 54.291017 83.806120 113.849311 275.290286 939.009481 1710.267154 1753.725230 1129.398412 523.811719 1656.484322 3063.738851 3617.595263 3142.334582 2709.009201 3036.106370 3378.165978 3318.141310 2557.090395 2295.949913 2965.714636 7845.358308 19868.862157 27303.440292 24170.096309 13884.316525 6304.380173 6445.507364 6943.112279 6672.273348 11624.734480 22070.839107 28122.475106 26794.767859 29853.847478 41657.596309 46172.891928 32224.913510 12018.665579 4844.082078 3453.247096 3190.625940 2433.229297
122.144188 114.847763 65.511849 29.789789 37.360144 36.403998 23.102443 98.439322 417.582545 619.096569 435.192369 112.322212 25.307186 18.076859 10.361270 16.518955 35.793696 41.282132 47.700127 69.026212 104.731163 173.167999 185.861631 182.993764 543.377867 1697.236153 2746.399434 2737.621534 1789.484730 896.526258 1729.484646 3091.003134 3455.009613 2679.514055 2124.657679 2577.647588 3397.517282 3786.081154 3218.640621 2700.950927 2800.364641 6154.008267 15971.577989 22701.045005 20611.547552 12234.577490 5566.175038 5688.593281 6000.149413 5999.455598 10731.864538 18133.334658 23042.123488 25311.607881 41196.601321 66058.464041 74847.159594 56526.563145 25771.571451 9505.182211 4682.600754 2030.192182 1447.667677
88.386500 80.903776 37.599187 11.526656 21.036312 21.020566 24.824561 542.421220 1772.224467 2490.893282 1555.716912 418.167573 57.074796 35.506785 36.260662 44.008772 62.955934 63.442657 79.305455 125.892880 195.795072 276.386100 270.478091 320.760929 813.738468 1943.442063 2949.064490 2905.388134 1910.887737 865.317419 1090.114565 1981.918065 2179.171698 1459.814999 899.711800 1454.549693 2315.089950 2826.171583 2810.946801 2679.161482 2341.195611 3416.553341 7785.155651 12057.040723 10799.586526 6060.322667 4588.404184 6013.346850 5879.367634 5773.916872 9189.710054 14208.735696 19584.675196 23386.318322 40885.510963 65837.462174 74788.422793 58420.690245 30293.264429 14432.138666 8485.922394 3922.668713 2264.495539
27.617275 23.996652 10.148753 20.845884 46.260437 60.710378 164.831139 1848.235602 5519.925916 7330.478242 5448.567040 1621.545513 98.702959 43.292486 58.728928 68.734565 79.384134 66.324899 72.652000 122.025739 190.452824 265.404316 264.415770 314.419512 717.659919 1448.278874 2175.188236 2028.074989 1356.764841 770.604115 662.844749 740.470231 694.232636 425.202628 317.066589 568.681773 898.094839 1337.018880 1824.180603 2151.703588 2263.909892 2464.398216 2758.020746 3303.070625 3058.658589 3876.089501 6704.024260 8328.777756 7380.675803 7464.240840 9998.024542 15910.149494 23185.055737 25286.520730 31700.025742 43305.629918 46367.868177 36696.547878 22683.078317 15541.024613 10692.325879 5450.179466 2913.419434
21.715475 92.602620 133.622096 127.082024 137.463013 172.320462 339.470885 3293.954651 8434.712623 10909.155178 8597.333286 3327.576711 189.068290 34.402985 55.137004 69.864841 69.984550 44.987101 29.193541 62.607862 99.225718 137.302362 143.361850 176.421826 566.252416 1165.944227 1408.001172 1291.185332 1526.624604 2453.881446 2353.730829 1260.122498 329.476935 371.165214 538.104248 568.489315 521.809429 762.216394 1311.922947 1727.560994 1985.701656 2139.477169 2130.668994 2293.913968 2702.281754 5600.211471 8999.163119 10020.800961 9565.817394 12091.091319 15240.650664 20558.418756 25457.205529 27168.959394 24131.019392 19695.936477 16011.458743 13754.492921 12467.821892 12160.945162 9280.167367 4737.063428 2957.250615
94.591824 216.520016 275.445296 266.363339 242.551630 246.493629 295.546661 2947.282243 8130.252120 10738.728606 8571.102918 3430.160359 188.809079 14.169407 31.037686 48.874620 46.215192 22.477897 1.460904 7.545305 20.684062 24.861255 42.048710 160.125732 689.671334 1245.275260 1560.644367 1957.502326 3567.568348 5247.683921 5069.845418 3118.982480 1074.567860 847.898272 1108.944221 1066.535576 1030.037561 2101.343233 3346.883845 3247.534882 2248.193127 1727.271321 1882.331277 2088.490033 2769.652920 5523.891262 8324.704496 9285.124550 10701.536950 14420.761922 17925.277114 20593.125609 22251.932833 22708.899280 19784.824619 11798.884959 6342.969959 4543.143104 5849.248928 6700.970779 5100.328485 2704.763653 3358.460369
120.419034 254.393483 305.657445 284.865915 241.818927 231.215490 181.109684 1214.064651 4867.319487 6985.629591 5523.005867 2007.745857 90.923807 31.951805 46.400326 39.291866 47.962149 62.194225 46.144777 21.512282 36.653101 55.608315 121.853895 282.067903 921.916633 1452.523957 1841.055883 2522.093898 4471.804512 6252.420588 6040.986359 3852.735221 1569.816080 1156.298236 1433.230523 1433.963310 2003.900664 4055.850766 5719.844347 5458.753230 3535.905624 1699.440494 1490.640162 1751.686361 2245.335340 3520.207711 5977.530359 7386.030869 9334.645955 13076.235175 15892.285197 14268.117958 11905.515076 12086.779642 11734.620622 8220.107930 5183.784445 2739.112392 2178.964943 2397.509160 2210.751065 1849.067255 5354.416194
70.755919 189.075539 236.500337 209.183770 170.497967 167.373372 138.216152 286.458289 1405.817723 2539.538750 2041.222609 780.088200 114.692531 73.931669 71.809793 69.022496 101.639177 140.506596 136.637041 97.906819 79.974652 124.947665 273.318611 924.636585 1735.175239 2031.657799 1769.898339 1925.733998 3309.834286 4829.247276 4583.894449 2765.280904 1100.937749 1054.194856 1289.529283 1290.471441 2060.305744 4389.061243 6110.811177 5993.682659 4101.160438 1981.745829 1551.645902 1648.564782 1956.912494 2366.547457 4185.633483 5656.092173 7268.250393 10023.267812 10380.878757 7868.961782 4178.430941 4454.023480 6209.595021 6082.736486 4062.682065 1845.061689 1198.970410 1344.404612 1650.355126 1936.086215 5488.235835
22.022914 112.722844 209.711851 212.610076 177.740347 151.317102 111.866769 118.645318 540.361894 936.422847 855.163418 381.408054 100.946867 86.038421 81.999859 89.836907 153.350683 223.150750 211.119739 136.191505 102.321710 155.197734 565.891482 1695.811739 2487.429286 2454.742292 1649.763051 978.505047 1499.597366 2337.460072 2244.913077 1566.754941 1060.354039 1161.104236 970.538920 719.985310 1000.690143 2747.334966 4195.929817 4406.977925 3257.296738 1995.338971 1672.824879 1547.786251 1630.996880 2061.564552 3835.568746 5245.659084 5935.499310 6064.607215 4989.479199 3305.598458 2298.211232 2782.686472 3707.915047 3693.071132 2647.642561 2011.347933 1720.936885 1858.301662 2101.188705 2391.935607 4903.060239
45.907955 172.605112 310.417289 340.449535 258.587818 154.984716 96.038292 85.281926 150.801397 279.834689 257.266508 139.471690 56.126411 57.293324 68.094996 96.090062 195.149059 281.896956 257.764447 142.751312 92.398664 134.966412 591.185721 1776.922502 2563.265775 2379.280658 1526.557127 748.813635 924.245625 1175.279249 1411.449336 1804.334781 1787.619381 1532.943842 938.861987 328.066956 289.148443 652.767107 1418.413672 1872.699621 1920.813048 1863.043267 1577.559040 1561.205318 1804.124057 2177.768474 3025.788982 3894.214058 4078.523368 3450.687580 2589.736923 2236.370095 1613.735942 1764.094881 2095.964145 1975.865936 1802.405690 2122.149319 2472.509225 2779.783419 2648.111056 2426.820471 3744.466543
70.677019 230.259067 379.489874 384.151956 261.968843 120.854354 88.536262 101.563393 103.137464 100.975788 85.827167 47.965474 15.395414 24.739864 57.759944 105.436216 209.225174 271.604219 234.634735 134.844928 82.706513 104.027447 285.632401 1174.468308 1943.192139 1888.345313 1642.586908 1410.277204 1541.815931 1585.374568 1975.228905 2458.314389 2252.328983 1683.365659 974.456089 268.161223 182.366072 251.035869 490.613509 982.927336 1556.166443 1698.490232 1446.800299 1554.192880 2730.263883 3841.525054 3674.012112 2626.638163 1574.545936 1339.195075 1984.024878 2285.930593 1975.243221 1629.461377 1466.646454 1198.113053 1407.755232 2294.375355 3800.700371 4627.095259 4080.583842 3078.405215 3214.425389
100.337494 244.320677 352.150425 321.602503 173.124306 140.390550 214.472910 184.629951 150.300276 75.776842 38.319656 21.156065 7.232542 20.033081 81.158914 216.832275 271.342658 261.731183 201.310103 123.761124 92.953900 135.197322 394.107178 1677.387343 2672.801152 2508.299193 2274.413854 2480.769572 2356.498074 2207.419263 2122.146584 2359.092849 2041.183956 1367.509253 786.094909 341.543103 387.197795 503.113784 734.052732 1190.177465 1556.878810 1622.536486 1441.901814 1901.667339 3968.594551 5757.897039 5494.945380 3356.648207 1137.262146 1286.770026 2551.222222 3396.530151 3303.068519 2578.912205 2042.837577 1661.813787 1946.943242 3816.544293 5775.196660 6538.326114 6850.187031 6059.531644 4447.220056
122.673985 219.651221 260.123306 203.422044 457.602332 1085.883418 1287.809677 792.559187 203.794283 78.960396 29.138436 40.240318 37.356884 138.987707 712.209681 1104.025039 944.444808 433.093911 214.394230 153.251966 150.709257 247.619652 1661.422734 4117.567526 5275.326971 4771.476321 3533.168161 3032.112907 2641.764767 2280.272638 2029.994580 1945.631268 1643.588334 1896.119451 2252.894565 1740.065093 902.713108 880.659739 1845.768074 2707.851121 2635.860828 1886.239627 1366.431597 1968.255447 4212.529777 6154.211955 5953.254051 3940.332424 2096.014689 2494.543281 3452.500764 3946.295355 3825.890559 3177.995931 2708.547568 2924.012978 4866.937825 7489.236275 8802.206401 8244.397050 8732.848393 8532.139444 6624.181955
125.689836 161.758217 166.154190 208.639639 1121.767344 2162.051195 2395.894830 1609.136508 439.630293 62.881676 43.550638 78.831391 123.968696 642.599665 1619.374306 2127.507877 1746.574479 843.718137 231.371390 189.588629 230.067763 543.157927 2713.847029 5573.212282 6717.477185 5760.556416 3817.464545 2597.693715 2177.447895 1710.476061 1688.047473 1652.865921 2157.781793 3983.222425 5125.086662 4180.876768 2117.233634 1497.509053 3092.493942 4251.434913 3965.249422 2511.229800 1369.882031 1607.415773 3855.639745 5892.103332 5667.324932 4211.086861 3137.061960 3619.248894 4007.872499 3624.182886 3317.187383 3261.394197 3482.402192 4801.637585 7772.495448 10057.650558 10264.912503 8565.350023 8010.928792 8230.220337 7004.576567
79.482640 92.314650 86.669134 197.710019 1289.179317 2378.828439 2590.474617 1727.538743 448.079600 23.902901 52.705811 136.928094 296.443837 997.503296 2081.020069 2622.436632 2070.429309 959.450124 238.866907 227.434132 371.075297 773.618048 2459.113468 4803.285535 5683.553876 4564.457784 2489.003928 1479.313301 1174.214142 965.233547 1075.295517 1227.847221 2620.886340 5301.541220 6622.691634 5376.263268 2664.128943 1532.031689 3301.130963 4610.015540 4441.794934 2875.451528 1516.512028 1846.706595 3506.532824 5156.345552 4979.384744 4237.041332 4251.233752 6502.135457 9191.599679 7624.213470 4484.631700 3455.513238 3753.679055 5359.444702 8824.553247 10518.259221 9113.598604 5929.722566 4678.451509 5493.840402 5290.213615
15.013514 14.360615 14.051330 36.808616 739.723217 1604.608998 1740.454272 1031.503040 145.254572 1.474032 49.646923 164.512119 364.064353 940.125071 2830.713386 3905.019095 2954.089825 901.672969 193.422942 241.412251 465.500874 893.716658 1423.041672 2584.723253 3202.462719 2797.357147 1636.020046 1155.958383 879.934831 792.555629 842.481349 1072.055496 2121.941382 4411.453913 5515.155607 4316.037833 1842.324730 824.232791 2319.214095 3521.312051 3490.816801 2311.877364 1522.519901 2011.027186 3877.001194 5297.615628 5001.618752 4377.435688 6971.279823 16553.461298 23369.774238 20527.838394 11113.308851 4834.095471 3951.371281 5176.824540 7808.753343 8854.347182 6928.126845 3441.205300 2731.484156 3519.933972 3346.142248
5.603030 0.822683 4.142140 7.724802 80.919376 423.114026 515.445394 230.989762 47.483086 9.012047 22.395438 118.984706 297.229513 1363.675308 3724.966176 4965.924309 3955.087417 1608.498817 178.959658 221.172124 427.559994 772.646031 984.976884 2543.946021 8905.129584 14201.549485 10619.957337 3587.097957 1191.718898 1008.313106 992.340113 1013.737339 1256.585088 2191.758068 2749.592030 1909.965908 590.798887 260.205923 916.075408 1682.377438 1903.912413 1510.920231 1471.544447 2343.595617 4531.716460 5923.491103 5210.287252 4188.632272 9623.307520 23894.933176 33269.650788 30385.178914 17422.294740 5989.470399 3884.249753 4806.089013 5885.640764 5924.104074 4573.985328 2819.063387 2544.078828 2727.182973 2505.315811
28.219654 28.950519 29.832447 24.622361 34.724478 129.879074 212.367294 192.888697 158.230690 80.757673 47.324550 102.358116 221.765026 1456.515243 3823.661419 5009.879911 4185.990792 1950.985871 230.396133 254.517198 378.669084 550.428007 1710.913116 12277.386348 34669.876569 46646.695009 36643.544623 15044.222675 2805.401895 1579.159174 1412.385383 1317.858106 1218.172390 1050.557397 1034.873116 688.689840 312.844442 264.438291 535.675832 854.314266 1022.683695 1067.989640 1459.037273 2579.030770 4409.049173 5477.801547 4740.570396 3705.846184 8630.008097 21786.145221 30787.662247 28179.050739 15700.870488 4927.641098 3114.430271 3921.334917 4690.165246 4571.199226 4008.795521 3249.707950 2857.977383 2166.575600 1706.478043
55.880126 69.233693 66.724236 68.371959 243.048240 553.322908 767.369221 548.821071 237.699796 176.534915 133.622649 166.577419 206.980148 844.880281 2784.685415 3817.257117 3036.749571 1199.243051 294.470777 386.421906 436.667661 687.265757 3898.403244 23259.634032 54410.188038 69288.797248 56134.323871 25930.083657 5397.020180 2300.687105 2123.832533 1813.872340 1516.970514 1244.885914 1058.608396 898.715117 600.677651 776.519762 1193.593073 1277.897735 1037.599659 757.960914 1374.212701 2392.795724 3866.091662 4641.825410 4144.606364 3486.009696 4955.799834 12066.970961 17857.154921 15867.211827 7955.284913 3106.247662 2654.755137 3179.279580 3785.248593 3854.601024 3416.354002 2979.619232 2604.718300 1601.749653 763.317935
80.245175 82.191060 78.033852 135.978068 568.222646 1333.356971 1713.920726 1310.324021 486.101726 187.836131 182.632819 239.951629 327.816945 675.238401 1504.101885 2005.172344 1352.679435 398.085029 437.818422 543.504761 665.716272 966.758655 3710.498374 21230.204322 50351.802885 64121.320584 51279.224924 22839.421934 4687.606859 2592.991504 2460.064477 2029.790691 1646.956021 1452.431679 1280.487841 1088.423968 837.361848 1210.559468 1711.543161 1757.304102 1329.558452 748.892412 918.564128 1524.229608 2314.400096 2928.653112 2878.964532 2917.480537 3203.626938 4003.726454 5643.363244 5022.848346 3269.790808 2359.451248 2317.389555 3140.605031 3552.335711 3535.975268 3284.014844 2514.054517 1633.689881 657.603475 99.030369
96.077190 70.614827 59.931628 107.906198 762.432768 1730.748837 2146.044078 1672.860540 670.325173 131.237260 162.538190 231.249061 395.192994 856.826813 1232.687815 1191.565237 839.378283 493.154500 532.668305 670.203189 791.766052 1011.305000 2105.257531 10943.180008 27836.698470 36096.913250 26191.097762 9450.891946 2620.634157 2256.421610 2087.748824 1730.175335 1472.574494 1379.377424 1301.254242 1141.657920 869.212775 1196.623627 1666.013813 1708.782871 1238.078100 634.279254 684.802683 895.563008 961.435266 1421.830459 1898.750942 2291.876583 2446.300946 2318.692149 2497.975499 2686.784038 2564.929331 1968.329003 1820.214043 2813.341541 3503.181138 3234.182163 2468.801901 1471.786263 615.614739 95.755144 0.000000
87.625476 49.968280 29.310959 14.256326 509.039096 1391.140871 1758.794840 1336.484743 516.741072 55.095089 93.309323 175.145552 290.603864 661.966417 974.395694 942.009893 662.037099 406.856744 440.249894 585.893304 643.591352 826.305130 2912.459604 7217.583418 11185.343025 11209.548242 6775.360215 2975.612608 2146.151662 1632.382177 1270.893713 1189.647769 1136.793007 1128.112946 1275.072909 1325.564942 1422.681768 1722.870130 1701.763392 1387.107167 930.112871 1426.552260 2610.924023 2936.825012 2443.702864 1940.945917 1936.094650 1667.674736 1279.880762 1411.311554 1861.190904 2119.975744 1844.805050 1292.739281 1303.420625 2280.270250 2956.442309 2360.892144 1218.617113 308.811999 25.613426 0.000000 0.000000
73.121784 31.248893 8.250564 0.000000 90.243919 564.885208 838.051827 632.856817 180.493136 9.814234 97.004696 195.936113 238.632446 318.977408 418.115502 369.845578 219.833608 233.174707 296.531799 341.265744 385.435160 922.294391 6307.141095 12104.201368 13221.860160 9740.082048 5432.529450 5336.389967 5547.632656 3234.555337 1549.677289 1461.748922 1430.234364 1587.432804 1996.421971 2784.637832 3502.218866 3783.208879 4013.429144 3036.566427 2044.168695 3109.047311 5014.256005 5970.101824 5441.278044 3727.634319 2724.330035 1847.653754 1178.216840 1515.606323 2153.887280 2324.820146 1689.078459 975.945205 1638.123113 2738.443302 3163.379782 2128.265222 488.039041 3.576184 0.000000 0.000000 0.000000
37.705114 12.897505 0.844107 0.000000 0.000000 25.330036 104.588689 57.824102 2.731694 27.656620 141.542594 237.569536 241.022386 149.518451 43.211428 3.816546 10.505220 84.475726 133.287368 162.131238 505.832860 3672.135667 11308.439774 16446.735479 15746.922960 10891.085361 8112.462623 13757.888150 16484.488910 12261.503471 5203.920681 2261.953605 2080.459829 2168.015758 2623.478934 3888.928441 5172.610705 6727.716881 7488.027876 6140.091237 4189.855539 3995.191710 5663.664607 6854.411547 6315.134905 4433.949839 3158.104135 2044.750299 1466.012775 1851.129376 2260.150171 2266.787444 1656.046181 1343.278585 2799.191442 4222.514764 4225.853154 2807.571062 754.989031 0.693515 0.000000 0.000000 0.000000
5.308481 0.024924 0.000000 0.000000 0.000000 0.000000 0.000000 0.000000 0.088266 21.238363 123.104263 209.941479 207.988257 118.934075 19.068689 0.000000 0.000000 3.489571 49.197827 189.868805 2219.467099 7165.258070 14193.532031 17286.180092 13849.080554 8345.187372 10069.757646 20127.474712 24501.080475 19789.884932 9655.658102 2954.002883 2061.141856 1964.493106 2217.975618 3421.978556 4905.045303 7069.644584 8197.289854 6963.022798 4526.332385 3031.839974 3755.679406 4712.542926 4207.982033 2986.382063 2283.513779 1482.258820 1110.246988 1485.997032 1697.119564 1609.582148 1316.903785 1575.891953 3422.304947 5147.698153 5318.746772 3536.398119 1191.058677 55.323951 0.000000 0.000000 0.000000
0.000000 0.000000 0.000000 0.000000 0.000000 0.000000 0.000000 0.000000 0.000000 4.242418 46.643382 103.130822 101.611432 43.774691 0.126191 0.000000 4.409989 34.834594 133.392028 425.832540 3261.337689 7826.274130 12423.645572 13360.095673 8926.322589 3941.294593 7870.991952 18176.193341 22956.976930 18847.287020 8993.281397 2416.013255 1261.436628 982.410559 1180.201993 1686.510537 2539.574964 4241.588177 5524.714798 4951.064120 3017.763995 982.138181 937.743263 1318.010418 1201.248949 971.433961 740.541623 590.698315 505.025368 551.535796 669.437355 588.829808 643.417339 1610.699095 3325.904818 6350.729278 7506.239264 5328.753362 1919.600894 256.269983 0.000000 0.000000 0.000000
