WorkingVersion/ascfiles2/tmp_kdeout57.asc
ncols        704
nrows        293
xllcorner    827.296065
yllcorner    924.742280
cellsize     0.500000000000000
NODATA_value -999.000000
[rows 56 to 83 of 293, columns 126 to 188 of 704]
0.000000 0.000000 0.000000 0.000000 0.000000 0.000000 0.000000 0.000000 0.000000 0.000000 0.000000 0.162505 5.002583 6.877299 2.435361 0.000000 0.000000 0.000000 0.000000 0.000000 0.000000 0.000000 11.974374 48.208563 95.628752 113.931676 84.122134 37.990158 4.423623 0.025978 15.120939 47.666409 78.093491 108.975475 113.252839 91.951904 68.403722 41.370032 43.513362 92.912090 183.303005 352.684863 581.279887 726.977122 578.902319 242.798770 223.308577 372.380205 426.578817 361.859694 297.451851 499.546773 752.163058 727.099185 434.741451 177.417615 180.396464 295.359720 443.663173 823.594220 1176.221990 1113.244194 737.422178
0.000000 0.000000 0.000000 0.000000 0.000000 0.000000 0.000000 0.000000 0.000000 0.000000 0.000000 0.000000 0.000000 0.000000 0.000000 0.000000 0.000000 0.000000 0.000000 0.000000 0.000000 0.000000 17.529886 56.824635 91.010525 93.990621 64.880458 28.491927 3.901545 0.940139 16.595585 52.242779 101.710443 140.959037 159.988581 148.187040 120.186659 85.157575 60.923466 124.697695 254.881844 494.015566 1104.789548 1482.537425 1256.846652 608.947615 226.762052 350.850940 410.570432 345.753070 354.446442 724.062032 1066.326542 1027.712296 641.629966 308.449123 233.492998 276.085323 265.962763 332.483775 551.126641 578.844686 452.618616
0.000000 0.000000 0.000000 0.000000 0.000000 0.000000 0.000000 0.000000 0.028654 0.330187 0.000000 0.000000 0.000000 0.000000 0.000000 0.000000 0.000000 0.000000 0.000000 0.000000 0.000000 0.004616 14.652492 44.784391 66.774250 98.172851 106.823113 78.389371 47.056350 9.625583 21.588981 51.052701 87.059761 119.439192 146.038836 144.887764 124.954957 104.830489 73.425901 111.689573 242.983503 563.800659 1366.613735 1856.966771 1630.027709 869.477713 221.991002 215.010997 272.486498 233.024799 293.339345 659.168645 999.214553 984.292951 706.191421 502.426416 503.027966 431.595125 242.411688 165.977656 206.356310 250.982074 206.750236
0.000000 0.000000 0.000000 0.000000 0.000000 0.000000 0.000000 2.983520 12.818854 15.885704 8.663138 0.205429 0.000000 0.000000 0.000000 0.000000 0.000000 0.000000 0.000000 0.000000 1.120500 11.319433 24.904436 38.341528 86.023418 171.930953 213.382374 173.821311 88.778738 26.404187 14.651348 35.358924 53.928848 61.343223 79.694081 85.233202 82.400832 81.029235 57.343174 68.560922 174.082768 427.079612 1126.838060 1586.689210 1434.964604 775.385391 158.155824 119.184600 157.148378 162.193614 216.291799 410.367808 622.134730 633.265483 584.934931 649.101520 739.804332 619.920378 360.753534 193.064728 119.488262 93.924730 107.535613
0.000000 0.000000 0.000000 0.000000 0.000000 0.000000 0.152004 19.636752 71.561878 105.011952 57.129553 7.569149 0.000000 0.000000 0.000000 0.000000 0.000000 0.000000 0.000000 0.000000 8.452519 27.177678 36.969716 49.546084 113.434417 207.580008 263.748909 220.044273 103.306520 25.250180 6.145399 14.006736 21.252166 18.654093 15.905513 25.413680 34.790900 35.728952 35.879411 61.712456 113.765895 208.282327 556.558841 877.057394 775.611017 359.955586 165.343946 220.612259 201.057009 204.980482 217.568207 255.928864 327.103387 340.743282 444.293233 638.968127 730.266195 622.919226 409.577745 293.869492 241.429780 197.064200 202.052662
0.000000 0.000000 0.000000 0.000000 0.000000 0.000000 4.864654 97.733327 301.769334 396.477618 286.451029 76.516015 1.166693 0.000000 0.000000 0.000000 0.000000 0.000000 0.000000 0.000000 10.945481 31.520313 41.893050 44.531461 95.928748 170.037512 224.856107 182.007469 74.471348 25.176030 34.445147 38.163417 34.197467 24.189142 11.766927 0.058198 0.872764 9.531197 35.670953 87.649047 139.313440 180.817046 213.370932 244.420635 188.328681 278.646649 517.757549 603.668149 459.497003 319.608494 326.547082 306.565125 331.390861 331.981985 383.095592 452.203133 458.439430 400.911519 328.687057 329.464077 320.537774 273.859052 280.968443
0.000000 0.000000 0.000000 0.000000 0.000000 0.000000 14.034897 196.374013 491.947619 622.379548 483.275620 183.262647 7.069083 0.000000 0.000000 0.000000 0.000000 0.000000 0.000000 0.000000 5.115551 20.863501 30.237509 33.847824 65.858088 123.866489 149.426152 111.760251 98.070639 184.201232 209.560708 152.701491 77.532423 70.552536 69.296305 35.270157 4.354290 25.691842 97.739301 145.056338 161.605841 181.064477 164.231838 126.580296 157.131081 519.959713 884.230410 950.245834 706.354921 501.451483 499.157358 469.079070 399.517117 354.493635 341.537957 269.078457 179.589829 158.280594 191.233964 244.947284 255.812550 230.112324 273.042447
0.000000 0.000000 0.000000 0.000000 0.000000 0.000000 10.978551 180.886098 478.650282 617.836252 486.540184 190.144784 7.946014 0.000000 0.000000 0.000000 0.000000 0.000000 0.000000 0.000000 0.000000 4.361768 30.115778 60.944741 94.908622 120.961219 125.952950 128.706872 242.972232 390.667899 409.454535 295.713658 145.805822 131.961856 147.596386 105.156176 72.429023 256.912610 504.214886 487.783477 265.231312 129.985607 95.797134 70.901204 172.716273 591.560953 968.470849 996.596951 732.936452 522.778494 534.546297 497.427947 385.286541 314.699335 305.771300 214.377223 121.474291 72.935335 72.721283 101.522767 107.040422 119.179426 199.541827
0.000000 0.000000 0.000000 0.000000 0.000000 0.000000 2.284602 68.885350 279.552708 398.673669 309.221743 105.645530 3.946820 0.000000 0.000000 0.000000 0.000000 0.000000 0.000000 0.000000 0.000000 3.802372 40.168666 87.224415 140.233230 147.477542 133.314801 145.894478 283.601983 441.743559 454.329857 314.042873 150.812551 144.998877 185.177582 160.704756 248.341782 724.391550 1104.231653 1004.513110 500.037819 95.782420 28.877949 48.771134 145.857702 430.506937 736.319796 739.679795 510.132730 408.653292 468.176324 386.992846 249.404264 205.141903 231.249496 207.842949 150.843591 81.725044 28.232079 9.311522 20.853807 48.557661 167.519769
0.000000 0.000000 0.000000 0.000000 0.000000 0.000000 0.000000 8.110006 67.670948 130.407695 105.858398 45.888418 8.009232 0.000000 0.000000 0.000000 0.000000 0.000000 0.000000 0.000000 0.000000 2.564094 37.638064 108.296453 173.212962 165.438984 106.394041 84.852647 179.574820 307.781076 312.025843 186.266766 62.965958 111.856040 175.666527 173.200914 376.646915 972.047685 1377.973789 1227.939894 611.752741 78.264090 32.540011 88.745726 163.430409 254.457765 374.675725 372.547039 281.495871 323.558556 338.881914 254.799677 124.046760 126.648039 180.731492 203.435157 162.299937 92.870295 42.247326 11.592394 25.838236 45.108910 95.684865
0.000000 0.000000 0.000000 0.000000 0.000000 0.000000 0.000000 0.927900 26.000587 51.932631 53.431622 30.355560 6.477193 0.000000 0.000000 0.000000 0.000000 0.000000 0.000000 0.000000 0.000000 0.000000 29.287564 109.455692 162.256531 146.792919 74.818086 23.182157 42.093321 92.492426 95.391955 46.464716 23.592067 71.455239 121.591831 123.790938 276.108348 769.535284 1108.381512 963.257786 424.757527 31.279711 52.756378 118.564738 155.148740 186.341923 220.118287 218.870299 241.348756 250.524108 215.557948 145.652218 99.386224 125.217353 160.323257 167.301914 140.807249 129.591654 99.619581 73.842104 63.997083 68.243209 86.696985
0.000000 0.000000 0.000000 0.000000 0.000000 0.000000 0.000000 0.000000 5.601438 18.398481 20.938652 11.815694 0.807951 0.000000 0.000000 0.000000 0.000000 0.000000 0.000000 0.000000 0.000000 0.000000 18.993195 91.865428 143.555519 129.452392 63.753248 5.920522 2.854236 3.527519 12.361339 31.523691 40.020262 50.954533 67.731403 68.521030 109.822893 317.901815 506.368853 416.547675 128.485272 4.831196 50.954118 128.455804 175.657675 194.373986 185.044751 182.786348 187.587092 185.976840 153.375387 114.518004 83.115278 106.384989 116.689979 104.060915 117.853686 154.867249 162.474992 168.129544 141.773495 98.430633 97.854333
2.950968 0.541262 0.000000 0.000000 0.000000 0.000000 0.000000 0.000000 0.000000 1.160900 2.057324 0.118001 0.000000 0.000000 0.000000 0.000000 0.000000 0.000000 0.000000 0.000000 0.000000 0.000000 9.971044 73.359353 131.860831 127.646728 69.990663 32.119718 36.232849 34.339975 37.307861 52.756930 54.359811 40.184386 35.799492 29.239727 24.101354 58.525430 117.258049 97.497428 45.843900 16.057049 36.505400 105.377721 225.725201 333.293438 318.734227 234.925619 133.762992 96.283063 99.011587 88.848270 91.773822 98.158344 100.565316 92.561344 121.563256 171.950286 260.281116 344.690896 294.378987 206.051541 161.951193
22.201146 13.910484 1.689563 0.000000 0.000000 1.775352 2.809857 0.000000 0.000000 0.000000 0.000000 0.000000 0.000000 0.000000 0.275563 1.782664 0.486752 0.000000 0.000000 0.000000 0.000000 0.000000 24.362196 135.386096 226.261376 193.493837 115.121800 82.017446 76.952819 71.958481 55.627716 54.226745 49.149170 27.058287 9.452455 0.136129 0.124828 15.755431 48.469850 76.042326 77.541901 52.111845 45.996458 104.079100 303.428004 501.861952 519.063551 360.753403 158.746835 84.300746 84.936942 97.131307 141.415480 168.809215 182.126107 154.829861 140.779023 220.919076 382.529119 487.983841 532.920453 504.042474 369.850250
39.163426 27.835499 8.100238 0.000000 22.072477 62.395683 67.384800 31.763096 0.223891 0.000000 0.000000 0.000000 0.000000 2.001594 13.488807 20.096700 14.787457 3.098470 0.000000 0.000000 0.000000 4.574508 109.033503 298.958838 406.768816 347.306205 193.400412 122.030025 102.241233 90.400809 57.601846 37.322002 26.115005 7.797059 3.754155 2.410455 0.000000 7.706797 73.893974 142.260895 150.958391 100.903273 61.563846 112.556073 308.685390 520.719869 548.795817 416.233384 236.000553 156.317768 113.414271 127.647609 208.597989 275.178362 323.481657 291.846419 258.092169 316.406803 477.370179 558.942183 701.070971 734.397897 606.646414
40.406586 28.885083 8.670906 5.477340 70.710824 134.708753 141.893571 86.988547 15.017771 0.000000 0.000000 0.175227 2.191143 10.899453 28.866657 38.229403 30.752626 11.973717 0.000000 0.000000 0.000000 12.437989 158.718875 355.840450 469.727958 399.801446 218.159075 119.420876 91.120571 71.804092 39.290648 17.902279 9.543270 13.974099 24.595253 29.371474 19.655766 30.128646 124.566062 215.566252 229.299279 161.199066 78.538516 78.160916 222.309948 400.900946 456.515947 406.306275 303.210979 244.052582 169.286742 136.107478 240.055288 392.489301 487.043335 458.292154 408.812673 382.180017 463.266929 532.735696 676.247154 746.245792 654.362274
25.074605 16.203216 2.545549 10.036263 85.130699 154.277498 161.899107 102.718793 21.760647 0.000000 0.976888 12.234170 20.788017 28.754579 37.115463 41.999539 33.689295 13.783796 0.032308 0.000000 0.373127 22.700860 139.228058 279.511680 357.492166 295.016435 141.826173 75.734086 63.826505 52.914546 27.863316 3.872303 7.103767 27.017450 50.684066 62.838095 49.923559 62.909920 157.039070 241.562975 255.032538 176.412861 75.436185 57.592808 125.822614 230.721686 291.425514 325.396867 341.179219 378.501012 352.673960 264.769972 292.315362 435.644711 517.802820 480.986961 448.909963 396.007683 357.062574 367.669654 442.212924 529.442189 483.206291
4.886669 1.509085 0.000000 1.533264 51.195859 106.965678 113.265166 64.817593 6.647047 0.000000 6.863364 26.308318 38.326172 38.986631 45.379749 44.866659 34.301911 9.163321 0.000000 0.000000 24.127907 70.560458 112.007191 162.843829 170.394738 126.511371 52.390525 44.207690 51.576576 56.473028 45.118254 22.458021 9.892777 27.664946 56.832896 72.923206 59.284519 57.310548 129.051160 189.536174 191.973595 129.545301 58.202648 44.685939 99.481744 154.525064 205.451972 280.953617 399.982269 632.399780 729.122939 618.051640 450.246301 389.212678 407.673933 383.660994 377.112643 344.054670 271.698055 211.811824 272.245998 327.602476 253.925343
0.000000 0.000000 0.000000 0.000000 5.070886 28.937873 32.156331 9.449527 0.000000 0.000000 7.859707 28.367564 44.156613 46.663459 46.368616 43.710585 34.353074 12.838974 0.037894 0.573721 45.326304 104.476928 133.434475 169.771462 336.711268 426.757446 259.103423 51.597282 34.659415 59.180817 65.559091 47.208252 18.493474 18.970069 49.991414 67.987028 53.248728 31.534549 55.016244 96.506608 104.579146 77.403550 76.209718 115.627867 170.779908 204.952549 180.088367 203.908303 398.466000 767.918780 981.513486 890.359302 564.672722 292.357512 237.825694 240.305501 234.824067 215.056663 170.484351 138.350099 190.506282 219.724665 164.219381
0.000000 0.000000 0.000000 0.000000 0.000000 0.000000 0.000000 0.000000 0.000000 0.000000 2.450534 26.843317 48.528030 54.939958 50.304442 42.186911 35.737991 16.300199 0.421024 0.020674 36.560156 91.294046 154.718254 497.780909 1109.488124 1339.627751 941.445653 294.725220 45.504980 68.160547 68.206959 51.743528 31.488142 43.710130 72.133252 72.560592 45.601458 19.830020 31.776870 57.731653 66.045921 61.042144 116.372317 194.235293 244.182241 251.384032 184.507380 142.154642 314.711309 686.279372 925.314404 827.772222 473.725775 189.713583 118.432218 130.232483 158.391049 156.423994 135.129290 122.287535 143.744195 130.041035 91.590978
0.000000 0.000000 0.000000 0.000000 0.000000 11.331505 24.552690 13.474570 0.000000 0.000000 2.866692 23.337942 43.497363 50.799782 55.938014 47.011669 30.087386 9.264953 0.000000 0.000000 8.146915 41.381035 152.135781 783.696567 1660.144066 1983.750527 1485.293682 584.383108 90.213645 81.504326 64.445911 36.951306 54.191926 96.001710 129.293702 112.922673 57.804721 51.001280 79.356505 95.289672 94.002034 72.671847 131.683080 209.492044 262.052159 267.305498 197.415140 147.829703 219.160706 422.813650 578.476624 476.811472 223.388409 104.932461 106.954381 142.545849 163.918937 147.767618 115.154375 96.052850 105.844462 78.082921 42.737967
5.497454 0.000000 0.000000 0.000000 18.284935 76.554769 106.751572 81.426687 23.432280 0.000000 2.738961 21.197164 38.394549 54.437737 58.618691 45.739825 25.746532 2.937825 0.000000 0.000000 0.000000 0.423678 82.927872 662.321116 1536.161326 1865.434426 1399.692001 562.296105 131.369966 111.561135 75.627732 39.060418 70.724423 127.748918 156.133638 123.807914 66.924518 75.819051 118.190826 137.217637 127.338843 81.703376 82.303403 137.781012 185.382315 201.505969 162.715983 155.527734 174.143925 212.106311 248.286323 173.585229 68.685552 70.691472 121.798753 187.395519 194.320809 157.401617 124.909250 83.938589 62.365012 31.717465 7.938521
19.104840 1.196781 0.000000 0.013469 45.923720 126.475062 164.497930 132.543668 53.464444 0.225030 0.028601 9.723025 24.268715 44.080382 50.105632 40.928599 25.444340 5.099386 0.000000 0.000000 0.000000 0.000000 31.853801 318.646745 866.944294 1088.192724 765.810673 290.773626 163.071451 150.056992 99.799599 59.859360 83.435078 126.655572 129.862934 87.974974 47.532388 79.161976 128.635819 165.259948 149.455749 93.750471 51.006252 43.350064 64.929370 102.901407 128.571546 135.390149 139.361023 137.660851 130.547178 92.566589 61.057373 62.207820 96.869009 168.308438 188.777341 148.139833 103.681690 52.091301 22.743092 2.939429 0.000000
22.197837 2.797665 0.000000 0.004129 40.809701 117.726057 154.425439 123.459190 47.679478 0.003373 0.000000 0.034079 3.683761 18.408479 30.139996 31.231036 18.063590 2.143506 0.000000 0.000000 0.000000 5.628004 64.603176 207.710503 349.818053 375.444948 260.811264 178.709544 187.685090 175.684998 117.783155 86.440181 88.366422 100.945099 83.710586 56.251021 61.521463 91.811574 129.266011 156.814420 171.826703 155.080043 117.031417 73.662632 73.038747 77.488874 82.479335 72.134775 71.368244 78.035000 88.845620 108.045165 109.254457 84.662767 67.194723 99.326818 124.486104 95.236698 50.705433 8.748188 0.657014 0.000000 0.000000
14.601543 0.645706 0.000000 0.000000 9.877373 57.242253 83.468596 61.107749 13.011877 0.000000 0.000000 0.000000 0.000000 2.823103 10.480023 11.200081 4.033297 0.000000 0.000000 0.000000 0.000000 17.920734 210.695950 406.062276 440.660244 322.912623 206.225553 256.280153 319.413935 263.225158 197.416027 184.050064 150.014627 110.055434 81.965696 74.263967 114.748129 165.391634 231.973614 286.278735 291.670446 275.230190 234.822208 181.384922 163.999178 108.736561 77.992129 61.702003 59.754288 60.663559 95.119309 161.043410 167.817745 115.875821 73.714176 61.187870 77.641746 58.809921 14.937563 0.000000 0.000000 0.000000 0.000000
2.263284 0.000000 0.000000 0.000000 0.000000 2.258965 8.862719 2.724662 0.000000 0.000000 0.000000 0.000000 0.000000 0.000000 0.000000 0.000000 0.000000 0.000000 0.000000 0.000000 14.504046 152.109967 461.190977 627.970864 560.133012 369.172680 260.254027 516.411817 690.983266 629.851244 415.464503 298.333577 246.802570 155.575544 99.473804 117.565850 205.055883 366.616078 476.948243 510.886038 450.595912 346.696188 281.157487 235.357074 199.612142 137.124461 101.614643 79.980691 83.870311 81.572847 103.114985 160.654442 171.621371 135.095583 102.163149 94.683171 103.550508 79.937746 23.625517 0.000000 0.000000 0.000000 0.000000
0.000000 0.000000 0.000000 0.000000 0.000000 0.000000 0.000000 0.000000 0.000000 0.000000 0.000000 0.000000 0.000000 0.000000 0.000000 0.000000 0.000000 0.000000 5.398754 12.226565 105.633623 328.179814 637.310797 737.959768 549.549120 298.797913 307.944247 709.512893 952.423837 908.053640 616.496377 351.676848 268.769468 158.225972 84.231001 127.834104 248.450250 459.292735 585.801603 578.779675 453.930746 289.051357 201.810920 164.545458 143.258338 100.140438 85.065025 76.254098 85.148138 77.575982 72.776032 105.408835 122.331140 116.975781 125.771326 177.446753 207.539316 158.923985 76.748491 8.208347 0.000000 0.000000 0.000000
0.000000 0.000000 0.000000 0.000000 0.000000 0.000000 0.000000 0.000000 0.000000 0.000000 0.000000 0.000000 0.000000 0.000000 0.000000 0.000000 0.000000 4.608228 21.298062 37.005847 175.004385 381.486538 591.557899 615.594072 383.174156 130.069956 207.808350 609.470022 858.264083 818.074069 536.438095 275.442238 182.864177 86.668412 45.231899 78.609337 180.120474 352.069223 471.648581 428.778785 290.813757 129.033328 69.522139 42.094952 43.697463 34.441872 28.766935 45.798071 51.898209 38.472536 28.952407 39.361619 50.742698 93.350482 157.405697 304.718342 380.124351 286.982960 130.748182 29.246499 0.000000 0.000000 0.000000
