WorkingVersion/ascfiles2/tmp_kdeout27.asc
ncols        704
nrows        293
xllcorner    827.296065
yllcorner    924.742280
cellsize     0.500000000000000
NODATA_value -999.000000
[rows 28 to 55 of 293, columns 315 to 377 of 704]
0.000000 0.000000 0.000000 0.000000 0.000000 0.000000 0.000000 0.000000 0.000000 0.000000 0.000000 0.000000 0.000000 0.000000 0.000000 0.333111 14.886745 35.249309 74.944323 107.632611 279.283571 655.185213 1013.325088 1258.396886 1295.214091 1007.929373 627.222625 321.758977 65.511293 0.000000 0.000000 0.000000 0.000000 0.000000 0.000000 0.000000 0.000000 0.000000 0.000000 0.000000 0.000000 0.000000 0.272559 2.565730 1.522252 0.000000 0.000000 0.000000 0.000000 0.000000 0.000000 1.114787 24.335417 68.246382 96.722914 82.620953 32.074696 3.339959 19.822955 54.856618 69.932587 52.994014 17.412792
0.000000 0.000000 0.000000 0.000000 0.000000 0.000000 0.000000 0.000000 0.000000 0.000000 0.000000 0.000000 0.000000 0.800974 1.220203 0.917411 18.574009 39.791292 80.224069 213.319963 855.618819 1691.691087 2514.152949 2673.843890 2212.499843 1443.936114 596.677565 201.524402 18.242545 0.000000 0.000000 0.000000 0.000000 0.000000 0.000000 0.000000 0.000000 0.000000 0.000000 0.000000 0.000000 0.000000 0.000000 0.000000 0.000000 0.000000 0.000000 0.000000 0.000000 0.000000 0.000000 9.203146 40.021971 84.205782 143.973997 150.702546 109.573107 48.098888 30.255513 45.403964 57.670222 41.961185 11.648748
0.000000 0.000000 0.000000 0.000000 0.000000 0.000000 0.000000 0.000000 0.000000 0.000000 0.000000 0.321824 33.014661 73.225125 73.276535 53.348404 72.965201 99.061031 124.689607 437.202005 1407.511542 2519.244491 3486.267205 3527.438208 2582.348007 1508.173853 700.325188 450.151363 220.479867 5.680060 0.000000 0.000000 0.000000 0.000000 0.000000 0.000000 0.000000 0.000000 0.000000 0.000000 0.000000 0.000000 0.000000 0.000000 0.000000 0.000000 0.000000 0.000000 0.000000 0.000000 0.000000 17.768597 64.613243 158.522494 256.985225 289.371517 230.425041 124.642440 48.760255 31.125572 32.214405 22.180486 5.366551
0.000000 0.000000 0.000000 0.000000 0.000000 0.000000 0.000000 0.000000 0.000000 0.000000 0.000000 28.150459 148.056787 235.948507 246.578745 228.353919 306.369317 505.650113 522.103591 637.327968 1318.641656 2250.057744 3009.270624 2917.621526 2022.007975 1362.364256 1300.904961 1561.891235 1176.452804 356.530011 7.114682 0.000000 0.000000 0.000000 0.000000 0.000000 0.000000 0.000000 0.000000 0.000000 0.000000 0.000000 0.000000 0.000000 0.000000 0.000000 0.000000 0.000000 0.000000 0.000000 0.000000 13.461002 60.792280 163.054645 269.845820 310.417398 254.892958 139.900847 46.119028 15.615472 11.349700 5.873876 0.000935
0.000000 0.000000 0.000000 0.000000 0.000000 0.000000 0.000000 0.000000 0.000000 0.000639 7.191860 104.166103 292.869044 404.028514 430.582915 478.397498 775.509260 1120.220820 1058.986630 780.013366 814.120151 1166.299077 1459.366987 1362.367452 1080.694762 1262.928713 2183.742848 2794.786618 2223.012356 984.131011 139.149500 10.501693 0.000000 0.000000 0.000000 0.000000 0.000000 0.000000 0.000000 0.000000 0.000000 0.000000 0.000000 0.000000 0.000000 0.000000 0.000000 0.000000 1.485578 2.075546 0.046138 3.915916 29.557610 85.514421 161.071275 196.040954 161.940865 78.900361 27.462100 2.595733 0.000000 0.000000 0.000000
0.000000 0.000000 0.000000 0.000000 0.000000 0.000000 0.000000 0.000000 0.000000 5.940154 40.227610 196.580042 395.262721 472.870251 513.613877 690.975178 1364.547346 2095.379165 1779.815547 867.131128 364.092592 247.552620 362.989059 911.180836 1871.230252 3355.385445 4607.833988 4547.541083 3394.958424 1573.070034 442.539092 104.604373 1.081156 0.000000 0.000000 0.000000 0.000000 0.000000 0.000000 0.000000 0.000036 2.178413 6.739770 11.997023 9.913648 2.255273 0.000000 6.892550 18.446257 20.400970 10.829792 0.381029 3.456091 15.917951 33.735101 43.347927 30.429770 14.305200 4.027479 0.000000 0.000000 0.000000 0.000000
0.000000 0.000000 0.000000 0.000000 0.000000 0.000000 0.000000 0.000000 0.000000 12.334472 126.207181 330.160087 492.163236 514.515623 491.875335 1013.986882 2631.424408 3718.682495 3161.930040 1439.638886 238.840199 169.737098 656.360639 2197.421914 4646.706153 6796.172686 7704.256192 6634.403242 4376.283672 2100.201706 754.594352 246.344742 25.599995 14.018223 1.749287 0.000000 0.000000 0.000000 0.000000 0.167610 13.371679 38.512369 64.503142 79.154736 64.495973 29.549555 3.912515 18.094161 52.513382 86.274149 44.770226 5.042863 0.000000 0.000000 0.119616 0.000000 0.100773 1.060978 0.000000 0.000000 0.000000 0.000000 2.057113
0.000000 0.000000 0.000000 0.000000 0.000000 0.000000 0.000000 0.000000 0.000000 19.750772 185.507411 411.628730 583.818853 587.252056 551.401268 1441.234980 3383.347585 4417.594566 3724.740480 1789.552247 305.212358 265.189022 985.702789 2993.910203 6114.150314 9023.308925 9993.998033 8350.161598 5339.739290 2712.059452 1074.160982 455.466338 217.804404 198.844532 99.710184 10.166461 0.000000 0.000000 25.962893 131.157882 192.044743 161.418247 173.658553 182.483005 137.824548 77.343595 17.014774 64.386871 254.142510 351.938969 259.323101 62.234412 0.000000 0.000000 0.000000 25.868560 116.242049 141.785149 71.681891 0.829441 0.000000 0.125950 12.962372
0.000000 0.000000 0.000000 0.000000 0.000000 0.000000 0.000000 0.000000 0.000000 10.300356 151.700440 400.306728 668.153814 739.994836 718.744544 1382.229988 3013.846124 3806.235353 3077.901611 1423.556633 279.009808 342.226205 872.535541 2335.805005 5308.846778 8462.096962 9898.758971 8703.064322 5977.836609 3616.947198 1874.085960 1068.794258 778.699120 568.080727 286.754533 60.585996 1.144840 65.387456 359.744502 670.652386 730.297328 558.880780 362.375350 288.080122 189.976780 96.885041 31.869352 161.365166 437.093355 570.720304 455.920342 177.424513 1.001882 0.000000 2.057176 135.379539 300.416579 340.600274 225.114655 48.895808 0.000000 1.151862 18.651028
0.000000 0.000000 0.000000 0.000000 0.000000 0.000000 0.000000 0.000000 0.000000 2.075015 84.350319 407.758195 812.981599 958.348738 940.199966 932.231755 1623.346187 2073.362858 1511.727985 521.598645 264.507590 559.567655 924.704643 1628.648884 3461.159201 5782.661707 7169.842913 7118.141905 6917.346279 7525.600355 6714.785792 4153.886558 1971.309677 1112.431023 471.760743 89.347059 22.930532 231.352794 760.308159 1188.269810 1219.327856 895.012167 524.346042 316.464950 191.166308 110.778600 65.271973 188.902915 444.915664 567.737272 459.106088 188.305864 4.637716 0.402389 16.968338 192.169891 374.906191 417.453260 288.214867 80.153416 0.000000 0.118261 12.883267
0.000000 0.000000 0.000000 0.000000 0.000000 0.000000 0.000000 0.000000 0.016062 12.945509 62.509567 365.984446 770.872001 936.561243 905.596974 686.153514 493.578179 410.974659 163.894355 104.272098 373.988358 852.295708 1490.844894 2001.078938 2832.433675 4004.319056 5036.071835 6191.581729 9616.797834 13165.491657 13409.616703 9443.964291 4108.728666 1657.476234 548.269009 94.343062 110.064953 428.039699 1049.858180 1445.833253 1322.625171 874.714654 464.504258 265.788855 169.525633 126.108890 105.546686 134.348669 277.961934 352.262927 270.570518 80.400622 3.460877 10.513300 25.546779 148.796869 302.855746 333.578281 217.173063 42.122764 0.000000 0.000000 1.994475
0.000000 0.000000 0.000000 0.000000 0.000000 0.000000 0.000000 0.000000 0.604607 17.114357 61.910532 263.571596 562.487970 667.646825 558.085419 357.890205 216.892346 105.876910 31.110844 104.918072 443.236846 1101.112936 1953.836439 2571.538857 2893.434278 3357.246931 3908.424992 5347.194911 10344.502760 15274.733986 15893.854404 11440.192452 4960.080349 1628.942337 445.260559 128.991021 227.094444 655.702057 1170.068573 1397.016511 1092.389334 526.669124 270.085681 204.703943 155.606385 147.688954 151.401430 130.134526 97.184253 84.221350 42.806308 8.522226 1.563243 19.384572 37.367902 61.595760 141.360963 154.018135 80.988390 13.486329 0.012953 0.000000 0.000000
0.000000 0.000000 0.000000 0.000000 0.000000 0.000000 0.000000 0.000000 0.000000 11.101465 32.898681 87.395629 239.134392 285.771867 179.376883 47.740980 28.564281 5.765697 58.416282 199.785725 543.677445 1135.778883 1803.651839 2263.279819 2425.294829 2570.811483 2932.820283 3834.909898 7727.967503 11754.047846 12059.189106 8252.162089 3152.398109 966.273435 256.860617 160.124049 298.266127 697.942590 1047.839146 1037.923504 669.293634 234.273211 125.731308 133.509481 129.202797 154.247474 206.765648 211.806160 148.096109 57.403341 11.296654 0.088953 0.916999 16.936926 33.937468 46.371297 54.214983 57.745512 77.358178 66.776434 27.568328 0.683607 0.000000
0.000000 0.000000 0.000000 0.000000 0.000000 0.000000 0.000000 0.000000 0.000000 1.182208 8.944796 11.988451 7.950697 10.855951 0.351314 0.000000 0.000000 14.420864 131.199139 306.935010 567.914640 923.187943 1171.500839 1257.548450 1228.625517 1336.714721 1800.354685 2254.916584 3185.685226 4830.990739 4749.706063 2701.582365 870.218360 294.096739 113.035345 114.834690 220.656585 501.793883 734.565797 695.425622 413.465415 156.828204 146.044030 144.995039 135.717503 198.235846 271.059827 283.844057 240.177937 119.654041 24.347310 3.661999 0.000000 5.666289 16.732473 24.129909 33.093988 75.902492 122.023577 118.699634 72.364517 17.158629 0.000000
0.000000 0.000000 0.000000 0.000000 0.000000 0.000000 0.000000 0.000000 0.000000 0.000000 0.000000 0.000000 0.000000 0.000000 0.000000 0.000000 0.000000 16.682297 134.008113 297.833628 473.283803 630.711490 654.610866 517.596804 344.639933 379.711090 673.876644 891.798162 849.609374 672.981625 478.058357 284.670382 120.615924 58.523554 143.696059 194.289192 127.642861 164.770291 286.548787 275.130587 177.832813 175.932296 250.153615 263.701526 239.578885 260.417727 342.992413 337.987603 256.897929 127.152538 28.046088 4.331847 0.000000 0.000000 0.824047 1.372291 9.114924 66.405173 119.927725 126.101495 86.763774 24.505278 0.000000
0.000000 0.000000 0.000000 0.000000 0.000000 0.000000 0.000000 0.000000 0.000000 0.000000 0.000000 0.000000 0.000000 0.000000 0.000000 0.000000 0.000000 4.010003 62.025445 163.554924 236.394165 247.800611 202.635651 147.803923 92.059593 99.560041 123.420784 102.507040 74.335550 77.467726 89.780467 61.112958 42.270851 265.107793 560.031175 612.770471 366.249808 62.546432 12.452662 19.929118 75.817247 233.172611 321.294750 336.858715 302.040888 297.182932 358.437250 309.300075 188.627872 80.816383 19.046196 0.663473 7.402546 37.206606 28.804909 4.815944 0.000000 32.074169 77.818986 89.720654 57.990984 10.567405 14.269663
0.000000 0.000000 0.000000 0.000000 0.000000 0.000000 0.000000 0.000000 0.000000 0.000000 0.000000 0.000000 0.000000 0.000000 0.000000 0.000000 0.000000 0.000000 3.174458 25.067586 33.241902 12.729287 4.727555 13.511013 48.067868 84.697051 97.444507 75.061280 51.143106 58.476961 69.944719 53.621041 94.772445 470.416938 852.292621 904.895534 586.098150 145.582846 0.746799 0.242870 49.063709 186.609128 267.152648 271.325530 257.684684 272.891171 293.195712 207.603796 107.148202 47.177705 22.768391 27.651868 145.340779 231.173671 191.293920 69.957156 2.171281 2.121016 21.293347 27.720891 11.615457 56.372175 161.385132
0.000000 0.000000 0.000000 0.000000 0.000000 0.000000 0.000000 0.000000 0.000000 0.000000 0.000000 0.000000 0.000000 0.000000 0.000000 0.000000 0.000000 0.000000 0.000000 0.000000 0.000000 0.000000 0.000000 1.983181 24.780023 76.139753 103.068184 88.324138 59.314258 37.905258 39.061686 26.849975 63.950948 412.076062 777.581990 827.563928 523.889992 117.769789 0.288619 0.000000 7.443284 69.829212 120.767267 105.609629 131.060517 198.396166 210.155376 142.111765 82.810037 45.554054 39.262979 113.610070 299.430993 410.434897 346.436676 159.249962 13.770603 0.000000 0.000000 0.000000 10.209020 149.060302 306.192138
0.000000 0.000000 0.000000 0.000000 0.000000 0.000000 0.000000 0.000000 0.000000 0.000000 0.000000 0.000000 0.000000 0.000000 0.000000 0.000000 0.000000 0.000000 0.000000 0.000000 0.000000 0.000000 0.000000 0.000000 6.828098 49.835856 83.876758 80.946655 49.964136 14.017908 4.717588 1.443990 5.974454 152.196582 388.034404 422.797421 218.539121 19.926777 0.000000 0.000000 0.000000 5.641616 17.693253 26.586391 73.355389 140.717305 177.260159 147.506041 89.520091 50.784738 43.242530 129.630496 318.254143 427.272675 356.818833 159.066749 9.543427 0.000000 0.000000 0.000000 12.276706 160.301373 322.948134
0.000000 0.000000 0.000000 0.000000 0.000000 0.000000 0.000000 0.000000 0.000000 0.000000 0.000000 0.000000 0.000000 0.000000 0.000000 0.000000 0.000000 0.000000 0.000000 0.000000 0.000000 0.000000 0.000000 0.000000 1.129018 27.260894 53.765084 54.706235 29.299401 1.910049 0.000000 0.000000 0.000000 1.527357 26.605678 34.434700 7.527616 0.154582 0.000000 0.000000 0.000000 5.610407 29.230278 48.594577 89.373557 145.059285 165.191021 126.552473 80.871836 46.408735 25.567564 64.051976 189.825804 268.989419 209.742805 65.074505 0.000000 0.000000 0.000000 0.428397 0.373412 77.529689 199.087421
0.000000 0.000000 0.000000 0.000000 0.000000 0.000000 0.000000 0.000000 0.000000 0.000000 0.000000 0.000000 0.000000 0.000000 0.000000 0.000000 0.000000 0.000000 0.000000 0.000000 0.000000 0.000000 0.000000 0.000000 0.000000 2.704171 14.105340 14.589391 3.371380 0.000000 0.000000 0.000000 0.000000 0.000000 0.000000 0.000000 0.000000 0.100681 5.448345 11.404745 23.876243 127.748628 214.901724 217.951767 146.831154 128.445012 129.945113 96.031123 57.150654 22.292498 2.484948 11.321902 40.360395 61.214801 30.838262 0.000000 0.000000 4.517573 23.202337 30.772215 18.881438 5.870813 40.853439
0.000000 0.000000 0.000000 0.000000 0.000000 0.000000 0.000000 0.000000 0.000000 0.000000 0.000000 0.000000 0.000000 0.000000 0.000000 0.000000 0.000000 0.000000 0.000000 0.000000 0.000000 0.000000 0.000000 0.000000 0.000000 0.000000 0.000000 0.000000 0.000000 0.000000 0.000000 0.000000 0.000000 0.000000 0.000000 0.000000 0.000000 7.992400 32.621549 50.645004 117.526496 269.909040 372.258572 353.869523 217.176511 94.273039 81.166641 84.376161 94.963669 58.531386 8.954854 0.031937 1.838672 6.618478 8.010520 3.110263 8.481621 40.088847 74.800011 77.767849 58.697439 36.678172 26.066172
0.000000 0.000000 0.000000 0.000000 0.000000 0.000000 0.000000 0.000000 0.000000 0.000000 0.000000 0.000000 0.000000 0.000000 0.000000 0.000000 0.000000 0.000000 0.000000 0.000000 0.000000 0.000000 0.000000 0.000000 0.000000 0.000000 0.000000 0.000000 0.000000 1.254755 8.461586 10.562200 4.519036 0.000000 0.000000 0.000000 0.183985 17.174155 54.863809 78.695178 148.488845 295.058878 380.744404 343.760755 196.834143 68.155539 73.226140 155.026468 201.528633 167.879166 73.020020 3.192244 17.827960 35.589505 33.873797 21.729925 24.930612 65.984057 105.078238 104.426553 81.419390 57.077485 40.832769
0.000000 0.000000 0.000000 0.000000 0.000000 0.000000 0.000000 0.000000 0.000000 0.000000 0.000000 0.000000 0.000000 0.000000 0.000000 0.000000 0.000000 0.000000 0.000000 0.000000 0.000000 0.000000 0.000000 0.000000 0.000000 0.000000 0.000000 0.000000 0.048874 25.380688 66.696950 71.473651 35.423174 3.599171 0.000000 0.000000 0.001874 14.309271 50.416953 73.797094 88.482131 177.290751 230.904886 194.903157 87.983708 41.023539 91.404781 207.450470 263.922479 225.099862 124.346250 47.448962 88.659575 104.783077 80.018224 41.095893 32.307177 57.376603 89.210419 85.454162 62.675307 44.905913 38.774153
0.000000 0.000000 0.000000 0.000000 0.000000 0.000000 0.000000 0.000000 0.000000 0.000000 0.000000 0.000000 0.000000 0.000000 0.000000 0.000000 0.000000 0.000000 0.000000 0.000000 0.000000 0.000000 0.000000 0.000000 0.000000 0.000000 0.000000 0.000000 5.803661 71.319218 134.383007 140.406590 85.102350 14.483492 0.000000 0.000000 0.000000 2.789432 22.673216 39.342990 34.022017 26.089428 43.110811 26.325042 21.752335 40.000165 62.637650 158.939795 211.128129 187.684184 112.376750 89.416940 152.025688 162.581620 113.428120 47.032342 20.412512 27.165503 40.095570 34.181329 16.849424 16.913806 21.307600
0.000000 0.000000 0.000000 0.000000 0.000000 0.000000 0.000000 0.000000 0.000000 0.000000 0.000000 0.000000 7.153271 14.635945 8.581724 0.000000 0.000000 0.000000 0.000000 0.000000 0.000000 0.000000 0.000000 4.675636 9.813346 4.280673 0.000000 0.000000 10.602012 83.402654 150.017823 155.859083 96.638814 18.370224 0.000000 0.000000 0.000000 0.000000 0.175247 3.940981 7.428239 5.468958 2.462684 54.763270 122.823841 133.096068 74.199120 52.491707 84.238345 77.915564 51.218367 106.096876 167.127738 169.285850 107.971938 32.397537 1.733530 6.330750 5.986387 0.864174 0.000000 1.101003 2.425590
0.000000 0.000000 0.000000 0.000000 0.000000 0.000000 0.000000 0.000000 0.000000 0.000000 0.000000 9.906647 40.271598 56.206899 43.571731 13.375686 0.000000 0.000000 0.000000 0.000000 0.000000 0.000000 9.539295 38.494929 56.826464 42.996441 9.873518 0.000000 3.144777 50.429881 102.400285 106.630015 58.831454 5.017806 0.000000 2.184312 2.629722 0.100889 0.000000 9.061714 22.474565 25.235452 32.164103 125.558146 219.476866 224.646073 135.922353 25.165712 0.341180 3.075351 22.840626 77.443759 124.186993 122.406982 80.732471 25.397714 8.709019 0.080791 0.000000 0.000000 0.000000 0.000000 0.000000
0.000000 0.000000 0.000000 0.000000 0.000000 0.000000 0.000000 0.000000 0.000000 0.000000 0.000000 22.767600 63.521676 83.195997 67.649746 27.892514 0.084305 0.000000 0.000000 0.000000 0.000000 0.044665 25.517427 77.860691 107.564550 89.772050 37.351849 0.700548 0.000000 8.613375 30.630102 31.819097 10.298976 0.000000 8.303998 20.008416 21.314626 10.974414 1.611589 18.636124 36.571340 40.071174 46.042888 135.118827 225.240091 230.231324 139.985752 26.363381 0.000000 0.000000 6.331164 31.737692 56.204265 69.202753 57.764058 37.931746 22.897597 4.487097 0.000000 0.000000 0.000000 0.000000 0.000000
