WorkingVersion/ascfiles2/tmp_kdeout45.asc
ncols        704
nrows        293
xllcorner    827.296065
yllcorner    924.742280
cellsize     0.500000000000000
NODATA_value -999.000000
[rows 28 to 55 of 293, columns 315 to 377 of 704]
0.000000 0.000000 0.000000 0.000000 0.000000 0.000000 0.000000 0.000000 0.000000 0.000000 0.000000 0.000000 0.000000 0.000000 0.000000 0.000000 1.612519 4.819746 2.799675 11.518657 77.255059 222.637185 364.218798 428.386142 404.181083 286.757296 190.527721 100.653400 21.631676 0.000000 0.000000 0.000000 0.000000 0.000000 0.000000 0.000000 0.000000 0.000000 0.000000 0.000000 0.000000 0.000000 0.000000 0.000000 0.000000 0.000000 0.000000 0.000000 0.000000 0.000000 0.000000 0.580834 9.970311 16.853685 17.726472 15.995764 5.318636 1.253693 0.981272 0.000000 0.000000 0.000000 0.000000
0.000000 0.000000 0.000000 0.000000 0.000000 0.000000 0.000000 0.000000 0.000000 0.000000 0.000000 0.000000 0.000000 0.366555 0.148942 0.030192 0.000000 0.000000 5.817359 83.995468 407.627071 792.179249 1118.286206 1108.589446 852.524773 533.701193 220.042994 92.088291 10.657536 0.000000 0.000000 0.000000 0.000000 0.000000 0.000000 0.000000 0.000000 0.000000 0.000000 0.000000 0.000000 0.000000 0.000000 0.000000 0.000000 0.000000 0.000000 0.000000 0.000000 0.000000 0.000000 0.000000 0.000000 13.499809 63.855539 90.931145 76.050169 34.322694 17.422699 6.745692 0.000000 0.000000 0.000000
0.000000 0.000000 0.000000 0.000000 0.000000 0.000000 0.000000 0.000000 0.000000 0.000000 0.000000 0.006889 8.285134 25.556300 46.030037 43.775356 26.385771 6.273802 33.815252 218.748869 701.988370 1223.278099 1611.893091 1525.409253 1087.703476 653.487440 357.304056 254.326906 106.342286 2.387413 0.000000 0.000000 0.000000 0.000000 0.000000 0.000000 0.000000 0.000000 0.000000 0.000000 0.000000 0.000000 0.000000 0.000000 0.000000 0.000000 0.000000 0.000000 0.000000 0.000000 0.000000 0.000000 0.054697 43.316960 121.335742 161.792378 148.448100 85.616628 35.076853 18.774844 1.712120 0.000000 0.000000
0.000000 0.000000 0.000000 0.000000 0.000000 0.000000 0.000000 0.000000 0.000000 0.000000 0.257670 7.556509 37.666293 87.938412 136.364834 147.531216 147.273994 296.460759 393.441443 467.632857 736.078558 1117.969958 1428.306837 1323.986986 935.052805 700.997666 633.438094 662.724960 447.139837 131.161400 6.207999 0.000000 0.000000 0.000000 0.000000 0.000000 0.000000 0.000000 0.000000 0.000000 0.000000 0.000000 0.000000 0.000000 0.000000 0.000000 0.000000 0.000000 0.000000 0.000000 0.000000 0.000000 0.012345 45.117565 124.510720 166.702279 154.629922 91.388355 38.677606 21.353932 2.548866 0.000000 0.000000
0.000000 0.000000 0.000000 0.000000 0.000000 0.000000 0.000000 0.000000 0.000000 0.839357 18.657141 46.401161 87.677630 135.967517 186.218131 230.140736 430.553224 777.666912 886.909160 737.160076 606.357707 628.093948 731.297307 682.090158 556.882460 635.333793 917.654146 1057.189654 790.873614 353.936415 75.627887 5.668009 0.000000 0.000000 0.000000 0.000000 0.000000 0.000000 0.000000 0.000000 0.000000 0.000000 0.000000 0.000000 0.000000 0.000000 0.000000 0.000000 0.000000 0.000000 0.317953 0.000310 0.000000 15.795435 70.774000 100.614793 89.549584 46.591822 25.383061 11.980992 0.190831 0.000000 0.000000
0.000000 0.000000 0.000000 0.000000 0.000000 0.000000 0.000000 0.000000 0.000000 7.816204 45.484045 89.496937 122.494735 136.129829 180.188891 296.596734 710.655774 1224.294439 1260.767619 854.618474 417.289351 188.859749 227.018368 455.383641 773.195925 1199.961288 1577.535932 1594.152119 1217.528989 598.130884 249.984551 78.559168 0.904561 0.000000 0.000000 0.000000 0.000000 0.000000 0.000000 0.000000 0.000000 0.000000 2.185679 6.765165 2.810762 0.000000 0.000000 0.000000 0.542502 9.521538 15.897281 11.839578 2.093482 0.000000 7.882314 19.034023 11.037059 6.552920 5.908666 0.729267 0.000000 0.000000 0.000000
0.000000 0.000000 0.000000 0.000000 0.000000 0.000000 0.000000 0.000000 0.000000 10.029379 80.456188 149.933225 160.693102 140.683276 143.351903 394.694434 1074.999051 1631.593432 1537.759151 858.075494 239.702219 94.693830 318.113548 924.099175 1720.263403 2329.179561 2513.830954 2223.145488 1596.657844 848.848706 407.737289 202.713073 40.735651 0.269679 0.000000 0.000000 0.000000 0.000000 0.000000 0.000000 0.000000 6.186199 32.065134 45.964321 34.282634 8.314345 0.000000 0.000000 7.355501 25.616295 35.553729 29.337651 11.713112 0.000000 0.000000 0.000000 0.000000 0.000000 0.000000 0.000000 0.000000 0.000000 0.000000
0.000000 0.000000 0.000000 0.000000 0.000000 0.000000 0.000000 0.000000 0.000000 13.297326 111.215261 190.392910 195.245094 155.423060 151.692345 528.181849 1237.662689 1632.923144 1389.775334 651.672437 102.834183 112.399995 439.508411 1274.704774 2336.636520 3127.835228 3290.550782 2728.192029 1887.794303 1105.918926 556.934300 320.543743 106.447524 15.809757 0.000000 0.000000 0.000000 0.000000 11.334187 69.597517 82.607798 55.823753 75.397895 91.446616 66.501142 25.146707 0.001896 0.000000 10.497255 31.238021 42.127096 35.334326 15.604764 0.258667 0.199314 6.578396 10.468587 6.044171 0.054638 0.000000 0.000000 0.000000 0.000000
0.000000 0.000000 0.000000 0.000000 0.000000 0.000000 0.000000 0.000000 1.692812 43.312903 136.124513 210.308992 233.477377 205.424772 211.686318 495.928756 1058.885823 1312.576275 1016.300748 413.632619 74.448656 111.996388 370.593638 1101.931689 2134.689814 3007.834771 3327.896076 2917.868926 2094.950703 1380.768620 907.398950 562.501319 257.842206 68.374241 3.849853 0.000000 0.000000 17.970643 174.924942 371.321830 427.136441 326.571819 181.914233 137.434786 101.730452 45.072653 7.566338 0.314942 5.382770 21.801723 31.032386 25.244609 9.183443 0.000000 7.859414 24.224675 31.276482 23.189118 6.712073 0.000000 0.000000 0.000000 0.000000
0.000000 0.000000 0.000000 0.000000 0.000000 0.000000 0.000000 0.000000 11.575202 64.410135 147.988157 239.411053 314.862770 301.593332 274.612172 308.097483 553.216345 699.032463 496.034025 129.208360 49.195416 143.754081 278.315880 696.274662 1514.269560 2250.545632 2735.776383 2766.349515 2655.191528 2777.955902 2419.697961 1459.699266 542.402993 171.110816 31.442947 1.022640 11.764536 85.932609 351.223844 639.222988 749.172899 606.263322 348.074230 192.777760 119.176217 67.627183 36.645395 13.849384 0.066070 5.297608 10.259810 7.058710 0.439359 0.549908 19.295784 40.355549 43.825947 32.773512 12.250520 0.000000 0.000000 0.000000 0.000000
0.000000 0.000000 0.000000 0.000000 0.000000 0.000000 0.000000 0.000000 12.180579 57.586511 126.951986 216.171506 307.592597 325.673324 286.015263 208.386114 147.735671 136.979665 54.905146 11.490020 63.001372 197.819966 378.059147 734.246888 1279.490759 1850.955430 2383.473191 2760.932368 3827.547762 4737.475937 4524.674140 3040.421799 1107.216452 316.475304 88.462899 18.799439 35.626767 115.318215 380.025370 668.710951 775.377127 636.916644 362.700553 193.288498 114.493131 86.765694 66.572829 36.152970 6.912247 0.000000 0.000000 0.000000 0.084370 11.281818 34.872115 54.561192 50.599250 28.233446 8.771492 0.000000 0.000000 0.000000 0.000000
0.000000 0.000000 0.000000 0.000000 0.000000 0.000000 0.000000 0.000000 3.508421 26.665225 73.911741 138.752781 215.184400 249.500901 207.171910 113.636630 43.222819 19.130005 5.621794 17.196270 112.422903 298.556605 576.425338 971.611199 1312.029558 1621.379324 2081.259840 2557.544687 4101.421747 5427.720470 5263.484809 3646.220317 1377.020974 375.155372 134.141257 75.763191 98.261396 167.417719 294.893110 470.591599 528.582146 405.914743 243.056403 132.337832 84.683052 78.929574 68.946714 43.732348 13.371346 0.000000 0.000000 0.000000 2.174700 20.639428 39.403514 51.087484 41.442255 15.714982 0.951709 0.000000 0.000000 0.000000 0.000000
0.000000 0.000000 0.000000 0.000000 0.000000 0.000000 0.000000 0.000000 0.000000 2.803444 14.036795 38.036678 78.447586 104.634564 74.072761 25.584234 5.136000 0.368192 6.669810 43.560752 160.515071 377.731630 634.336923 927.420928 1107.152038 1180.579984 1423.290476 1723.717542 2997.069097 4132.997944 4007.693811 2663.319767 899.441174 280.402316 133.347364 119.215494 158.070779 220.575655 237.091062 223.781313 211.734523 163.886250 112.750481 56.615732 32.150778 55.391350 85.803460 77.178954 36.757661 4.331321 0.000000 0.000000 1.466998 18.314758 34.812842 36.883710 23.320419 4.309663 0.000000 0.000000 0.000000 0.000000 0.000000
0.000000 0.000000 0.000000 0.000000 0.000000 0.000000 0.000000 0.000000 0.000000 0.000000 0.000000 0.764796 3.057405 2.157831 0.327814 0.000000 0.000000 0.000000 9.450419 56.320927 160.243998 343.864907 486.692320 552.031003 582.666272 556.956806 638.246312 811.724980 1192.785958 1750.292163 1697.655869 934.767120 279.202099 130.371387 90.141124 105.478170 147.034646 199.756558 200.577397 159.830389 120.878418 76.148849 51.700926 32.605897 26.604618 74.219224 117.729221 115.824218 71.926545 19.069355 0.163467 0.000000 0.000000 6.596546 17.548060 19.027006 9.531049 0.133059 0.000000 0.000000 0.000000 0.000000 0.667017
0.000000 0.000000 0.000000 0.000000 0.000000 0.000000 0.000000 0.000000 0.000000 0.000000 0.000000 0.000000 0.000000 0.000000 0.000000 0.000000 0.000000 0.000000 2.305346 33.491604 106.834033 220.070972 295.013035 259.630184 161.231361 92.812918 189.302930 310.663456 335.883592 284.973505 217.899519 130.731252 47.829080 32.472058 62.209724 100.668004 96.127217 103.549083 102.883152 83.127805 65.585047 54.852361 58.675197 66.024437 70.547036 105.892987 132.277286 125.692089 88.383443 28.258595 0.426084 0.000000 0.000000 0.000000 1.061166 1.447411 0.000000 0.000000 0.000000 0.000000 0.000000 2.195812 14.592729
0.000000 0.000000 0.000000 0.000000 0.000000 0.000000 0.000000 0.000000 0.000000 0.000000 0.000000 0.000000 0.000000 0.000000 0.000000 0.000000 0.000000 0.000000 0.000000 3.522742 29.770328 64.951562 94.182604 80.610471 30.327765 3.412529 8.884985 23.275476 21.473435 10.900979 9.425164 2.228698 1.748787 67.570398 159.153901 186.653939 127.519353 29.941296 9.608506 9.658882 19.762290 41.771979 65.941102 88.833377 92.118078 101.045016 109.489482 105.412280 79.327952 32.462925 8.166814 0.000000 0.380677 3.249525 0.885340 0.000000 0.000000 0.000000 0.000000 0.000000 0.000000 9.226091 34.160346
0.000000 0.000000 0.000000 0.000000 0.000000 0.000000 0.000000 0.000000 0.000000 0.000000 0.000000 0.000000 0.000000 0.000000 0.000000 0.000000 0.000000 0.000000 0.000000 0.000000 0.000000 0.954747 1.645545 0.007889 0.000000 6.724327 16.695600 17.066880 7.445694 0.000000 0.000000 0.000000 12.686246 128.570018 252.010513 277.035675 185.453282 47.097549 0.000000 0.000000 11.973672 31.608103 55.735945 77.163700 75.783003 59.018126 49.844517 53.524763 49.939773 35.903952 17.625608 4.403598 26.004729 39.502950 29.413468 6.321841 0.000000 0.000000 0.000000 0.000000 0.000000 25.430438 75.454373
0.000000 0.000000 0.000000 0.000000 0.000000 0.000000 0.000000 0.000000 0.000000 0.000000 0.000000 0.000000 0.000000 0.000000 0.000000 0.000000 0.000000 0.000000 0.000000 0.000000 0.000000 0.000000 0.000000 0.000000 2.150644 19.422643 34.810083 35.345285 20.635778 2.864295 0.000000 0.000000 8.261338 116.854408 236.794974 261.869468 173.885666 42.677784 0.000000 0.000000 3.260433 15.258762 27.756824 35.090223 32.165583 21.068863 13.821097 33.461001 42.288191 34.604266 16.737082 19.229376 56.770254 76.042896 61.756636 24.497032 0.000000 0.000000 0.000000 0.000000 2.174166 48.306337 111.650842
0.000000 0.000000 0.000000 0.000000 0.000000 0.000000 0.000000 0.000000 0.000000 0.000000 0.000000 0.000000 0.000000 0.000000 0.000000 0.000000 0.000000 0.000000 0.000000 0.000000 0.000000 0.000000 0.000000 0.000000 3.359077 22.785192 39.266239 39.834540 24.097623 4.238220 0.000000 0.000000 0.000000 42.765571 123.799990 142.859741 81.752602 10.304194 0.000000 0.000000 0.519929 2.841146 2.753028 3.465234 10.585705 21.573637 41.029020 55.285045 48.159239 23.865862 6.432301 21.989767 62.763655 82.955766 68.001248 28.485655 0.144956 0.000000 0.000000 0.000000 3.371776 54.195683 109.847454
0.000000 0.000000 0.000000 0.000000 0.000000 0.000000 0.000000 0.000000 0.000000 0.000000 0.000000 0.000000 0.000000 0.000000 0.000000 0.000000 0.000000 0.000000 0.000000 0.000000 0.000000 0.000000 0.000000 0.000000 0.564509 13.630447 26.882542 27.353117 14.649700 0.955024 0.000000 0.000000 0.000000 0.290600 11.699776 18.680710 7.206544 0.156334 0.000000 2.580363 14.550531 22.495631 30.155698 30.635967 37.221610 62.902391 87.191927 80.495501 54.790531 16.301575 0.000000 9.179082 39.221745 55.478375 43.384116 13.524525 0.000000 0.000000 0.000000 0.060265 0.733644 32.184832 75.168381
0.000000 0.000000 0.000000 0.000000 0.000000 0.000000 0.000000 0.000000 0.000000 0.000000 0.000000 0.000000 0.000000 0.000000 0.000000 0.000000 0.000000 0.000000 0.000000 0.000000 0.000000 0.000000 0.000000 0.000000 0.000000 1.352086 7.052670 7.294696 1.685690 0.000000 0.000000 0.000000 0.000000 0.000000 0.000000 0.000000 0.000000 0.000000 0.089862 14.037592 36.755760 74.340192 101.053616 98.903668 77.856849 86.126296 100.188547 89.414715 54.724189 14.783458 0.000000 0.000000 6.531787 18.562061 16.239623 4.219122 0.000000 0.835999 9.437709 14.304507 9.268756 6.560613 22.886243
0.000000 0.000000 0.000000 0.000000 0.000000 0.000000 0.000000 0.000000 0.000000 0.000000 0.000000 0.000000 0.000000 0.000000 0.000000 0.000000 0.000000 0.000000 0.000000 0.000000 0.000000 0.000000 0.000000 0.000000 0.000000 0.000000 0.000000 0.000000 0.000000 0.000000 0.000000 0.000000 0.000000 0.000000 0.000000 0.000000 0.000000 0.027669 10.247893 34.096247 72.076127 121.506130 143.853426 135.239179 96.000962 68.727348 77.812499 77.950370 54.044360 14.279416 2.158992 3.187976 6.971746 21.934350 28.795067 21.169972 5.704229 9.019561 26.636065 34.469326 26.351710 8.690785 1.137004
0.000000 0.000000 0.000000 0.000000 0.000000 0.000000 0.000000 0.000000 0.000000 0.000000 0.000000 0.000000 0.000000 0.000000 0.000000 0.000000 0.000000 0.000000 0.000000 0.000000 0.000000 0.000000 0.000000 0.000000 0.000000 0.000000 0.000000 0.000000 0.000000 0.000000 0.022458 0.050413 0.000000 0.000000 0.000000 0.000000 2.481077 14.671526 36.628893 58.844964 93.505818 133.305401 137.474240 110.035451 77.914416 48.240798 59.591336 71.120170 65.407959 47.116579 28.453687 22.488835 26.515559 34.585755 41.801732 32.494630 12.165400 13.282203 33.665888 42.409735 33.346109 12.882580 0.000000
0.000000 0.000000 0.000000 0.000000 0.000000 0.000000 0.000000 0.000000 0.000000 0.000000 0.000000 0.000000 0.000000 0.000000 0.000000 0.000000 0.000000 0.000000 0.000000 0.000000 0.000000 0.000000 0.000000 0.000000 0.000000 0.000000 0.000000 0.000000 0.000000 8.977582 26.197013 26.966931 10.370103 0.000000 0.000000 0.028166 12.570950 32.230284 57.999607 81.501312 88.218262 98.293564 85.930956 61.069462 44.424097 41.880794 68.722519 93.591701 90.478248 76.585099 52.470875 39.349987 37.318551 36.182569 38.457070 29.321962 9.855119 8.054141 24.957393 32.555947 24.682168 7.743627 0.000000
0.000000 0.000000 0.000000 0.000000 0.000000 0.000000 0.000000 0.000000 0.000000 0.000000 0.000000 0.000000 0.000000 0.000000 0.000000 0.000000 0.000000 0.000000 0.000000 0.000000 0.000000 0.000000 0.000000 0.000000 0.000000 0.000000 0.000000 0.000000 3.055213 35.014793 64.631475 65.837613 37.715970 4.499723 0.000000 0.476825 16.550679 35.979273 54.102709 73.470983 70.317718 53.857794 34.452219 17.926902 27.872283 43.236933 72.668249 100.275027 95.743477 80.302129 52.889829 44.415014 42.668128 38.135763 36.935669 29.073939 7.610609 0.340796 7.516000 11.913383 7.365308 0.279346 0.000000
0.000000 0.000000 0.000000 0.000000 0.000000 0.000000 0.000000 0.000000 0.000000 0.000000 0.000000 0.000000 0.000000 0.000000 0.000000 0.000000 0.000000 0.000000 0.000000 0.000000 0.000000 0.000000 0.000000 0.000000 0.000000 0.000000 0.000000 0.000000 8.762981 51.808011 83.238254 80.783371 49.210629 8.969732 0.000000 0.000000 9.879960 25.737932 31.168999 36.090229 33.124532 26.221535 13.894440 3.885756 18.979992 31.248606 48.292454 67.895717 66.937498 52.556548 41.552793 80.018225 104.991995 89.080146 56.165444 34.172907 17.572334 1.211247 0.000000 0.000000 0.000000 0.000000 0.000000
0.000000 0.000000 0.000000 0.000000 0.000000 0.000000 0.000000 0.000000 0.000000 0.000000 0.000000 0.225023 5.853989 8.508461 3.867674 0.000000 0.000000 0.000000 0.000000 0.000000 0.000000 0.000000 0.000000 1.140847 6.832780 7.355497 1.856499 2.684899 18.880502 57.639886 81.709030 68.817598 34.121392 3.317039 0.000000 0.000000 0.593697 7.292880 10.130459 5.686086 5.740696 6.087402 1.189945 0.000000 3.944493 10.049867 21.890365 32.155430 36.784401 24.513199 50.301430 134.578923 181.583382 166.269502 94.510121 40.443871 20.489228 2.059606 0.000000 0.000000 0.000000 0.000000 0.000000
0.000000 0.000000 0.000000 0.000000 0.000000 0.000000 0.000000 0.000000 0.000000 0.000000 0.000000 8.821535 24.159613 29.296972 19.912848 4.261682 0.000000 0.000000 0.000000 0.000000 0.000000 0.000000 0.371252 12.980671 26.509361 27.529618 15.188944 9.694809 28.848949 46.467968 55.752569 37.576348 7.593008 3.183783 2.807213 0.014142 0.000000 0.000000 0.000000 0.000000 0.000000 0.000000 0.000000 0.000000 0.000000 0.000000 3.075118 12.961735 15.993355 9.096648 55.956039 153.404507 202.219298 178.063448 93.404182 27.460121 11.651011 0.103676 0.000000 0.000000 0.000000 0.000000 0.000000
