WorkingVersion/ascfiles2/tmp_kdeout8.asc
ncols        704
nrows        293
xllcorner    827.296065
yllcorner    924.742280
cellsize     0.500000000000000
NODATA_value -999.000000
[rows 56 to 83 of 293, columns 126 to 188 of 704]
9.972410 40.640379 64.125952 58.787150 28.132405 0.820560 0.000225 10.424078 20.191270 5.157487 1.981463 72.198382 215.967341 278.928501 225.269918 151.692209 80.783692 32.226092 27.322010 37.207083 35.380435 27.973103 46.447808 210.838460 623.347651 1124.331042 1295.079991 1061.703593 628.678494 381.444534 541.664186 1046.582641 1349.897905 1529.356846 1726.981317 2035.097710 1892.513037 1242.690609 1220.880937 2022.757453 3055.545510 5735.520867 10062.554099 12329.991042 9239.245521 3599.421033 3124.426082 5424.341747 6910.680057 7786.409156 10430.825869 18224.163193 23889.688401 21035.666467 11614.634476 3328.331208 1375.756907 2413.086613 5626.147146 11456.164688 16360.253147 15692.621547 11937.183188
5.536180 22.605589 35.689810 30.595506 10.831110 0.000000 0.285370 21.154179 29.456714 11.875369 26.158830 81.594487 139.881488 170.913725 155.571819 108.741023 52.433159 15.074764 10.372800 19.444918 17.674655 19.022630 78.742421 289.137925 711.987080 1227.440185 1655.151671 1586.196844 888.597372 483.183480 1373.279724 2738.371508 3240.562604 2724.402329 2580.714351 3196.497708 3155.579867 2364.531321 1634.331724 2351.660058 3720.501424 8929.711732 19641.358525 25751.407351 21014.612721 9975.620171 4751.280522 6749.228780 7970.396465 8474.025831 12724.362824 24006.151117 31139.101439 27620.827525 16631.434630 7266.263816 4140.116675 3546.133408 3713.788840 5297.961158 8275.591951 8657.940750 7870.763976
0.010726 6.239461 11.864603 8.663628 0.989217 0.000000 43.130250 113.562986 152.770655 138.623255 104.376241 113.282405 122.700568 109.287294 66.720914 30.062681 13.146547 0.427376 0.751096 10.017813 16.977583 40.039964 116.651575 287.432926 635.283086 1744.348718 3182.472217 3313.991524 2115.930468 914.590932 2470.688033 4305.070886 4711.896297 3741.583119 3134.128783 3729.970504 4090.789525 3584.154059 2412.629715 2337.976625 3784.865287 10924.535091 25492.097303 33930.000577 29162.555359 15804.991409 6701.737450 6659.198181 7215.684319 7002.517341 10936.979685 20788.179532 27312.548615 24950.093052 17824.532831 12781.012173 11742.862120 8912.482152 4986.682559 3290.029055 3476.034377 3917.483923 3234.633162
0.000000 0.000000 0.000000 0.000000 0.000000 4.247784 87.673124 246.156479 487.064861 545.143435 356.748180 148.878683 96.625845 51.112668 10.007932 1.790481 0.000000 2.764878 41.876619 102.097433 165.971819 218.881193 239.214646 287.667847 802.545113 2745.700418 4659.948596 4792.509548 3180.761220 1478.224745 2482.192086 4274.584603 4500.625361 3176.903322 2277.662150 2856.139609 3499.572185 3466.215006 2654.940060 2344.932855 3317.244116 9179.337656 21959.371791 29971.108709 26410.274080 14858.835198 6218.601357 5565.583124 5636.855730 5208.378816 7322.707062 12205.443397 16155.458516 15441.844555 14408.142961 16636.519430 18111.387214 14389.580911 8704.952981 5376.332284 3196.944455 1701.815306 1599.624696
0.000000 0.000000 0.000000 0.000000 0.154653 2.633003 86.343270 553.813454 1422.711190 1882.565975 1104.210004 278.381444 65.519827 21.871242 0.136881 0.000000 2.375508 42.561202 124.124588 247.781297 355.836206 406.534227 347.290420 363.217415 944.002905 2820.010480 4645.940219 4787.266519 3188.296491 1252.750817 1440.426826 2657.138466 2788.776417 1673.842973 782.156211 1387.282863 2035.807426 2210.101911 2229.161482 2500.064388 2726.588274 5199.610828 11858.026873 17240.158449 14859.440282 7849.148940 4638.394287 5332.427081 4882.388341 4404.022325 5566.874790 7346.102623 9339.621268 9765.993938 12010.793768 16140.770102 17810.143370 15142.693881 11002.977588 8371.247679 5813.903168 3265.116460 2477.315598
0.000000 2.237705 5.141112 18.413383 39.877845 50.035403 157.970421 1487.929455 4351.323019 5715.485426 4181.182467 1170.588517 39.210511 0.617793 1.100146 6.318811 18.933267 70.778836 163.505477 304.682569 415.037110 443.994302 355.466494 293.994349 706.415721 1765.509534 3085.384710 3102.048599 1944.324695 804.615451 660.866940 836.026314 790.621932 415.167343 286.196296 507.570279 761.477074 1053.923707 1596.337736 2400.312694 3011.470187 3538.479319 4341.877987 5188.921661 4239.400765 4116.820619 6399.312074 7625.437909 6175.734813 4893.965094 5861.490960 7956.768611 10390.114918 10450.669351 10787.528590 11298.179775 11190.512408 10701.970086 10682.020366 10387.186574 8491.326867 5351.589907 3772.931697
26.928929 107.133763 146.663994 141.902522 123.821672 160.197063 302.581139 2674.373199 6807.431530 8821.941467 6976.340031 2662.251443 113.537968 1.365370 13.300514 26.130839 38.488836 69.923006 127.972189 233.354762 303.987795 304.003556 243.896337 222.121938 574.147963 1044.211760 1370.342661 1356.769795 1613.919958 3004.644868 3167.026436 1765.525205 378.608442 329.720785 561.684067 647.016661 634.312918 876.694212 1550.001719 2367.599430 2945.937106 3288.562186 3033.309898 2609.219561 2607.090029 5569.264463 9056.736464 9828.012537 8296.993385 7969.768076 8937.685667 10515.169579 11328.277502 11203.001289 9318.409260 6423.818383 4695.148570 5919.872153 8321.518555 9623.320182 8533.790225 5795.395671 4808.602467
108.329814 246.316467 309.852176 292.653370 224.653397 228.945491 297.100122 2472.300128 6889.478046 9181.825906 7440.863421 3070.766774 153.368274 4.686916 23.626536 39.215535 41.373190 49.425682 63.499871 116.406738 154.486505 158.650689 305.619682 549.491651 980.524583 1258.418569 1383.496800 1895.803034 4218.937796 6965.050467 7160.868483 4689.389420 1672.324560 865.439067 1115.607367 1116.435217 1274.733030 2587.145830 4133.386897 4251.706014 3123.330343 2410.591105 2263.669022 2067.559694 2528.521149 5589.154343 8824.720832 9740.501229 9472.440422 9920.669768 11211.769383 11365.786493 10404.473284 9330.310420 7769.783405 4630.825979 2904.064652 3132.490342 4926.439289 6154.274551 5829.046578 4701.814505 6321.161110
138.211918 287.984475 344.306550 317.226565 230.036133 201.351234 187.967033 1080.876086 4424.301654 6443.314029 5255.786551 2065.199471 141.918000 17.447990 37.089121 45.264579 45.522394 34.838038 32.364976 78.394964 133.952775 207.486426 562.525213 1003.354357 1676.855310 1873.194205 1855.917148 2655.257136 5561.182598 8592.164217 8880.567007 6088.586534 2534.185081 1270.591793 1412.564547 1396.415803 2215.865506 4590.921456 6645.583049 6376.255233 4007.203542 1787.180392 1316.964660 1551.426044 1963.261836 3648.226032 6968.556153 8788.663023 9374.767074 10331.258579 11112.068802 9151.314744 6088.847130 4930.078060 4732.754440 3639.452607 2938.857116 2245.593209 2218.731459 2630.804229 3245.821606 3784.198241 8479.586517
115.486332 224.875083 242.163074 196.137080 123.864976 103.086857 88.179699 243.560151 1458.874748 2663.536598 2265.339935 989.637925 131.890152 32.917052 43.316728 52.317811 80.104107 111.871860 113.618565 120.124069 171.109561 285.385681 782.202839 2100.827737 3222.183914 3164.878174 2178.661610 2125.726115 4283.290495 6914.256807 7107.939123 4688.685716 1846.064882 1184.438979 1288.049084 1221.366458 2145.556064 4730.845811 6758.373410 6449.897383 4033.463723 1613.002475 1198.202561 1603.645564 1973.824744 2681.186372 5419.980926 7514.663458 8704.866291 9922.529541 8842.143043 6298.136541 2657.293285 2041.710565 2942.119674 3272.256628 2694.731690 1657.876572 1108.696940 1331.237267 2094.628847 3149.610029 7418.938313
79.067807 116.147813 123.557974 77.103151 46.654733 43.324915 29.648421 51.035034 521.625053 1024.220292 983.730869 450.448491 59.890452 37.986462 41.345281 76.848044 180.678429 262.306014 254.856463 185.995637 181.729229 288.033532 1057.201643 2996.354259 4225.403078 3945.354887 2482.195112 1483.387398 2369.774515 3705.110888 3752.119252 2432.911611 1215.086509 1089.038486 866.661278 658.577256 1002.023588 2793.735892 4390.686796 4330.689975 2782.304745 1476.844765 1458.586881 1813.541680 1999.331876 2561.644219 4964.304177 6956.433497 7939.071162 7540.471390 5578.526855 3664.945281 1887.132042 1472.123658 2037.545649 2333.840965 2163.424361 1962.488238 1858.043741 1996.480964 2476.366775 2958.734368 5702.454620
94.030698 130.521095 148.574954 135.248069 85.380448 28.827510 7.180021 8.685583 83.903271 226.081886 217.530316 87.601376 16.579480 26.435867 57.214984 198.654086 360.141835 415.091375 344.730939 253.438189 216.204839 245.983851 901.553972 2765.079881 4012.529175 3790.428874 2600.981121 1622.542807 2096.598711 2405.503888 2306.008947 2073.053627 1597.403573 1236.217778 730.607712 272.855442 237.155216 588.860128 1289.398315 1553.627241 1437.074651 1451.481158 1499.863251 1867.197537 2235.279907 2412.398374 3557.157927 4842.011229 5282.737366 4590.212335 3427.203201 2630.444440 1367.594122 948.419849 1191.583259 1489.714811 1812.298901 2388.408552 2991.973506 3198.522210 2932.506844 2575.064419 4322.320348
89.792244 162.854399 234.565904 249.904925 172.735372 58.030088 1.875425 3.885928 19.363994 44.554075 43.189947 10.804827 0.969445 18.159975 123.892319 294.047524 448.684495 462.417615 360.927116 303.169742 286.814747 256.296527 385.402956 1690.981231 2974.382273 3038.364074 2642.022026 2523.696478 3019.464109 2931.260078 2797.733131 2602.871663 1969.733982 1349.569426 757.280193 199.734144 142.162313 193.994610 393.460603 728.019613 1166.951026 1440.436873 1418.904520 1766.422040 2801.290853 3673.673606 3448.977883 2738.179460 1842.589243 1785.576914 2608.198152 2609.324313 1724.157348 1180.362006 1281.035420 1527.531647 1996.879505 3064.862499 4886.208249 5824.241820 4886.280794 3633.053073 3942.631179
63.189214 164.022769 271.772935 289.513160 199.950614 137.933295 102.786515 39.843698 56.457489 58.193710 42.819739 17.990657 10.103017 48.086227 186.658679 361.975859 452.003183 407.163584 299.297992 270.601402 361.061368 388.265766 631.673159 2390.827581 3978.004027 3765.558755 3294.254372 3608.123702 3698.300679 3350.132386 2787.030872 2512.322896 1925.452240 1198.327920 592.319364 211.982782 208.067149 285.294803 449.618999 752.605556 1260.189136 1680.418866 1717.908792 2010.852128 3680.849540 5425.412828 5385.652897 3560.399452 1540.830709 1919.018862 3485.686185 4100.052946 3457.259767 2340.381385 2279.627079 2521.825650 3037.994053 5093.956303 7444.539293 8447.276618 9018.461771 8362.647823 6786.300696
68.744802 152.406316 231.216135 229.882907 485.253667 1048.601572 1121.020894 611.660186 111.566222 79.999551 52.174111 17.623417 22.204279 115.006415 474.580059 767.675758 716.455978 388.282195 208.902423 274.711712 425.137783 566.766119 2428.964404 5975.783502 7995.946017 7265.227153 4978.729746 3845.630029 3420.448243 2959.338391 2443.416557 2151.999721 1730.050823 1661.976261 1733.530160 1234.537185 520.037056 541.463635 1541.934814 2412.772138 2611.133100 2186.254232 1948.886679 2217.373558 3873.309770 5887.123475 6098.759750 4489.176537 2719.329081 3339.529412 4724.866028 5105.930443 4424.130027 3316.393289 3423.239412 4177.534105 6068.190908 8820.001382 10497.198632 10394.326398 11812.744144 12387.256896 10654.196190
83.165223 116.802963 137.192730 199.046911 1120.723114 2100.908762 2258.086999 1473.252164 373.552008 69.805979 38.998521 18.266137 71.831945 394.196255 918.771248 1238.525561 1056.313071 516.016214 147.285909 211.557846 410.133549 857.035698 3797.699041 8009.315037 10047.400174 8655.139864 5225.767277 2940.205895 2383.232201 2031.221271 1887.166595 1787.627459 1965.072692 3005.909256 3738.612538 2969.453007 1385.726724 1263.242098 3065.934130 4324.761215 4305.061635 2977.955256 1930.731365 1922.069741 3340.192146 5284.568500 5601.653079 4722.283677 3644.329479 4184.809227 5015.002829 4715.073285 4101.836268 4025.568112 4864.954973 6503.863395 9202.563528 11255.639330 11759.049323 10564.305482 10942.660257 12026.783855 11143.453844
67.431705 90.269738 73.035368 177.695234 1261.616573 2352.288768 2541.401043 1691.593817 449.066781 41.670694 19.493936 64.177032 201.062757 640.354565 1324.852482 1660.214617 1342.043900 622.704268 114.291844 129.366172 431.697419 1054.168033 3418.242920 6747.127112 8247.341864 6655.198221 3235.794954 1383.153996 970.429346 913.761512 1077.524901 1135.567389 1953.157918 3656.778955 4577.619829 3732.502843 1815.163261 1505.289658 3587.398550 4942.569130 4751.597721 3089.153350 1737.359225 1765.630124 2643.600920 4014.013669 4330.135768 4173.946843 4500.600490 7307.836361 10558.729204 9062.186298 5372.288340 4510.654651 5473.450007 7142.875029 10262.737547 11563.377581 10292.358037 7354.343377 6412.800653 7847.125243 8233.577131
29.645936 37.788331 24.243287 38.763431 742.676593 1613.715129 1762.787377 1061.415495 171.907942 57.219032 76.207065 134.588773 280.369121 679.873953 1819.775120 2423.157302 1881.280813 658.702122 69.633491 84.924988 593.809220 1402.065054 2183.819772 3670.065529 4579.837670 4111.662341 2081.189300 914.477625 514.005277 537.166690 738.704096 863.512957 1443.881481 2904.094502 3618.463485 2896.392343 1264.087418 871.398971 2659.083836 3878.101911 3551.506676 2142.841921 1349.458354 1704.170589 2965.210336 3916.716222 3941.243152 3956.016835 7726.587731 17875.455175 25030.821089 22085.902048 12318.223247 6073.430697 5434.024682 6708.598611 9059.896515 9944.795258 8072.585381 4616.054531 3842.781381 4755.717114 5016.690100
5.963984 5.015186 4.706229 23.288196 125.358765 469.761835 529.940414 200.125914 85.461943 178.176326 227.253702 242.532729 288.352641 878.395137 2205.761738 2903.014251 2324.565127 957.496026 69.107942 114.777524 636.890288 1415.864120 1882.255295 4199.324937 14786.889557 24412.080858 18758.028048 6155.263955 1400.643326 915.768958 916.851991 949.086725 995.659690 1490.575157 1768.415382 1264.666546 389.211208 246.947931 1046.839610 1816.813966 1809.907058 1264.804863 1440.312275 2531.851483 4253.814775 5177.122978 4537.422121 4175.714773 10719.631801 25465.180931 35232.701530 32115.837904 18481.046326 6912.756737 4522.824308 5497.339109 6577.604339 6793.196632 5722.254317 3971.779350 3461.486602 3634.856303 3659.052380
2.640263 11.167766 32.064067 76.728688 132.984966 251.251838 218.947557 61.124362 147.010101 340.651748 497.630627 493.267017 404.656934 948.894615 2142.602627 2722.939473 2268.750570 1038.078961 159.971070 286.636332 648.551361 1179.723178 3030.334611 19647.054246 58482.923398 80896.787785 65171.444822 27578.038097 5137.649384 2186.047321 1719.663685 1742.481129 1684.366298 1485.078278 1440.430252 1056.533303 499.312331 373.999092 682.871495 892.199640 974.668379 985.213569 1707.517966 3160.995939 4850.311038 5662.535213 4908.455264 4193.573296 9594.495505 22964.310017 32476.736270 29808.326490 16659.792173 5475.052791 3069.596135 3994.256871 4975.464610 5307.706396 5268.945673 4649.697063 3933.651967 2831.376590 2386.127228
4.345333 22.395418 78.031465 185.166914 563.678541 986.827616 1100.624274 566.710319 181.567632 547.412031 808.624625 846.135711 626.938638 833.709727 1826.021371 2165.733587 1604.556894 693.605991 457.517125 682.847264 837.613827 1300.970343 5840.814378 37938.278412 92920.687433 121077.160606 100417.883898 47918.971772 10435.979943 3978.209531 3134.736227 2743.645954 2756.699413 2765.566705 2558.011475 2183.718056 1447.877307 1450.317645 1824.467618 1676.866042 1162.473226 761.851764 1581.589782 2824.500790 4340.815083 5147.898008 4738.345276 4178.358123 5766.454080 12634.872828 18658.665906 16732.223586 8621.315558 3335.459764 2689.358747 3348.978208 3946.954375 4396.010668 4450.171472 4246.678505 3646.581272 2116.935632 977.313880
43.301873 32.842741 104.440172 320.112792 1109.695944 2309.387048 2696.360443 1877.878966 616.197858 543.949616 828.600142 910.570702 893.034487 1284.774598 1846.239915 1827.832622 1051.503338 600.702371 984.456524 1112.183697 1095.322430 1373.895091 5317.777134 34871.309652 86440.056914 112833.797086 92595.491172 42851.343019 9487.328216 4979.464967 4104.851741 3311.466172 3181.047704 3425.977955 3230.423385 2732.523613 2124.586983 2380.089665 2781.825784 2518.717897 1662.819482 749.372130 854.368433 1517.915938 2492.053691 3230.955736 3356.076791 3517.135730 3615.483108 4580.478576 6261.408876 5657.382202 3627.610383 2268.809947 2305.488728 3153.625971 3372.383837 3506.165202 3663.456262 3315.083657 2284.987249 839.673685 100.913672
121.489170 40.182998 91.135404 254.676221 1381.212397 2937.804293 3480.761644 2616.280416 1015.040029 362.927723 573.462532 666.843885 966.569365 1629.958871 2041.080990 1740.351996 1199.526660 1051.479407 1459.638957 1462.285087 1157.312732 1169.931240 3030.198167 17339.159378 46786.877699 63262.871207 48306.722547 18429.808834 5557.899307 4498.128219 3834.315030 3116.890934 2837.599695 3097.957820 2969.884908 2492.885004 1848.296728 2166.022576 2728.882022 2665.730400 1825.299892 817.903160 469.488207 515.099634 779.426031 1307.290963 2063.017279 2736.589077 2853.020740 2729.711844 2951.508793 3135.713668 2681.583377 1806.252495 1768.705430 2727.282138 3080.343750 2649.738032 2237.823321 1663.498004 810.747102 98.518450 0.000000
143.266128 40.094047 45.807357 78.634473 886.329641 2298.662265 2863.058746 2164.996509 838.280477 121.142186 263.273043 347.074495 632.358600 1359.841179 1748.067871 1466.540513 1124.964240 1173.015444 1476.157166 1333.484995 810.449429 967.622170 3871.731018 9233.185221 16034.790649 18219.653497 12377.107453 6266.376082 4611.582997 3440.387019 2602.830731 2217.470516 2018.447181 2148.971418 2262.894846 2035.725018 1932.272437 2380.255026 2585.950669 2330.631397 1656.698150 1301.724527 1437.948823 1496.536215 1621.796799 1472.509259 1513.558006 1763.557126 1801.829746 2263.311995 2818.275142 3070.408158 2448.017423 1555.308133 1457.772589 2235.283747 2594.481483 1735.257870 805.310979 216.099542 25.761775 0.000000 0.000000
107.008320 28.812103 8.528236 12.782127 141.911137 893.742214 1340.346654 1016.624384 279.613904 14.752045 80.903398 192.651010 336.123870 717.820526 922.083738 670.900464 508.367797 928.696041 1152.431071 888.025383 407.530862 1341.040080 9037.103927 16422.732872 17415.374318 13450.269591 9741.764160 11567.489272 11476.723354 6675.648466 3078.573962 2363.782003 2139.107046 2275.826014 2670.865157 3441.153570 4313.202743 4953.662994 5841.165650 4920.889600 3074.673351 2292.018575 2748.890592 3624.101306 3990.747509 3101.313821 2132.810984 1610.693099 1660.323059 2772.410654 3783.472183 4014.889139 2950.966697 1606.457523 2144.663997 3136.833047 3438.364343 2166.513458 431.563861 0.570911 0.000000 0.000000 0.000000
30.942799 11.824568 0.991316 0.000000 0.642083 44.995519 174.264366 93.936605 5.782418 33.433259 94.984453 174.910879 243.294460 221.843885 169.225912 66.409097 126.695559 471.330047 616.651720 419.936761 878.270080 6616.748349 18667.331296 24856.987876 22726.332029 16523.848364 15758.383465 26539.197544 30556.109823 22200.842712 9165.868274 3373.381647 2827.802973 2782.042196 3318.920703 4865.702479 6697.418501 9433.538524 11104.822218 9625.717770 6152.664930 3185.811276 3196.822326 4523.885746 4956.932981 3979.997175 2750.005485 1814.206955 1930.712409 3024.591781 3804.229735 3900.005087 2865.836663 2144.376511 3787.820908 5241.109126 5082.863137 3310.811974 855.090300 0.907952 0.000000 0.000000 0.000000
1.614779 0.075852 0.000000 0.000000 6.524802 25.569077 37.345475 32.694270 15.207964 29.623785 83.173358 114.333489 132.048227 103.663141 52.001816 23.530301 114.245192 205.933392 276.315150 414.143341 4562.023734 13995.528597 25729.362495 29339.147464 22105.464602 14130.988471 19259.533502 36855.298165 43897.670528 34793.178337 16489.407139 4653.399199 2776.644085 2406.912615 2717.992925 4286.305045 6600.351108 10294.961783 12429.412606 10872.085649 6869.904287 2896.991883 2126.309322 3299.662104 3724.559863 3043.909089 2123.584864 1305.549232 1351.861878 2212.245943 2739.703944 2681.454867 2185.056610 2278.239353 4398.359574 6339.606431 6539.702706 4374.678270 1453.936222 78.277171 0.000000 0.000000 0.000000
0.003585 0.000000 0.000000 0.000000 8.178035 28.750449 41.170850 36.279509 17.491901 9.285937 38.814401 58.070530 43.946513 13.484614 0.408261 29.703879 107.570988 237.515969 373.392949 890.710339 6812.570213 15894.887753 23970.616101 24566.561362 15678.146026 7052.057749 14158.357905 31977.888373 40115.755520 32638.890058 15289.803833 3934.119649 1733.938151 1169.682425 1407.728572 2144.064754 3579.988519 6371.464592 8522.722306 7719.897706 4624.837179 1267.812198 514.223962 1004.402942 1374.169016 1193.379212 735.812328 617.799044 590.331033 799.575139 1092.962858 1000.633013 989.080262 2186.233380 4200.477414 7756.118070 9368.547419 6845.544684 2550.288921 354.405325 0.000000 0.000000 0.000000
