WorkingVersion/ascfiles2/tmp_kdeout11.asc
ncols        704
nrows        293
xllcorner    827.296065
yllcorner    924.742280
cellsize     0.500000000000000
NODATA_value -999.000000
[rows 56 to 83 of 293, columns 126 to 188 of 704]
11.582250 31.034463 42.220525 35.723275 16.066843 0.350567 0.000225 4.198219 6.866837 1.464416 0.081616 35.864444 113.608722 132.444146 80.432444 30.855584 1.809493 0.000000 0.000000 0.000000 0.613888 4.873425 15.519530 61.805575 332.570025 756.500032 894.078214 666.681009 319.311939 209.725388 331.523157 535.396788 620.740290 667.848890 658.653996 691.510150 635.644488 477.840866 606.732968 1178.987262 1846.975580 3326.531210 5556.285533 6558.988835 4831.792591 2007.956582 2044.507526 3369.341022 4096.824362 4218.838347 4623.624768 6972.278805 8588.419221 7481.920018 4182.273982 1373.822353 905.502171 1297.560766 2391.840604 5077.493356 8142.282198 8563.474295 7020.935374
5.681300 22.639037 32.318356 26.667788 10.211463 0.000000 0.000000 0.000000 0.000000 0.734170 0.179492 15.214593 49.534358 68.324706 55.922692 21.815779 0.159212 0.000000 1.583034 12.693218 24.590656 34.899366 51.037666 109.889070 418.160366 886.509483 1216.927143 1100.992587 546.107693 291.385309 750.649468 1320.644006 1513.373524 1229.033555 941.978005 1004.673953 938.137701 814.397962 822.911111 1375.485535 2129.859364 4648.819821 9725.543294 12488.211999 10094.720890 4906.398739 2860.253933 3942.344981 4351.039180 4052.722315 4986.020184 8816.372454 11151.186217 9882.281259 6087.823822 2906.627581 2112.330533 1993.467481 1845.460820 2550.285014 4591.933050 5317.886443 4901.380513
0.015115 6.237655 11.726541 8.430698 0.874259 0.000000 0.000000 0.491462 10.668249 20.531750 13.937509 6.928258 18.876171 29.891795 21.501578 3.192984 0.000000 0.464991 14.468474 46.964743 65.717615 82.170963 111.276021 167.870666 429.290060 1348.388435 2469.245056 2533.201315 1589.383866 649.948143 1288.478109 2111.490864 2278.756633 1788.163747 1258.608332 1274.431832 1384.875765 1420.238394 1254.518902 1417.141313 2115.040695 5311.844220 11870.751039 15579.876912 13324.493245 7419.503016 3541.737787 3602.189829 3734.357708 3305.634010 4332.387367 7801.438834 10122.351536 9325.738679 6783.218287 5181.914062 5264.591559 4403.477201 2714.304792 1817.703528 2044.825540 2505.699940 2043.385138
0.000000 0.000000 0.000000 0.000000 0.000000 0.000000 0.000000 38.599837 183.485316 275.610227 185.373157 29.525200 0.778708 1.943650 0.297119 0.000000 0.000000 3.929757 38.885553 83.151586 114.594010 195.233396 249.524467 272.597107 594.529582 2068.423122 3563.919507 3663.228177 2455.187617 1120.006573 1312.242624 2144.297162 2245.414521 1633.860474 1049.067804 1089.807117 1361.934063 1551.647164 1471.406745 1495.019730 1946.363895 4431.322950 9955.672611 13348.579403 11759.189744 6824.405463 3113.103980 2825.082449 2830.658548 2622.498742 3420.993450 5132.018786 6592.603903 6309.968549 5871.947482 6960.386665 8012.662534 6930.853663 4933.054783 3570.769871 2240.330043 1240.775538 1059.132777
0.000000 0.000000 0.000000 0.025304 0.604598 0.005194 3.076103 205.046595 761.867260 1194.316778 811.125610 209.322101 6.058036 0.000000 0.891090 4.498111 4.614141 19.427092 65.169551 102.774838 161.860853 285.413188 346.734733 375.437853 720.894702 2051.691006 3470.442902 3603.672293 2413.114106 973.801338 784.619302 1365.397259 1462.874885 942.537503 491.966695 613.377538 893.164747 1112.768669 1260.289449 1472.684156 1667.862884 2596.550915 5266.403885 7500.308466 6498.832243 3603.672580 2374.406570 2878.568044 2749.465396 2478.154620 2892.137883 3513.571488 4258.834413 4298.465813 5054.673987 6820.763191 7883.915505 7666.205475 6999.818372 6336.529575 4705.980731 2579.257184 1719.578319
0.000000 0.175378 3.733736 20.352311 31.821262 24.873960 29.170241 720.903738 2592.245247 3605.076021 2780.259060 888.851874 35.192434 1.284615 14.122709 24.353422 28.025553 38.891255 67.995032 91.877409 148.518065 290.060798 378.161687 396.300153 578.559719 1220.789109 2204.519201 2271.197256 1439.885538 562.908652 449.226119 492.493083 460.851199 283.382288 176.356032 260.929193 387.901211 526.922318 776.367065 1157.494533 1529.613610 1766.677500 1955.942465 2217.059742 1957.639620 2195.155670 3467.823493 4273.469726 3698.910378 3125.196561 3249.709505 3807.626346 4651.585684 4559.669802 4608.693531 4765.512774 4970.136469 5903.976430 7343.442864 7941.995867 6485.364446 3702.865311 2243.351551
5.107686 25.288609 51.218701 74.906222 85.417116 78.032844 79.416254 1432.550375 4036.695923 5380.858502 4352.828021 1748.901794 88.713342 6.248706 26.258980 39.705765 42.464281 44.687932 51.353285 64.951841 95.802916 217.423331 315.397172 308.911470 447.822410 710.378321 909.100836 857.567584 843.879754 1457.548033 1505.813963 885.980108 304.886774 263.409713 289.343357 299.413320 287.331211 374.039048 584.146132 873.364839 1215.653815 1445.014589 1444.456565 1377.321848 1600.294861 3229.267381 5105.256074 5659.465409 4974.034682 4932.629980 5110.528986 5266.863222 5089.016952 4772.405323 3989.230774 2839.123765 2150.664895 3474.443404 5824.693342 6984.788062 5878.533488 3300.320088 2260.469979
24.249695 60.101510 96.440174 123.979076 126.033058 106.763752 87.331152 1316.626631 3909.026987 5305.469439 4327.107386 1769.229001 70.720440 5.848477 25.431576 38.686812 36.365136 31.728715 24.327438 36.518744 79.838663 155.811868 236.711643 312.350141 520.664252 747.436190 848.730965 973.831389 2006.879779 3195.584566 3280.049349 2244.948010 950.737334 616.789172 592.104747 485.393803 513.399898 1069.243791 1613.728335 1565.229923 1150.709077 1009.466944 1194.902990 1283.653114 1753.999258 3375.839856 5040.343645 5574.119014 5545.227096 5918.717298 6374.966050 6004.680355 4821.087251 3970.811628 3407.878463 2192.647324 1430.204859 1711.053670 3209.570626 4027.658818 3265.052697 1888.416286 2154.783152
31.065316 70.204974 97.005832 115.254863 110.606418 88.412324 53.864677 559.346985 2374.077230 3471.795771 2777.611841 978.252825 39.614860 0.790806 12.347374 22.348132 40.702669 48.199988 38.130105 35.044515 74.126365 138.758794 283.088034 487.044034 863.218346 1043.733830 1064.211055 1310.018030 2576.988030 3872.583760 3993.898205 2841.213411 1361.882817 834.856994 748.660611 599.490971 919.556399 1974.511032 2779.312246 2589.654764 1622.361056 811.502722 840.585127 1063.772438 1408.318389 2280.866797 3779.918795 4509.534784 4894.793039 5760.685480 6353.005027 5212.852043 3147.436080 2333.667538 2337.245369 1911.422829 1452.557750 1099.934546 1232.611977 1381.794443 1225.460743 1186.868369 2882.743887
17.503476 48.808797 66.372669 70.473108 56.901333 38.977294 28.120878 116.129313 697.264428 1241.789266 972.862827 372.541079 42.115838 0.000000 0.288457 18.835985 70.231048 107.234194 106.688980 80.775920 82.680788 148.481738 376.040812 1104.845975 1773.141159 1815.449964 1244.588838 1021.325059 1915.760403 3004.144060 3102.592215 2141.732170 1012.062711 744.180142 645.491622 527.308291 946.225049 2135.012195 2979.965516 2835.871635 1775.835097 768.384291 705.797978 896.198196 1079.903485 1389.514046 2511.336866 3304.574003 3987.905450 5134.071774 5108.125411 3800.039018 1660.662860 1274.693667 1648.005765 1688.866117 1273.696800 712.714126 546.854152 644.452488 808.963252 1176.516122 2935.465559
0.663512 20.995513 61.880234 69.337731 48.659045 22.992744 7.081781 31.797065 242.588833 438.386068 404.010138 176.498092 14.724206 0.000000 0.000000 27.914724 92.437282 141.746557 143.960716 100.361367 81.255345 161.816263 604.506927 1718.023679 2476.497823 2350.552082 1394.410773 591.700900 878.945421 1459.485919 1559.184830 1193.514052 888.168409 786.579783 487.528603 338.447238 532.084588 1390.382903 2093.034110 2066.458172 1343.154275 707.873895 687.107295 771.149073 761.654846 945.665329 1964.002832 2819.712149 3447.967034 3726.561943 3231.902600 2364.620153 1337.382416 1089.983528 1273.805779 1257.937941 975.087846 726.841445 714.838857 805.342224 1019.652149 1260.686173 2595.276297
5.376698 46.272366 103.960593 120.192530 84.825922 34.218303 1.439504 7.911456 40.342733 99.008877 88.891301 31.898536 1.421019 0.000000 8.564073 46.158663 104.329138 135.237543 119.548882 83.860339 79.224214 136.116786 570.493804 1715.658980 2465.199376 2255.653662 1318.269617 497.033183 550.998018 716.887138 913.874799 1232.981316 1296.732302 1073.070080 602.424962 218.445768 239.891382 437.532371 840.744586 995.093724 873.597985 755.171625 671.495689 706.393128 791.788974 903.603028 1438.738422 2013.772442 2327.065043 2283.062028 2025.761743 1779.922487 1148.906110 875.398190 892.260626 879.000337 764.004613 832.203873 1094.375674 1278.348529 1283.222012 1235.879744 2033.199898
17.368720 69.239447 129.659770 143.489480 105.241414 44.055000 6.860078 1.803252 0.750808 4.966213 5.929262 0.235085 0.000000 2.614821 39.909497 79.591896 102.369811 94.654497 66.915161 52.644937 83.743832 115.263669 261.187196 1060.209929 1760.189134 1690.291179 1370.198416 1141.838072 1168.426517 1035.335530 1160.473662 1519.937855 1533.263725 1188.268884 645.345281 179.451197 174.383408 269.017931 448.323247 673.770102 832.970310 854.644027 695.000777 722.989062 1174.949702 1585.680636 1587.657992 1298.232813 895.542802 968.161719 1468.423957 1652.555328 1275.790402 945.165849 824.322497 791.937466 794.446625 1052.169611 1871.957275 2418.187458 2222.970157 1759.671400 1891.756105
23.935471 70.768280 111.154961 119.777834 98.255277 80.920163 77.468445 32.424738 13.190282 1.767505 0.000000 0.000000 0.000000 13.041839 66.255054 130.364914 122.329281 65.297634 29.983825 36.784073 63.396099 90.987310 285.478577 1268.425342 2081.985952 2048.431196 1974.736539 2238.395540 2079.590023 1565.747170 1170.230115 1307.162089 1274.963973 910.358694 445.360743 132.157340 197.934234 307.785110 487.426114 678.175485 807.031480 849.975186 744.469156 844.891228 1626.134487 2339.721763 2302.801367 1535.828621 699.356704 893.273329 1744.297670 2248.403810 2099.960944 1574.957347 1217.923962 1133.455391 1206.786053 1934.111555 2965.512096 3612.435031 4131.818961 3986.313143 3219.249177
27.375819 62.807491 76.946085 75.832958 207.151967 477.041119 525.513736 283.267329 42.214734 9.153112 0.000000 0.000000 0.182967 30.978015 180.506576 292.096912 250.157719 98.775909 14.089628 25.985249 48.579877 94.868967 1140.131978 3081.590309 4087.386209 3850.322539 2953.338085 2675.595390 2365.222430 1643.380527 1026.526057 889.209729 852.656604 1052.900982 1110.364911 774.985041 345.836388 404.272952 832.881961 1184.781056 1125.972494 801.833071 636.296058 793.266718 1615.956340 2420.276201 2426.263216 1665.839731 987.382805 1412.302143 2244.610618 2634.679507 2522.900696 2050.351757 1695.931320 1862.956950 2564.345172 3561.001300 4287.826181 4432.911431 5443.523444 5831.538209 4910.831542
29.339066 43.903422 44.524964 77.289537 486.532087 933.071201 1002.894302 640.595732 153.118363 10.945873 0.000000 5.590532 29.385653 148.200676 362.732740 470.493243 381.059342 161.159561 7.210815 21.292674 55.160894 180.410306 1793.235990 4088.475850 5149.840655 4508.062652 2959.466636 2071.957863 1743.483883 1102.731311 748.948557 652.868873 1046.053474 1980.945444 2412.965459 1881.000058 876.821782 600.449709 1278.458092 1699.214107 1548.906225 947.898694 555.634350 650.266103 1429.352709 2206.593859 2127.109915 1608.007539 1340.845015 1804.341151 2371.475928 2434.051779 2287.662506 2123.580298 2159.315946 2753.238795 3812.483371 4583.644350 4694.355648 4322.303388 4966.737665 5637.489578 5155.386024
21.721495 32.714170 28.418675 80.549558 552.569095 1024.117719 1097.106836 717.931761 182.025016 5.354630 3.642033 45.110030 138.791587 305.788584 517.596743 589.839445 444.241585 191.394963 16.847825 37.021360 99.960987 251.599296 1494.136316 3391.984826 4239.455203 3414.166108 1696.420882 891.194490 645.250712 410.120643 373.721308 439.876101 1229.024659 2512.532283 3030.611450 2372.092662 1094.460466 582.811503 1345.137481 1832.779088 1691.943660 1022.084898 538.028061 712.393671 1306.274055 1916.788398 1833.893616 1628.148138 1847.037709 3090.716031 4888.775309 4516.655146 2879.612408 2068.905259 2229.015828 2880.410241 4158.000297 4717.274480 3980.394767 2840.909152 2896.333365 3818.985735 3949.019275
6.036844 12.362233 9.779901 20.178955 323.129589 689.984334 747.320051 443.967790 65.925474 39.033184 72.944639 112.798597 214.993283 370.081563 734.537142 890.931239 644.814984 199.396535 27.004108 53.273862 203.165859 441.401990 770.106739 1702.924219 2228.010808 1852.341608 869.469371 466.629383 277.808894 201.881607 202.499270 327.381555 879.599738 1967.296211 2416.975500 1846.524204 736.741356 323.036578 944.535903 1395.528687 1308.512597 801.742958 518.411124 746.618922 1452.380607 2027.389053 1983.496202 1888.522573 3173.777729 7822.872005 11419.040909 10390.715550 6015.142450 2626.313647 2065.550812 2584.085606 3654.390588 4050.385332 3109.180469 1754.332730 1765.819183 2385.026165 2501.680635
0.000000 2.470899 13.791505 12.391292 45.946778 194.371206 225.694263 86.809146 65.955408 166.737900 215.602022 217.676543 222.801688 461.082424 920.639399 1109.157521 850.151221 342.296518 26.801886 48.043128 258.071427 520.427349 615.088911 1273.772732 4138.727381 6546.114298 5039.980399 1881.392688 601.113832 343.652660 249.530692 285.262887 421.433340 853.383174 1096.318007 779.474681 318.930727 238.971123 430.529059 668.965235 715.859456 541.191197 537.306585 891.101267 1711.976312 2315.579968 2185.599441 2015.713215 4505.966661 11134.912848 15778.909789 14645.663040 8679.091493 2983.219488 1693.656718 2157.461804 2694.816136 2811.827610 2351.494726 1720.942019 1645.036060 1802.619495 1778.052591
3.120132 41.148094 76.168907 79.167455 41.418980 27.126333 40.993444 35.021063 134.592926 259.952179 311.781643 260.494955 196.583277 426.689987 907.146202 1106.967094 888.899073 402.845304 41.223182 89.491758 252.272952 425.428344 935.869677 5893.114350 16171.582358 21746.752852 17251.726187 7461.215608 1763.961236 778.677011 513.339062 503.289565 522.669735 506.522663 563.404740 524.159587 414.032367 367.156748 432.311789 432.375351 430.967554 453.803380 602.529554 1020.686583 1679.911818 2164.293511 2028.399256 1846.507253 4035.118715 9918.109388 14213.113742 13149.346994 7420.104254 2159.764106 1156.773179 1546.917255 2015.991131 2302.084161 2367.371895 2191.050525 1927.490056 1394.913057 1131.209766
16.843366 82.895424 162.517756 184.353082 149.734847 162.675757 244.224644 155.704311 129.418059 263.136475 322.767497 277.450739 189.421206 325.646148 795.064401 982.763823 700.544464 255.840071 125.746023 213.126015 257.569315 422.826902 1946.332012 11267.034640 25711.151686 32683.928775 26740.882835 12840.764465 3387.512601 1431.659265 1068.948955 903.682720 846.675672 883.544800 916.941518 927.007009 743.744312 780.150412 920.401258 789.860219 541.782983 335.645636 585.443258 964.684618 1475.649675 1786.662708 1683.404083 1598.826308 2421.967962 5442.637945 7990.367013 7008.707095 3311.336836 1031.257321 892.100194 1214.654026 1726.045389 2205.523435 2283.276814 2093.054113 1784.563874 1029.656148 455.543561
19.384856 97.129925 197.167267 235.432886 329.900563 682.063996 890.533133 693.865127 255.802527 158.775331 229.256125 229.683421 232.948576 459.791718 766.002728 832.122907 501.643392 168.885228 256.187458 328.913965 357.235224 488.465291 1911.715254 10622.766504 24290.873674 30780.006937 24853.971148 11632.671224 3269.522291 1862.318126 1502.164417 1153.549458 1012.176601 1119.067887 1171.080058 1089.408649 902.488478 1052.528675 1248.239710 1109.360505 719.887078 313.671579 361.941134 587.251318 862.609200 1041.792726 1028.186491 1184.310267 1480.788711 2033.237317 2662.904307 2117.354706 1071.564281 611.688880 719.940782 1371.666179 1895.063274 2254.585662 2269.947793 1756.702704 1114.436998 392.934292 45.472816
5.893489 57.908909 145.882298 186.391361 488.569469 1052.647007 1332.131851 1089.938135 467.820685 62.494857 100.264319 148.626238 251.238754 549.676564 780.600507 738.831514 493.702022 279.485070 342.323957 397.814261 397.926978 482.199682 1090.296591 5566.208674 13551.225449 17568.742818 13163.299345 5340.217889 2236.023142 1785.488231 1434.621209 1100.448910 882.738883 1039.518985 1167.095952 1057.894558 753.589017 886.250055 1174.814373 1125.466223 702.549218 249.502217 194.030132 253.333117 276.856459 369.769019 548.091564 830.574243 1078.636364 1302.706070 1447.354751 1342.976526 1013.834212 604.224622 637.470249 1386.038684 1984.437355 2036.365457 1717.312368 998.668808 384.492870 43.144554 0.000000
0.000000 6.448468 49.878941 75.333872 366.924832 943.727725 1234.587002 1008.191946 422.491750 30.601267 40.454528 82.216946 139.289455 380.752014 578.853934 556.951536 406.045260 275.362743 317.387056 348.008035 298.005290 405.043119 1219.737931 3017.763443 4947.412801 5271.843266 3716.303710 2437.482091 2162.207231 1711.708716 1138.198316 796.745770 667.885105 786.905759 992.944739 960.406933 890.244163 1063.522785 1133.549305 911.870220 535.476044 439.805608 738.410444 878.323973 799.241220 576.275765 554.626378 571.545586 596.087529 1024.341522 1515.772860 1603.840434 1189.047627 714.839907 691.626656 1354.420981 1807.120692 1478.948105 817.769657 193.693632 9.255116 0.000000 0.000000
0.000000 0.000000 2.403660 10.108607 79.766609 446.278550 674.909209 524.009126 149.455036 0.000789 0.718323 9.815966 28.902931 105.706264 224.183032 218.333493 158.396757 195.413900 260.801786 245.225802 193.574294 549.765029 3077.187021 5606.344261 5981.690663 4586.678788 3455.743243 5116.012222 6166.024715 4137.122729 1897.740050 1152.183331 949.352888 1083.123036 1376.738243 1770.116601 2146.617784 2249.639237 2362.807542 1752.492857 1040.371811 1040.659697 1627.797124 1990.688185 1907.588533 1327.134259 926.970228 762.489148 663.046665 1269.049796 1953.187527 2135.106295 1525.185020 838.999807 1395.112962 2119.653085 2269.028725 1410.448057 294.094554 1.965924 0.000000 0.000000 0.000000
0.000000 0.000000 0.000000 0.000000 0.000000 20.454051 86.883267 45.531124 0.026934 0.000000 0.000000 0.000000 0.501729 1.104879 3.814114 3.796738 30.774696 108.728896 163.002233 169.510353 432.276461 2465.850542 6645.019929 8856.286829 8109.042838 5756.912165 6441.261099 13480.649844 17135.165563 13320.973715 5700.337043 1921.029852 1521.182431 1546.578657 1875.754071 2640.923473 3325.256531 4122.146257 4401.788697 3526.903052 2189.435068 1504.786262 1941.492062 2406.965317 2297.499139 1642.846169 1182.176182 952.438411 938.868357 1460.137722 1948.621343 2026.710725 1424.714568 1161.816032 2380.251541 3329.679596 3167.421734 1939.714913 433.938612 0.324746 0.000000 0.000000 0.000000
0.000000 0.000000 0.000000 0.000000 0.000000 0.000000 0.000000 0.000000 0.000000 0.000000 0.000000 0.000000 0.000000 0.000000 0.000000 5.398980 38.644079 80.932377 130.492477 228.338745 1667.774701 4934.303895 9184.131315 10618.042624 8129.131908 5165.374707 8988.740907 19641.065198 24869.408011 20485.398328 9932.447839 2648.753751 1583.544987 1441.429093 1670.753399 2427.508370 3308.371477 4472.075787 4897.958813 4020.376371 2501.913744 1306.885922 1340.137700 1724.388129 1610.225936 1117.979652 865.724530 737.260138 740.643961 1152.907480 1416.327579 1376.204755 1056.406016 1208.363545 2662.933767 3902.700402 3888.792762 2462.372036 747.969405 47.816230 0.000000 0.000000 0.000000
0.000000 0.000000 0.000000 0.000000 0.000000 0.000000 0.000000 0.000000 0.000000 0.000000 0.000000 0.000000 0.000000 0.000000 0.000000 11.015763 49.961020 117.318394 185.397444 383.047472 2355.080455 5448.935902 8378.056076 8782.919668 5752.483759 2665.703641 7079.134539 17540.884471 22885.242099 19007.690191 8973.556763 2115.654318 990.449885 758.572611 968.455886 1329.906486 1882.528582 2777.889587 3346.578587 2868.434328 1726.336454 518.038348 348.956113 504.797469 471.574507 307.121578 281.721650 345.009979 341.209813 431.325037 566.884305 511.482190 482.852208 1180.510937 2557.748934 4516.840528 5092.700146 3501.905442 1268.820572 192.663527 0.000000 0.000000 0.000000
