WorkingVersion/ascfiles2/tmp_kdeout53.asc
ncols        704
nrows        293
xllcorner    827.296065
yllcorner    924.742280
cellsize     0.500000000000000
NODATA_value -999.000000
[rows 28 to 55 of 293, columns 315 to 377 of 704]
0.000000 0.000000 0.000000 0.000000 0.000000 0.000000 0.000000 0.000000 0.000000 0.000000 0.000000 0.000000 0.000000 0.000000 0.000000 0.000000 0.000000 1.417060 19.196660 55.492088 203.136059 525.058229 699.118713 683.472649 585.414209 365.013180 200.980694 102.590282 22.093893 0.000000 0.000000 0.000000 0.000000 0.000000 0.000000 0.000000 0.000000 0.000000 0.000000 0.000000 0.000000 0.000000 0.000000 0.000000 0.000000 0.000000 0.000000 0.000000 0.000000 0.000000 0.000000 1.112462 35.283316 86.777331 97.660476 58.936160 7.028815 0.000000 0.000000 0.000000 0.000000 0.000000 0.000000
0.000000 0.000000 0.000000 0.000000 0.000000 0.000000 0.000000 0.000000 0.000000 0.000000 0.000000 0.000000 0.000000 0.000000 0.917863 5.141087 4.532769 1.314620 25.791551 181.983217 798.780701 1505.329053 1940.166593 1743.661496 1180.286478 658.572954 212.822656 62.209314 5.489126 0.000000 0.000000 0.000000 0.000000 0.000000 0.000000 0.000000 0.000000 0.000000 0.000000 0.000000 0.000000 0.000000 0.000000 0.000000 0.000000 0.000000 0.000000 0.000000 0.000000 0.000000 0.000000 0.000000 1.107124 16.669905 32.715232 24.771381 14.928213 2.922772 0.000000 0.000000 0.000000 0.000000 0.000000
0.000000 0.000000 0.000000 0.000000 0.000000 0.000000 0.000000 0.000000 0.000000 0.000000 0.000000 0.000000 0.000000 2.120304 19.199801 30.042715 39.578341 40.692736 54.373523 352.948111 1244.027181 2148.394033 2674.373979 2399.125474 1518.180371 819.782918 485.787242 381.137438 165.092686 1.414430 0.000000 0.000000 0.000000 0.000000 0.000000 0.000000 0.000000 0.000000 0.000000 0.000000 0.000000 0.000000 0.000000 0.000000 0.000000 1.890204 8.106455 8.247289 2.098801 0.000000 0.000000 0.000000 0.000000 10.815280 30.005195 38.676325 30.389283 11.279890 0.000000 0.000000 0.000000 0.000000 0.000000
0.000000 0.000000 0.000000 0.000000 0.000000 0.000000 0.000000 0.000000 0.000000 0.000000 0.000000 0.123708 8.276501 28.009874 56.473032 92.290965 158.763101 270.874225 291.029566 419.359346 1079.672154 1863.329930 2391.975694 2162.367798 1351.059246 1054.395557 1185.636522 1263.755516 826.109737 174.676218 2.659355 0.000000 0.000000 0.000000 0.000000 0.000000 0.000000 0.000000 0.000000 0.000000 0.000000 0.000000 0.000000 0.000000 0.814510 14.611890 28.035827 28.297213 15.182143 1.051917 0.000000 0.000000 0.000000 12.179340 32.250265 41.219753 32.648418 12.672080 0.000000 0.000000 0.000000 0.000000 0.000000
0.000000 0.000000 0.000000 0.000000 0.000000 0.000000 0.000000 0.000000 0.000000 0.000000 2.067145 36.976574 80.887117 113.069691 128.111265 179.798556 361.470980 549.354902 565.539783 424.525170 536.291605 1002.435077 1384.226941 1386.894385 1164.911800 1385.525351 1912.346139 2057.223118 1458.416970 538.219298 93.863756 20.030466 0.000000 0.000000 0.000000 0.000000 0.000000 0.000000 0.000000 0.000000 0.000000 0.000000 0.000000 0.000000 3.619485 23.256913 39.625501 39.936137 23.974918 4.103145 0.317305 0.000295 0.000000 5.032896 19.646634 26.768018 19.957664 5.351391 0.000000 0.000000 0.000000 0.000000 0.000000
0.000000 0.000000 0.000000 0.000000 0.000000 0.000000 0.000000 0.000000 0.000000 0.007133 18.580900 89.186352 152.211585 192.169417 200.336402 250.121903 544.941079 879.216670 829.183015 453.739887 166.484745 270.599081 658.992736 1437.182366 2326.785868 3214.228875 3523.303559 3021.399673 2075.632917 885.337946 335.138007 115.662669 4.874053 0.000000 0.000000 0.000000 0.000000 0.000000 0.000000 0.000000 0.000000 0.000000 0.000000 0.000000 2.116371 19.139077 34.189277 34.477863 20.332419 12.008021 15.894247 11.838015 2.093269 0.000000 3.021555 6.148373 3.144273 0.000000 0.000000 0.000000 0.000000 0.000000 0.000000
0.000000 0.000000 0.000000 0.000000 0.000000 0.000000 0.000000 0.000000 0.000000 0.495067 24.031561 104.852119 188.650175 249.360974 264.630267 362.363402 938.178150 1407.113500 1270.484597 618.822430 91.669590 172.645674 950.739680 2806.373531 4925.658559 6034.714975 5704.368552 4240.017212 2548.349927 1252.029842 593.296510 260.072788 46.659858 15.963842 2.153955 0.000000 0.000000 0.000000 0.000000 0.000000 0.000000 0.000000 0.000000 0.000000 0.000000 6.147388 15.616166 15.811399 13.872009 25.612853 35.551504 29.337292 11.713935 0.000000 0.000000 0.000000 0.006131 0.112781 0.000000 0.000000 0.000000 0.000000 0.000000
0.000000 0.000000 0.000000 0.000000 0.000000 0.000000 0.000000 0.000000 0.000000 0.000000 11.110329 85.439259 190.383623 258.355942 279.407687 514.714375 1172.374339 1592.603775 1399.564685 693.208950 96.415739 147.706514 1182.323196 3479.435518 6151.091070 7678.213227 7122.267050 5046.935541 2995.878728 1656.325803 829.690403 435.947694 249.562246 191.646351 88.319249 16.141134 0.000000 0.000000 2.515124 23.136752 29.890827 11.365263 3.222223 0.641038 0.000000 2.249610 5.135546 2.412453 10.495315 31.236389 42.127192 35.336238 15.607247 0.259144 0.000000 3.434095 12.661996 14.561073 6.894373 0.000000 0.000000 0.000000 0.018832
0.000000 0.000000 0.000000 0.000000 0.000000 0.000000 0.000000 0.000000 0.000000 0.000000 2.894401 52.956380 189.656884 294.594142 315.047178 500.879154 1079.506998 1397.953292 1176.040944 561.234281 124.129075 224.408014 954.273760 2735.047920 5264.695572 6955.179403 6793.006994 5254.716490 3465.292743 2258.382154 1370.482563 873.089264 678.011538 477.474622 231.422294 60.506615 2.683985 8.126046 66.362123 149.509487 177.763730 131.374225 51.117062 19.908247 6.964029 18.639014 25.324787 17.943124 9.476135 21.802170 31.034630 25.248175 9.186524 0.000000 0.536614 15.097024 31.256235 34.202089 23.321808 11.326635 4.250590 0.000000 17.761668
0.000000 0.000000 0.000000 0.000000 0.000000 0.000000 0.000000 0.000000 0.000000 0.000000 2.280599 93.986236 309.509408 458.824166 459.782966 374.000510 604.733422 796.611207 622.538204 226.661831 130.075412 314.919392 720.005062 1759.617394 3360.221090 4607.990392 4870.049014 4556.357029 4489.591417 5171.444019 4704.336241 2884.915801 1391.280915 771.661730 343.915634 76.128368 13.469670 58.668918 201.820742 349.661330 373.049482 282.050062 143.686867 55.337071 37.034504 51.911780 64.355884 44.386933 13.752299 5.298722 10.262343 7.061626 0.440290 0.000000 1.734978 19.982111 38.135246 45.459950 56.928541 53.305703 38.322867 15.885105 38.991467
0.000000 0.000000 0.000000 0.000000 0.000000 0.000000 0.000000 0.000000 0.000000 0.000000 1.070501 138.320158 362.942762 505.603258 484.496103 325.489478 211.218370 194.240660 109.200183 55.172410 148.513307 425.430729 956.749424 1598.231555 2449.988741 3219.314693 3725.000625 4370.256596 6876.933277 9460.495812 9496.459580 6525.327412 2671.003854 1002.895880 340.356163 44.456238 24.401867 118.468754 370.026308 568.076623 537.563526 366.411262 186.581759 93.057467 84.689224 100.905617 103.311652 71.273275 23.033339 0.002772 0.000000 0.000000 0.000000 0.000000 0.206226 13.010961 34.776418 62.705999 90.191090 87.828581 68.426389 34.776976 39.529554
0.000000 0.000000 0.000000 0.000000 0.000000 0.000000 0.000000 0.000000 0.000000 0.000000 0.078005 100.927761 290.687487 392.768294 351.809919 204.440912 108.040851 69.462385 37.132024 68.019566 173.350796 502.196956 1125.678872 1819.767540 2344.781072 2664.940035 2927.792718 3875.480457 7605.144712 11159.465122 11383.405830 7980.202173 3182.450590 924.254973 224.738672 10.434031 24.692737 213.811843 512.243539 699.450008 611.381535 344.955809 164.860247 107.565209 101.892260 118.164026 111.176725 69.655330 20.110772 0.334480 0.000000 0.000000 0.000000 0.000000 0.000000 4.436345 29.144038 61.474222 94.458909 98.486654 70.729908 31.682292 18.138513
0.000000 0.000000 0.000000 0.000000 0.000000 0.000000 0.000000 0.000000 0.000000 0.000000 0.000000 18.312392 122.315801 179.529946 135.255142 40.697565 13.524610 7.722778 92.498257 223.315193 355.054865 564.197276 987.791986 1512.683468 1799.569174 1791.921287 1859.810337 2462.813659 5520.487408 8613.319632 8797.781785 5875.542440 2030.463639 536.945134 93.973616 6.358314 22.522917 230.283825 501.740275 614.997484 495.254305 237.624618 100.585584 83.844673 82.191052 94.569200 88.183270 50.503730 12.180014 0.000000 0.000000 0.000000 0.000000 0.000000 0.000000 4.575993 24.663470 47.506022 82.546191 86.300847 51.218981 13.217122 0.002465
0.000000 0.000000 0.000000 0.000000 0.000000 0.000000 0.000000 0.000000 0.000000 0.000000 0.000000 0.000000 0.882746 9.295080 1.488450 0.000000 0.000000 30.164850 193.029163 364.164528 493.158449 569.816853 638.511069 780.131875 823.918331 753.665744 881.816593 1168.838669 2127.090679 3642.560413 3665.959725 2029.045404 563.137311 150.573375 30.783117 5.678659 8.338865 144.802950 336.944175 409.202651 308.373203 126.555923 65.651737 58.369168 53.394949 72.048877 67.686295 40.321421 15.268761 0.631064 0.000000 0.000000 0.000000 0.000000 0.000000 1.370055 16.182614 42.793722 61.122344 57.806652 29.374960 5.543000 0.000000
0.000000 0.000000 0.000000 0.000000 0.000000 0.000000 0.000000 0.000000 0.000000 0.000000 0.000000 0.000000 0.000000 0.000000 0.000000 0.000000 0.000000 31.680012 191.564982 351.383892 449.384326 451.308045 375.174453 304.209310 201.351900 138.644316 213.489410 384.896984 526.064106 554.086074 430.022791 223.815156 68.013473 53.337326 98.223215 88.881802 30.839111 40.491436 125.805434 159.526546 101.902737 45.832047 58.131678 65.334042 66.090455 70.608301 78.041945 61.690881 27.978433 2.546824 0.000000 0.000000 0.000000 0.000000 0.000000 0.000000 3.449580 26.833929 45.324593 43.630826 29.091779 8.289955 0.000000
0.000000 0.000000 0.000000 0.000000 0.000000 0.000000 0.000000 0.000000 0.000000 0.000000 0.000000 0.000000 0.000000 0.000000 0.000000 0.000000 0.000000 7.791001 93.156093 196.930882 237.589803 198.917949 131.603998 91.028440 46.272508 38.340071 43.320282 49.808596 41.172389 24.981756 19.124348 7.223583 38.098864 173.722374 287.474698 270.174001 138.519502 18.348176 5.283809 8.041749 9.229768 34.625904 64.807841 83.138514 84.900735 93.238707 99.090403 79.881774 37.631520 5.037760 0.000000 0.000000 1.740715 10.227226 2.405968 0.000000 0.002656 11.075092 26.590607 30.664782 19.988401 3.827453 2.268604
0.000000 0.000000 0.000000 0.000000 0.000000 0.000000 0.000000 0.000000 0.000000 0.000000 0.000000 0.000000 0.000000 0.000000 0.000000 0.000000 0.000000 0.000000 5.202252 40.363494 57.084948 38.417145 25.337066 8.276500 18.300385 36.429570 40.268880 27.124833 6.879151 0.000000 0.000000 5.787820 69.042342 251.568447 387.023404 366.354381 206.260594 39.693365 0.000000 0.000000 3.916265 26.025706 56.198658 72.839515 73.950712 79.793428 81.262415 64.635690 31.738432 7.316413 0.000000 13.038823 81.711464 119.580293 86.260794 16.819680 0.000000 0.916566 7.762110 10.030063 4.411206 7.703230 19.943132
0.000000 0.000000 0.000000 0.000000 0.000000 0.000000 0.000000 0.000000 0.000000 0.000000 0.000000 0.000000 0.000000 0.000000 0.000000 0.000000 0.000000 0.000000 0.136672 14.875636 34.767376 42.096318 31.722097 11.079551 8.941378 22.543600 25.584329 15.370081 1.782579 0.000000 0.000000 1.902443 47.494611 199.874355 320.681002 302.210057 161.160741 22.164124 0.000000 0.000000 0.000000 5.901752 25.567911 34.950189 35.467785 39.624032 39.662606 38.999844 34.331567 17.527422 5.127169 60.715070 175.038674 228.828316 181.699480 68.718880 0.000000 0.000000 0.000000 0.000000 1.320954 18.381310 35.732265
0.000000 0.000000 0.000000 0.000000 0.000000 0.000000 0.000000 0.000000 0.000000 0.000000 0.000000 0.000000 0.000000 0.000000 0.000000 0.000000 0.000000 0.000000 0.000000 11.402223 29.335329 36.095953 26.543727 8.113491 0.064934 4.050631 5.394950 1.404408 0.000000 0.000000 0.000000 0.000000 8.113531 68.748096 138.986662 128.280203 50.843274 3.628794 0.318143 0.000000 0.000000 0.000000 2.715466 9.795218 15.969925 18.671417 30.162792 44.494306 43.915072 33.027045 18.334908 73.044034 192.531896 248.780846 199.531579 79.850808 0.217434 0.000000 0.000000 0.000000 1.472559 18.935601 36.503464
0.000000 0.000000 0.000000 0.000000 0.000000 0.000000 0.000000 0.000000 0.000000 0.000000 0.000000 0.000000 0.000000 0.000000 0.000000 0.000000 0.000000 0.000000 0.000000 2.099108 12.168389 16.647239 10.395288 0.847377 0.000000 0.000000 0.000000 0.000000 0.000000 0.000000 0.000000 0.000000 0.000000 1.440983 6.031280 12.259716 31.323522 40.046307 25.123306 2.719343 0.000000 2.351090 7.433334 16.310782 29.910230 49.149919 56.525905 60.758416 59.359670 42.310780 23.540153 34.422322 120.451915 165.698666 126.017872 36.476246 0.216522 0.103078 0.008459 0.425834 1.560132 12.368404 22.858541
0.000000 0.000000 0.000000 0.000000 0.000000 0.000000 0.000000 0.000000 0.000000 0.000000 0.000000 0.000000 0.000000 0.000000 0.000000 0.000000 0.000000 0.000000 0.000000 0.000000 0.012706 0.496325 0.000000 0.000000 0.000000 0.000000 0.000000 0.000000 0.000000 0.000000 0.000000 0.000000 0.000000 0.000000 0.154118 27.235843 63.962292 76.197465 55.118803 20.486496 10.736029 32.586904 48.170401 55.370655 50.929460 64.437744 68.853912 64.035728 55.098859 34.142913 15.792675 1.126359 20.510745 41.293792 22.870376 6.671064 15.103249 17.399385 17.835878 20.772390 27.486779 27.852582 26.233990
0.000000 0.000000 0.000000 0.000000 0.000000 0.000000 0.000000 0.000000 0.000000 0.000000 0.000000 0.000000 0.000000 0.000000 0.000000 0.000000 0.000000 0.000000 0.000000 0.000000 0.000000 0.000000 0.000000 0.000000 0.000000 0.000000 0.000000 0.000000 0.000000 0.000000 0.000000 0.000000 0.000000 0.000000 0.556675 31.050808 69.742056 82.506451 70.400564 42.352494 44.865167 75.397174 82.470428 79.670217 58.617094 50.170650 55.979760 52.097185 43.581676 19.910248 2.809625 0.000000 0.000000 0.000000 3.257804 20.764050 42.768226 62.715628 64.247277 57.206644 64.642763 68.769745 57.771093
0.000000 0.000000 0.000000 0.000000 0.000000 0.000000 0.000000 0.000000 0.000000 0.000000 0.000000 0.000000 0.000000 0.000000 0.000000 0.000000 0.000000 0.000000 0.000000 0.000000 0.000000 0.000000 0.000000 0.000000 0.000000 0.000000 0.000000 0.000000 0.000000 0.000000 0.011229 0.025206 0.000000 0.000000 0.000000 15.042611 44.319993 56.647346 57.110069 45.125137 70.965520 105.967138 104.277150 76.168548 47.781285 34.197374 46.593660 46.877508 39.056660 23.090781 4.735959 0.000000 0.000000 0.000000 5.431169 29.098447 62.479860 90.489479 92.113126 77.504571 80.025812 84.687081 72.127686
0.000000 0.000000 0.000000 0.000000 0.000000 0.000000 0.000000 0.000000 0.000000 0.000000 0.000000 0.000000 0.000000 0.000000 0.000000 0.000000 0.000000 0.000000 0.000000 0.000000 0.000000 0.000000 0.000000 0.000000 0.000000 0.000000 0.000000 0.000000 0.000000 4.488791 13.098506 13.483466 5.185051 0.000000 0.000000 0.018841 8.503691 15.016404 24.561697 40.855512 68.519773 94.802539 88.322209 60.510848 34.925732 37.119327 51.745480 53.225819 41.670653 27.354978 6.765918 0.287190 0.000000 0.000000 1.983376 21.687581 54.059447 76.788687 77.483149 58.291818 55.251097 60.571610 55.271754
0.000000 0.000000 0.000000 0.000000 0.000000 0.000000 0.000000 0.000000 0.000000 0.000000 0.000000 0.000000 0.000000 0.000000 0.000000 0.000000 0.000000 0.000000 0.000000 0.000000 0.000000 0.000000 0.000000 0.000000 0.000000 0.000000 0.000000 0.000000 1.527606 17.507397 32.315738 32.918806 18.857985 2.249862 0.000000 0.000000 0.000000 0.000000 7.845230 25.216756 46.785835 53.688910 45.996714 31.210512 36.816166 50.846871 50.741651 45.651860 30.536585 18.669217 15.096943 18.998225 11.226491 2.277048 16.291323 29.805214 40.191120 36.415432 34.174651 22.467890 10.629205 19.127835 21.659628
0.000000 0.000000 0.000000 0.000000 0.000000 0.000000 0.000000 0.000000 0.000000 0.000000 0.000000 0.000000 0.000000 0.000000 0.000000 0.000000 0.000000 0.000000 0.000000 0.000000 0.000000 5.363302 11.626242 9.338302 1.573239 0.000000 0.000000 0.000000 3.436426 23.059015 39.721374 40.389680 24.605315 4.484866 0.000000 0.000000 0.000000 0.000000 0.000000 3.157015 16.768896 25.303428 23.409156 37.345412 79.154952 96.230124 64.042405 21.814764 8.578610 19.531006 46.998737 57.984078 40.522610 27.185703 50.836042 66.694900 52.524916 23.174211 6.037032 0.884571 0.000000 0.476785 1.749619
0.000000 0.000000 0.000000 0.000000 0.000000 0.000000 0.000000 0.000000 0.000000 0.000000 0.000000 0.000000 0.000000 0.000000 0.000000 0.000000 0.000000 0.000000 0.000000 0.000000 4.104345 20.861843 32.050586 28.169128 12.291226 0.065843 0.000000 0.000000 1.048259 15.777304 29.949073 30.529743 17.060696 1.658520 0.000000 0.000000 0.000000 0.000000 0.000000 0.000000 1.091948 5.216027 9.898658 56.994288 111.247919 124.480273 81.608960 17.482566 1.238293 30.555981 68.550029 81.145731 59.395452 45.431737 66.867595 84.879563 67.279244 26.464870 0.001524 0.000000 0.000000 0.000000 0.000000
0.000000 0.000000 0.000000 0.000000 0.000000 0.000000 0.000000 0.000000 0.000000 0.000000 0.000000 0.000000 0.000000 0.000000 0.000000 0.000000 0.000000 0.000000 0.000000 0.000000 8.007787 28.851526 41.798925 37.348535 18.574114 1.124625 0.000000 0.000000 0.000000 2.871125 10.207697 10.547858 3.432992 0.000000 0.000000 0.000000 0.000000 0.000000 0.000000 0.000000 0.000000 0.000000 6.110799 58.115720 109.429367 116.958902 75.337099 16.922353 1.348763 25.424585 59.562150 70.785668 50.147503 30.587298 52.161140 67.650923 51.859237 17.167308 0.000000 0.000000 0.000000 0.000000 0.000000
