WorkingVersion/ascfiles2/tmp_kdeout13.asc
ncols        704
nrows        293
xllcorner    827.296065
yllcorner    924.742280
cellsize     0.500000000000000
NODATA_value -999.000000
[rows 28 to 55 of 293, columns 315 to 377 of 704]
0.000000 0.000000 0.000000 0.000000 0.000000 0.000000 0.000000 0.000000 0.000000 0.000000 0.000000 0.000000 0.000000 0.000000 0.000000 0.000000 0.000000 1.452584 31.034531 132.816022 564.090786 1393.240502 2184.164427 2744.810875 2907.959537 2161.180284 1273.471598 636.108804 131.750428 0.000000 0.000000 0.000000 0.000000 0.000000 0.000000 0.000000 0.000000 0.000000 0.000000 0.000000 0.000000 0.000000 0.000000 0.000000 0.000000 0.000000 0.000000 0.024570 0.004316 0.000000 0.000000 0.283416 37.160580 95.488968 121.517562 97.765248 32.888293 3.472983 15.541100 51.793542 70.626429 57.210473 21.866801
0.000000 0.000000 0.000000 0.000000 0.000000 0.000000 0.000000 0.000000 0.000000 0.000000 0.000000 0.000000 0.000000 0.047987 0.000000 0.047462 3.999832 5.656923 81.189719 646.806799 2719.079952 4927.511362 6550.404143 6523.042355 5270.952191 3446.850616 1432.238653 492.835327 47.222851 0.000000 0.000000 0.000000 0.000000 0.000000 0.000000 0.000000 0.000000 0.000000 0.000000 0.000000 0.000000 0.000000 0.000000 0.000000 0.000000 0.000000 0.000000 0.000000 0.000000 0.943265 7.028941 8.883162 5.907306 64.072151 168.953821 201.687887 136.309579 35.219031 2.700054 19.027376 31.016191 22.363683 3.390976
0.000000 0.000000 0.000000 0.000000 0.000000 0.000000 0.000000 0.000000 0.000000 0.000000 0.000000 0.000000 6.561893 14.072428 65.786073 149.816171 192.236352 175.112679 273.174331 1544.721702 4651.781139 7566.016022 9397.721776 8738.942779 6250.951890 3904.442526 2498.404305 1945.084982 939.202103 34.292822 0.000000 0.000000 0.000000 0.000000 0.000000 0.000000 0.000000 0.000000 0.000000 0.000000 0.000000 0.000000 0.000000 0.000000 0.000000 0.000000 0.000000 0.000000 0.105420 12.884373 37.043481 45.692917 42.947395 119.275288 269.963708 333.669638 254.108861 102.403701 9.769670 0.000000 0.472121 0.000000 0.000000
0.000000 0.000000 0.000000 0.000000 0.000000 0.000000 0.000000 0.000000 0.000000 0.000000 0.000000 4.043067 28.421628 86.890885 254.567513 484.087725 806.273741 1196.721016 1280.537859 2081.524304 4487.506839 6875.660304 8141.607755 7182.542196 4822.703830 4145.186625 4836.987323 5324.082118 3667.720231 926.573921 12.366570 0.000000 0.000000 0.000000 0.000000 0.000000 0.000000 0.000000 0.000000 0.000000 0.000000 0.000000 0.000000 0.000000 0.000000 0.000000 0.000000 0.000000 1.844567 28.494267 64.872990 77.217142 74.207043 143.840256 283.171947 349.540747 272.808070 113.667265 12.924051 0.000000 0.000000 0.000000 0.000000
0.000000 0.000000 0.000000 0.000000 0.000000 0.000000 0.000000 0.000000 0.000000 0.000639 11.051350 43.481326 98.398856 213.492526 439.246812 808.496017 1680.661712 2502.758695 2440.926686 2095.773658 2690.119945 3662.977106 3912.900863 3343.814009 2738.234632 4262.688985 7142.322285 8332.257898 6099.054192 2259.119261 218.283401 25.351743 0.000000 0.000000 0.000000 0.000000 0.000000 0.000000 0.000000 0.000000 0.000000 0.000000 0.000000 0.000000 0.000000 0.000000 0.000000 0.000000 0.890948 27.850406 65.280433 77.881138 65.121099 82.628092 174.642632 225.841727 165.919112 54.962067 6.457410 0.000000 0.000000 0.000000 0.000000
0.000000 0.000000 0.000000 0.000000 0.000000 0.000000 0.000000 0.000000 0.000000 19.404051 64.498856 167.494844 275.335170 328.476439 488.239886 956.223473 2410.711947 3860.457699 3545.390659 2019.956369 998.541993 760.655532 1097.393662 2865.301181 5598.729638 9687.625008 12942.655804 12590.784616 8892.682414 3668.170042 1119.138298 347.791420 9.499425 0.000000 0.000000 0.000000 0.000000 0.000000 0.000000 0.000000 0.000000 0.000000 1.127151 3.384453 1.368880 0.000000 0.000000 1.834055 3.662548 22.754461 52.782417 56.475232 32.811169 15.934190 31.367934 50.112371 27.230933 5.210128 0.007768 0.000000 0.000000 0.000000 0.000000
0.000000 0.000000 0.000000 0.000000 0.000000 0.000000 0.000000 0.000000 0.721686 42.957917 171.086517 391.257528 545.348756 521.474228 492.695352 1278.802506 3722.940337 5589.481199 5016.628766 2479.696305 481.524688 306.911975 2153.254106 7222.237300 13845.698889 18970.598705 20999.244853 18406.367494 12279.012309 5679.054456 2264.315059 821.348817 138.065166 46.134759 8.888702 0.000000 0.000000 0.000000 0.001223 5.830604 6.817973 3.702530 17.986536 29.826194 22.294866 4.996085 17.205011 35.419299 44.991817 41.542770 40.829831 35.128787 12.832320 0.167045 0.000000 0.000000 0.254531 1.817670 0.000000 0.000000 0.000000 0.000000 0.000000
0.000000 0.000000 0.000000 0.000000 0.000000 0.000000 0.000000 0.000000 0.566009 45.911312 252.588719 516.645673 713.706954 696.211608 663.547557 1892.538160 4657.789162 6276.332169 5390.573914 2608.125362 392.229125 436.025130 3152.663615 9743.392937 18176.487656 25189.991975 27309.264131 23112.812295 15661.451945 8276.585989 3343.890611 1503.799056 789.626584 701.429911 398.854414 60.805793 0.000000 0.053040 40.737579 176.130184 213.434088 108.912894 75.031501 98.127602 77.398988 36.888332 46.096567 72.757210 86.200834 78.593911 51.484432 31.754004 9.750688 0.000000 0.000000 24.991074 113.079421 137.902775 69.864107 1.327053 0.000000 0.000000 0.000000
0.000000 0.000000 0.000000 0.000000 0.000000 0.000000 0.000000 0.000000 0.067678 26.394537 221.544038 523.830299 933.458686 1132.147443 1180.993242 2112.537609 4497.419282 5599.500586 4455.948352 2057.448459 378.595512 501.682215 2532.260698 7781.079485 16006.005455 23820.972117 27058.227059 23830.276196 16911.984764 10399.730636 5524.664836 3278.868576 2402.248907 1838.301143 1051.259632 305.847354 9.166434 51.367852 393.826246 778.033942 823.395353 551.279289 245.842322 194.747817 151.384213 78.192487 86.541892 123.443344 127.169140 97.339137 61.965140 34.437510 5.289257 0.000000 2.035952 133.763310 296.653118 335.356294 220.275810 47.566690 0.000000 0.000000 0.000000
0.000000 0.000000 0.000000 0.000000 0.000000 0.000000 0.000000 0.000000 4.501882 22.855205 140.094715 697.380353 1572.853918 1996.332894 2015.382115 1895.873297 2823.089802 3352.929995 2367.333974 856.133113 411.898052 1139.592596 2605.782957 5696.519441 11372.753318 16873.059082 19872.579444 19346.541273 17871.457414 18291.760131 15994.756945 10271.604901 5095.996092 3019.361390 1495.249370 411.660343 38.049748 205.850067 813.420692 1364.237284 1381.156789 948.575022 449.120023 238.908838 184.624775 128.304894 149.845328 174.941319 154.062949 95.854351 50.383097 29.298288 3.303933 2.699746 25.012243 197.720743 373.574304 414.874450 284.803825 78.100276 0.000000 0.000000 0.000000
0.000000 0.000000 0.000000 0.000000 0.000000 0.000000 0.000000 0.000000 6.429609 28.154552 109.300295 813.407104 1845.665026 2336.044118 2244.646934 1662.832909 1169.951080 974.038496 446.243792 209.970871 755.331341 2228.944922 4366.177868 6644.935489 9747.425097 12456.126419 14282.496465 16271.307269 22783.911572 30003.881001 30291.582275 21451.243147 9550.667790 3763.543188 1396.902587 258.032677 54.226843 392.269970 1286.288672 1898.803457 1653.901767 956.811320 426.785222 234.607667 209.802626 201.962943 217.683009 217.960061 154.000947 78.819079 51.479143 39.478218 16.352611 29.848525 55.701018 175.899767 306.651878 319.882241 206.435288 39.706337 0.000000 0.000000 0.000000
0.000000 0.000000 0.000000 0.000000 0.000000 0.000000 0.000000 0.000000 2.255583 17.479875 74.170074 580.588368 1456.252671 1871.936062 1627.842914 965.598523 475.956934 237.615687 58.989625 138.050742 937.789051 2821.406978 5548.305318 7923.508753 9532.008160 10520.909355 11222.488068 13649.198704 23856.719075 34437.027319 35385.326500 25300.318777 10867.080579 3283.743702 820.197628 109.219801 132.368499 865.137499 1829.789685 2310.274316 1789.964651 712.879869 266.653063 197.765041 214.168353 239.501059 247.589513 213.435616 126.665842 60.145031 49.490898 44.823910 36.407492 56.934421 79.639939 97.046099 139.911259 123.245188 54.995280 2.647171 0.052204 0.000000 0.000000
0.000000 0.000000 0.000000 0.000000 0.000000 0.000000 0.000000 0.000000 0.000000 2.810856 18.018980 129.506539 585.966322 825.585644 582.698276 171.499983 64.488978 18.420954 152.517011 374.482190 1058.431408 2537.100889 4666.651156 6554.051981 7305.155352 7415.523842 7783.785163 9513.194718 17765.493247 26401.300140 26728.910270 18161.455916 6829.348396 1864.837872 379.605589 127.803884 246.348019 1102.016372 1974.460956 2166.533046 1533.633156 514.287228 161.195100 150.589894 188.691264 219.366882 211.416501 178.492917 97.687802 41.502556 44.510756 41.028561 36.641923 53.083908 73.053874 72.180793 46.759441 23.476036 44.036491 52.968544 30.139577 2.048451 0.000000
0.000000 0.000000 0.000000 0.000000 0.000000 0.000000 0.000000 0.000000 0.000000 0.000000 0.000000 0.842465 6.589329 36.683650 6.054697 0.000000 0.197539 75.706540 338.698741 648.971512 1117.878166 1771.415791 2454.388358 3194.794835 3505.235495 3617.969195 4285.301693 5326.626645 7588.601364 11015.484234 10722.033503 6178.293100 1982.563981 630.121289 195.823505 148.068763 215.147270 832.871141 1515.727123 1620.876082 1079.314587 361.146117 217.317900 200.247032 189.305626 249.152927 244.107579 179.642367 124.377397 65.505224 43.075126 36.328622 29.340831 28.548185 39.277899 50.874310 43.135561 68.494413 106.744693 109.350720 74.998694 19.584097 0.667033
0.000000 0.000000 0.000000 0.000000 0.000000 0.000000 0.000000 0.000000 0.000000 0.000000 0.000000 0.000000 0.000000 0.000000 0.000000 0.000000 1.137423 91.518539 364.552543 644.338536 984.428644 1232.422407 1220.829412 1091.508149 977.126835 1071.930704 1541.925086 1990.393434 2029.533486 1653.635891 1191.690519 728.626726 323.194872 214.242426 357.167463 375.146997 185.302627 271.791534 621.750221 684.082573 429.396286 287.071735 356.202787 348.553544 332.964827 361.110760 376.566694 278.626017 168.357551 87.540840 35.122859 33.488899 34.665278 25.288611 16.692816 27.840545 43.663061 90.544902 129.395747 125.900298 87.043059 28.121576 14.592228
0.000000 0.000000 0.000000 0.000000 0.000000 0.000000 0.000000 0.000000 0.000000 0.000000 0.000000 0.000000 0.000000 0.000000 0.000000 0.000000 0.000000 33.379066 206.692477 376.175280 494.948796 532.433358 449.886601 291.965482 173.788648 202.785613 227.147904 180.477731 123.874335 66.199574 52.747609 47.663424 122.454167 586.871467 1026.229299 1008.113242 542.028751 64.801023 23.689135 36.811710 115.857628 321.449380 423.334315 428.912691 425.715184 439.017842 461.489830 367.987466 228.511922 134.291839 47.891422 32.981063 45.122193 44.924435 23.104924 22.774543 36.968186 63.870558 91.883534 87.615118 56.234588 20.261745 46.665810
0.000000 0.000000 0.000000 0.000000 0.000000 0.000000 0.000000 0.000000 0.000000 0.000000 0.000000 0.000000 0.000000 0.000000 0.000000 0.000000 0.000000 0.821735 26.721617 96.463452 116.000244 77.185786 54.164306 28.142776 52.711535 99.655481 129.070594 105.003048 51.978092 17.589293 20.162586 48.949639 210.407852 889.376685 1438.260651 1404.983062 829.672264 161.886985 0.000000 0.000000 71.321887 243.242008 333.815254 321.863331 327.302653 358.638733 387.560854 322.710495 219.139275 153.204048 72.965174 49.984901 124.429836 140.524798 80.503731 25.690977 18.627256 18.666081 24.402758 24.421232 10.260816 69.478007 182.414841
0.000000 0.000000 0.000000 0.000000 0.000000 0.000000 0.000000 0.000000 0.000000 0.000000 0.000000 0.000000 0.000000 0.000000 0.000000 0.000000 0.000000 0.000000 0.273344 29.751273 69.534752 84.192637 63.444194 25.041401 28.330364 85.318524 128.135884 118.400049 69.995498 31.549143 36.102692 53.875348 166.679579 758.165284 1270.044303 1248.643624 720.435114 121.210738 0.000000 3.339980 14.707704 86.149963 136.727765 103.762816 118.012279 192.110444 232.930873 232.223595 203.549342 154.788820 89.027751 131.044960 256.597649 275.903905 174.176070 54.472964 1.540245 0.937349 0.000000 0.000000 12.235443 154.058816 313.058731
0.000000 0.000000 0.000000 0.000000 0.000000 0.000000 0.000000 0.000000 0.000000 0.000000 0.000000 0.000000 0.000000 0.000000 0.000000 0.000000 0.000000 0.000000 0.000000 22.804446 58.670658 72.191905 53.087454 16.226982 7.287143 57.169258 111.264355 127.841057 93.832380 49.497155 43.696462 47.094478 65.459725 307.151338 640.194337 636.670226 292.893002 8.313497 5.524014 24.652930 35.670903 24.769738 17.620983 23.281910 66.156958 123.882540 188.802632 245.491592 239.338246 154.570777 97.254953 188.332911 318.415664 337.482926 219.612802 63.622647 0.327530 0.000000 0.000000 3.046559 29.424357 185.312526 336.153594
0.000000 0.000000 0.000000 0.000000 0.000000 0.000000 0.000000 0.000000 0.000000 0.000000 0.000000 0.000000 0.000000 0.000000 0.000000 0.000000 0.000000 0.000000 0.000000 4.198216 24.336779 33.294477 20.790577 1.694755 1.638174 43.463397 98.334673 123.493221 97.435721 68.781659 73.141402 63.378911 46.687727 42.541935 84.355996 75.886335 9.585354 0.026596 23.324194 67.970530 88.939752 76.869857 83.125393 118.673233 166.976525 216.535278 261.753660 258.026951 220.872175 126.548718 74.464309 160.286067 258.695935 267.583755 157.856382 27.718013 0.038090 2.116765 1.738287 13.561489 34.065649 128.842816 241.462626
0.000000 0.000000 0.000000 0.000000 0.000000 0.000000 0.000000 0.000000 0.000000 0.000000 0.000000 0.000000 0.000000 0.000000 0.000000 0.000000 0.000000 0.000000 0.000000 0.000000 0.025413 0.992651 0.000000 0.000000 0.411295 18.627570 60.367006 86.431262 78.346517 84.806613 92.993211 81.527110 50.548974 22.750817 19.354309 13.188060 6.207186 5.552195 36.626151 99.201278 139.956601 208.724697 290.016390 338.421697 308.732840 275.620330 259.032890 228.206011 170.158969 94.478889 43.911391 75.977655 115.427014 120.422103 54.095864 7.437819 10.654017 20.438689 19.504326 24.681140 36.506113 60.147840 103.642692
0.000000 0.000000 0.000000 0.000000 0.000000 0.000000 0.000000 0.000000 0.000000 0.000000 0.000000 0.000000 0.000000 0.000000 0.000000 0.000000 0.000000 0.000000 0.000000 0.000000 0.000000 0.000000 0.000000 0.000000 0.000000 6.304735 24.466144 51.594401 68.585389 89.972942 97.578426 82.296360 51.202856 11.269013 4.736369 17.413636 25.927914 22.911244 54.124692 119.661420 203.702099 315.921768 413.639719 457.180880 379.047082 239.135680 175.039513 166.729775 177.716795 130.716025 62.892813 65.510833 113.449640 113.821228 68.472392 32.165100 28.719881 37.689921 35.417304 28.952391 29.220534 49.452041 58.013878
0.000000 0.000000 0.000000 0.000000 0.000000 0.000000 0.000000 0.000000 0.000000 0.000000 0.000000 0.000000 0.000000 0.000000 0.000000 0.000000 0.000000 0.000000 0.000000 0.000000 0.000000 0.000000 0.000000 0.000000 0.000000 0.000000 3.390989 25.486346 44.796243 70.528566 81.437811 64.522127 33.391750 3.516601 9.584595 29.875159 40.806849 39.540909 65.896835 107.500059 184.116221 288.817713 368.975258 378.511184 293.407602 167.561346 122.636774 201.902662 286.813980 271.131489 202.435471 189.636645 257.529122 265.640581 173.484794 81.431339 37.095705 39.813521 37.476774 20.778047 11.765526 31.069038 42.695681
0.000000 0.000000 0.000000 0.000000 0.000000 0.000000 0.000000 0.000000 0.000000 0.000000 0.000000 0.000000 0.000000 0.000000 0.000000 0.000000 0.000000 0.000000 0.000000 0.000000 0.000000 0.000000 0.000000 0.000000 0.000000 0.000000 1.181269 18.150400 35.833206 55.886110 81.416690 64.322013 21.102734 0.000000 8.668705 28.240553 38.892567 37.416126 55.032349 76.174386 98.431739 158.234602 193.749253 191.491886 127.852314 88.055070 132.491774 268.149146 363.075340 342.835314 281.148941 256.649673 331.049185 343.015576 238.751437 107.439648 32.346310 25.327750 23.471121 10.297818 0.201640 11.851268 25.063162
0.000000 0.000000 0.000000 0.000000 0.000000 0.000000 0.000000 0.000000 0.000000 0.000000 0.000000 0.000000 0.000000 0.000000 0.000000 0.000000 0.000000 0.000000 0.091204 0.192756 0.000000 0.000000 0.000000 0.000000 0.000000 0.000000 0.000000 7.899974 25.162151 75.701497 110.231945 99.812062 57.303318 7.891927 1.808815 13.800034 21.502197 19.164648 26.276261 41.715336 43.452499 30.332426 30.326426 26.055881 41.585227 69.754370 104.823667 207.038611 279.825962 260.244848 196.639583 185.951564 279.675801 310.016849 217.246366 110.897881 31.621659 5.514751 4.493814 0.234433 0.000000 0.648145 5.611308
0.000000 0.000000 0.000000 0.000000 0.000000 0.000000 0.000000 0.000000 0.000000 0.000000 0.000000 0.000000 0.390409 4.233556 4.172144 0.336276 0.000000 33.554399 104.598220 102.371824 35.324991 22.694941 50.524109 41.976808 17.016928 12.819543 9.501870 3.078229 12.995909 72.852467 119.722837 126.957066 90.367167 31.799509 9.303486 0.582478 31.259998 77.870736 80.213269 41.168879 6.077086 4.620032 18.292897 63.740731 112.604969 114.585159 65.899315 70.786065 102.522787 90.963001 37.677239 107.373428 211.269091 244.620694 173.677485 92.174837 38.511444 1.778276 0.000000 0.000000 0.000000 0.000000 9.265395
0.000000 0.000000 0.000000 0.000000 0.000000 0.000000 0.000000 0.000000 0.000000 0.000000 0.000000 3.498646 22.572101 36.973188 33.098973 13.591018 22.030159 179.940294 319.832000 311.829029 183.918801 121.210993 155.517058 155.632673 108.571249 68.932559 61.029557 35.308721 10.657915 47.331912 90.975518 108.998257 85.228152 41.574153 23.201010 14.173445 91.894772 168.314895 172.842652 102.325815 26.758994 59.595095 121.100975 189.751933 203.799760 170.786032 85.824929 10.245807 0.559908 0.005367 18.673519 97.206323 172.398933 205.648724 163.788713 76.784460 28.400041 0.656657 0.000000 0.000000 0.000000 7.176392 39.871604
0.000000 0.000000 0.000000 0.000000 0.000000 0.000000 0.000000 0.000000 0.000000 0.000000 7.410154 46.185328 120.303641 143.365573 95.663726 44.318402 64.459583 273.685421 449.223596 441.098591 297.139595 189.213665 229.850707 240.037071 198.935443 171.996037 158.126675 95.381049 41.224489 12.734527 32.936123 51.815195 48.167867 40.558393 26.374517 23.747212 115.953462 197.633701 199.475735 122.591591 64.177507 117.648387 197.400861 263.851334 249.528293 179.120350 88.121950 10.266061 0.000000 0.000000 17.218768 93.839096 155.619139 170.354907 119.325409 39.975305 8.537739 0.000000 0.000000 0.000000 0.000000 15.225539 56.814047
