WorkingVersion/ascfiles2/tmp_kdeout51.asc
ncols        704
nrows        293
xllcorner    827.296065
yllcorner    924.742280
cellsize     0.500000000000000
NODATA_value -999.000000
[rows 28 to 55 of 293, columns 315 to 377 of 704]
0.000000 0.000000 0.000000 0.000000 0.000000 0.000000 0.000000 0.000000 0.000000 0.000000 0.000000 0.000000 0.000000 0.000000 0.000000 0.000000 0.000000 0.000000 0.000000 3.828661 50.524363 138.427187 204.934708 254.787703 232.288514 133.038890 61.001388 26.799907 6.409741 0.000000 0.000000 0.000000 0.000000 0.000000 0.000000 0.000000 0.000000 0.000000 0.000000 0.000000 0.000000 0.000000 0.000000 0.000000 0.000000 0.000000 0.286570 13.503515 28.798166 31.476146 19.418280 3.080600 21.066577 61.390105 73.515327 46.322115 6.443810 7.286084 22.088777 37.599334 37.905788 28.888392 10.933401
0.000000 0.000000 0.000000 0.000000 0.000000 0.000000 0.000000 0.000000 0.000000 0.000000 0.000000 0.000000 0.000000 0.000000 0.000000 0.000000 0.000000 0.000000 2.170008 36.797194 204.152101 434.367080 690.421021 765.412323 618.786557 354.120039 94.038692 18.815543 1.906750 0.000000 0.000000 0.000000 0.000000 0.000000 0.000000 0.000000 0.000000 0.000000 0.000000 0.000000 0.000000 0.000000 0.000000 0.000000 0.000000 0.000000 1.840992 20.216015 38.290128 41.368953 27.333314 6.639245 0.000000 8.597609 13.473608 3.622256 4.980389 22.696251 34.820868 39.606421 29.013211 11.355285 1.695488
0.000000 0.000000 0.000000 0.000000 0.000000 0.000000 0.000000 0.000000 0.000000 0.000000 0.000000 0.000000 0.000000 0.000000 0.000000 0.059180 7.083602 16.795428 20.963297 89.709827 345.085761 667.983030 1013.586909 1103.714485 852.208924 493.764985 201.242981 94.186098 35.354028 0.141710 0.000000 0.000000 0.000000 0.000000 0.000000 0.000000 0.000000 0.000000 0.000000 0.000000 0.000000 0.000000 0.000000 0.000000 0.000000 0.000000 0.533820 14.977060 30.932508 33.705786 21.177719 3.804339 0.000000 0.000000 0.000000 0.000000 8.115382 28.956567 41.806560 37.243640 18.657351 1.068201 0.000000
0.000000 0.000000 0.000000 0.000000 0.000000 0.000000 0.000000 0.000000 0.000000 0.000000 0.000000 0.000000 1.832770 2.323300 0.666158 15.764790 58.703000 117.679168 127.952878 141.026468 307.742048 589.556681 930.710661 1018.118820 766.709903 501.121570 333.899289 288.303568 174.907679 28.288263 0.000000 0.000000 0.000000 0.000000 0.000000 0.000000 0.000000 0.000000 0.000000 0.000000 0.000000 0.000000 0.000000 0.000000 0.000000 0.000000 0.000000 3.226004 12.164660 13.926000 6.390848 0.000000 0.000000 0.000000 0.000000 0.000000 4.072777 20.706977 31.755034 27.795228 11.981043 0.041168 0.000000
0.000000 0.000000 0.000000 0.000000 0.000000 0.000000 0.000000 0.000000 0.000000 0.000000 0.000000 7.686983 19.278168 20.852850 30.287208 64.710617 152.814162 238.516905 244.255198 168.404713 166.827547 322.131119 534.974629 628.036137 542.599027 464.829151 489.360691 522.673573 353.477133 117.689726 15.710400 0.049675 0.000000 0.000000 0.000000 0.000000 0.000000 0.000000 0.000000 0.000000 0.000000 0.000000 0.000000 0.000000 0.000000 0.000000 0.000000 0.000000 0.000000 0.044155 0.317305 0.000295 0.000000 0.000000 0.000000 0.000000 0.000000 5.162629 11.268178 8.962648 1.399523 0.000000 0.000000
0.000000 0.000000 0.000000 0.000000 0.000000 0.000000 0.000000 0.000000 0.000000 0.000000 1.679256 19.024622 39.208604 57.668977 83.651016 115.574981 275.488868 439.061159 377.395533 186.011208 62.161033 99.957292 264.826781 558.654540 932.138251 1269.154998 1315.951937 1035.556808 713.024027 347.832298 145.903134 37.483096 0.000000 0.000000 0.000000 0.000000 0.000000 0.000000 0.000000 0.000000 0.000000 0.000000 0.000000 0.000000 0.000000 0.000000 0.000000 0.000000 0.541490 9.518243 15.894247 11.838015 2.093269 0.000000 0.000000 0.000000 0.000000 0.000000 0.000000 0.000000 0.000000 0.000000 0.000000
0.000000 0.000000 0.000000 0.000000 0.000000 0.000000 0.000000 0.000000 0.000000 0.000000 2.065922 23.161833 55.901705 89.433256 124.186146 252.464338 629.514681 860.558923 700.969906 299.547412 33.265881 63.287855 382.729617 1077.828993 2005.902173 2577.870753 2520.260553 1918.017503 1216.454136 726.548721 357.199412 126.875385 11.634512 0.035757 0.000000 0.000000 0.000000 0.000000 0.000000 0.006681 0.000000 0.000000 0.000000 0.000000 0.000000 0.000000 0.000000 0.000000 7.352824 25.612853 35.551504 29.337292 11.713935 0.000000 0.000000 0.000000 0.000000 0.006715 0.000000 0.000000 0.000000 0.000000 0.000000
0.000000 0.000000 0.000000 0.000000 0.000000 0.000000 0.000000 0.000000 0.000000 0.000000 0.017185 17.435252 51.171570 89.493425 153.464113 448.608999 926.658861 1132.815200 903.973837 401.567475 25.388980 49.947240 438.376254 1298.099592 2481.861555 3260.044051 3277.518930 2591.341701 1664.194313 1020.863304 514.702944 211.470863 47.937642 12.263302 0.450846 0.000000 0.000000 0.000000 12.420103 65.196065 79.951569 32.898032 6.135933 0.316183 0.000000 0.000000 0.000000 0.000000 10.495315 31.236389 42.127192 35.336238 15.607247 0.259144 0.000000 2.153184 10.806186 13.391710 6.676795 0.003687 0.000000 0.000000 0.000000
0.000000 0.000000 0.000000 0.000000 0.000000 0.000000 0.000000 0.000000 0.000000 0.000000 0.000000 5.792966 52.689619 105.219252 176.432662 441.327763 897.418360 1072.571323 825.203525 338.964863 59.382416 107.648106 364.482413 948.201459 2028.562848 2947.431791 3213.121944 2721.496816 1860.961868 1158.424550 657.682864 319.632148 160.787162 66.277118 10.684418 0.000000 0.000000 16.506590 144.301024 308.748702 351.767679 231.780524 64.069003 15.010964 0.436958 0.000000 0.321300 0.002023 5.382281 21.802170 31.034630 25.248175 9.186524 0.000000 0.108619 12.939761 29.344877 33.515800 22.219572 4.798439 0.000000 0.000000 0.000000
0.000000 0.000000 0.000000 0.000000 0.000000 0.000000 0.000000 0.000000 0.000000 1.464326 11.149860 44.919767 125.476906 181.690366 219.819941 282.150938 522.647874 636.754814 438.502680 141.435333 110.194340 187.496869 296.269306 564.430059 1173.803126 1993.148533 2405.536379 2349.993710 2143.483793 2223.077480 1960.738337 1163.569510 464.804610 179.864672 33.627571 0.173960 8.946596 76.428626 327.886574 587.363641 633.549484 441.348005 174.363723 46.658607 20.490456 29.713733 31.652705 13.918940 2.239586 5.298722 10.262343 7.061626 0.440290 0.000000 1.023491 18.312336 37.200177 41.878847 29.115388 8.252046 0.000000 0.000000 0.000000
0.000000 0.000000 0.000000 0.000000 0.000000 0.000000 0.000000 0.000000 0.000000 10.069499 28.229703 91.960784 183.627399 221.095026 211.312459 175.573680 145.559392 139.290032 52.018897 46.720211 139.545151 236.057304 352.930896 501.514451 826.767482 1408.153531 1913.897439 2232.368901 3093.440154 3952.954765 4004.613171 2869.454275 1218.239215 424.398618 93.239528 3.282223 25.464692 116.086903 434.227795 746.345051 772.613504 520.838221 194.225284 68.655379 69.330970 89.720157 88.928547 51.854014 12.047306 0.002772 0.000000 0.000000 0.000000 0.000000 0.060550 12.345975 28.447152 32.555917 21.439309 4.439575 0.000000 0.000000 0.000000
0.000000 0.000000 0.000000 0.000000 0.000000 0.000000 0.000000 0.000000 0.012529 13.606438 33.846075 84.598607 164.687097 191.319471 154.026777 81.295761 32.943101 16.413113 3.063947 30.231880 124.833384 234.028304 397.038668 571.518687 799.299338 1133.714871 1521.855990 1947.575866 3334.324670 4692.136908 4929.866180 3661.213526 1645.014872 550.378750 149.572630 27.411572 42.267066 152.429520 417.225038 675.608473 661.970963 397.816950 133.486955 73.480108 106.899187 132.661229 120.897781 71.700064 17.853162 0.334480 0.000000 0.000000 0.000000 0.000000 0.000000 1.690950 9.736075 12.197281 6.585481 3.031169 0.000000 0.000000 0.000000
0.000000 0.000000 0.000000 0.000000 0.000000 0.000000 0.000000 0.000000 0.000000 7.597865 23.867816 37.804997 75.552431 89.671185 61.124646 14.570961 3.144643 1.176458 36.465329 94.539316 163.052958 225.487934 307.758862 464.082128 605.610682 748.374753 916.050484 1193.608099 2387.763915 3670.699858 3856.722552 2771.638030 1159.801755 428.595148 131.226171 43.854672 53.295822 148.970690 323.109446 439.644780 391.669431 207.615391 66.154632 55.953274 96.806322 124.725008 106.686342 53.158662 9.828673 0.000000 0.000000 0.000000 0.000000 0.000000 0.000000 0.000000 0.000000 21.448507 82.240058 99.268147 57.108785 6.911280 1.921443
0.000000 0.000000 0.000000 0.000000 0.000000 0.000000 0.000000 0.000000 0.000000 0.141709 6.277483 10.155866 5.927116 2.740782 0.257958 0.000000 0.000000 10.402397 90.242243 176.029849 217.643101 224.283076 202.672774 235.091158 285.364341 308.614054 419.975928 563.619337 898.918262 1504.668483 1580.150524 1000.387643 411.187983 180.440079 68.315325 34.781843 45.276155 99.612465 186.123461 244.649430 203.940496 90.450166 35.865219 45.515467 67.185475 81.695452 58.250262 13.892621 0.495438 0.000000 0.000000 0.000000 0.000000 0.000000 0.000000 0.000000 1.833286 86.769056 189.195642 222.021744 165.461970 59.712975 16.953568
0.000000 0.000000 0.000000 0.000000 0.000000 0.000000 0.000000 0.000000 0.000000 0.000000 0.000000 0.000000 0.000000 0.000000 0.000000 0.000000 0.000000 12.018607 95.908483 182.617310 213.148258 181.908081 120.278363 94.549492 71.234598 60.066289 101.293171 157.110592 196.582455 205.781088 184.180540 120.036156 72.304380 54.513501 80.161285 90.185970 50.069403 42.523699 62.928044 78.477054 60.246150 32.795888 48.608572 71.789893 77.240218 60.548447 43.590871 22.670977 6.401573 0.000000 0.000000 0.000000 0.000000 0.000000 0.000000 0.000000 6.155188 109.319412 222.296949 265.385513 207.688026 88.992287 29.171553
0.000000 0.000000 0.000000 0.000000 0.000000 0.000000 0.000000 0.000000 0.000000 0.000000 0.000000 0.000000 0.000000 0.000000 0.000000 0.000000 0.000000 1.407803 47.856363 111.150471 127.172766 85.577612 30.445651 16.053987 7.352688 8.347348 8.010089 10.309866 9.533295 7.615032 5.160431 9.789359 31.512160 139.076294 256.415717 262.865198 152.823120 25.432020 3.854944 5.484149 9.571602 34.625904 64.807841 84.893380 87.022118 76.348722 65.980133 48.517719 21.640635 4.135929 0.000000 0.000000 0.960915 6.658600 1.687330 0.000000 0.032853 64.822161 156.252123 193.932460 148.359860 59.322121 32.408193
0.000000 0.000000 0.000000 0.000000 0.000000 0.000000 0.000000 0.000000 0.000000 0.000000 0.000000 0.000000 0.000000 0.000000 0.000000 0.000000 0.000000 0.000000 1.674067 19.921329 24.367524 6.543138 0.429629 0.000000 0.000000 0.000000 0.000000 0.000000 0.000002 6.408906 13.060414 18.875946 51.442825 217.643409 369.120567 376.213521 237.001861 58.294900 0.068963 0.000000 3.916265 26.025706 56.198658 72.839515 73.950712 74.194094 67.865263 52.340697 28.030594 7.246717 0.000000 7.829934 53.241883 79.363048 58.167066 11.928401 0.000000 4.451119 42.788492 60.261926 40.076812 40.965428 68.626020
0.000000 0.000000 0.000000 0.000000 0.000000 0.000000 0.000000 0.000000 0.000000 0.000000 0.000000 0.000000 0.000000 0.000000 0.000000 0.000000 0.000000 0.000000 0.000000 0.000000 0.000000 0.000000 0.000000 0.000000 0.000000 0.000000 2.256103 4.031166 5.773599 21.935824 33.245688 31.429247 42.534288 178.362813 321.313516 332.215635 208.525770 45.305430 0.000000 0.000000 0.000000 5.901752 25.567911 34.950189 35.467785 39.624032 39.648550 33.635264 20.294627 3.619642 0.000000 38.741921 115.116478 152.319001 122.323130 47.403325 0.000000 0.000000 0.000000 0.000000 4.163897 53.894126 104.304975
0.000000 0.000000 0.000000 0.000000 0.000000 0.000000 0.000000 0.000000 0.000000 0.000000 0.000000 0.000000 0.000000 0.000000 0.000000 0.000000 0.000000 0.000000 0.000000 0.000000 0.000000 0.000000 0.000000 0.000000 0.000000 5.907496 19.219356 23.909479 23.751848 31.456518 41.863282 37.268714 19.989140 58.663969 149.681316 163.709751 85.315109 5.504583 6.264852 9.108275 4.348493 0.000000 2.715466 8.532871 13.562081 17.289360 28.028299 25.712839 10.689150 0.000000 0.000000 45.712849 126.940954 165.882715 134.511774 55.102591 0.217434 0.000000 0.000000 0.000000 3.723889 55.012257 109.043045
0.000000 0.000000 0.000000 0.000000 0.000000 0.000000 0.000000 0.000000 0.000000 0.000000 0.000000 0.000000 0.000000 0.000000 0.000000 0.000000 0.000000 0.000000 0.000000 0.000000 0.000000 0.000000 0.000000 0.000000 0.214937 14.936513 33.851837 39.992679 33.436549 30.524600 32.795662 28.744356 12.590375 0.082654 9.118513 13.159276 2.543095 8.948546 24.543566 29.911816 20.579666 10.352490 18.521550 18.927680 26.794128 48.144262 53.509461 38.041480 19.239042 2.408722 0.000000 19.399793 79.372384 110.711264 85.390074 25.683274 0.242615 0.097305 0.000000 0.000000 1.560132 30.123241 68.101742
0.000000 0.000000 0.000000 0.000000 0.000000 0.000000 0.000000 0.000000 0.000000 0.000000 0.000000 0.000000 0.000000 0.000000 0.000000 0.000000 0.000000 0.000000 0.000000 0.000000 0.000000 0.000000 0.000000 0.000000 0.202632 14.832604 33.695314 39.822536 28.821245 14.892142 12.500496 10.050363 1.841846 0.000000 0.000000 0.000000 0.341562 15.959054 35.493151 41.895018 43.879432 87.414866 117.099946 108.059146 65.490383 64.873288 70.179435 50.191809 24.698104 4.560323 0.000000 0.000000 13.368666 27.762544 15.915925 6.979368 15.279799 13.900341 4.409927 4.407591 17.512424 23.417764 27.792698
0.000000 0.000000 0.000000 0.000000 0.000000 0.000000 0.000000 0.000000 0.000000 0.000000 0.000000 0.000000 0.000000 0.000000 0.000000 0.000000 0.000000 0.000000 0.000000 0.000000 0.000000 0.000000 0.000000 0.000000 0.000000 5.712742 18.866763 23.516023 15.267497 2.303369 0.000000 0.000000 0.000000 0.000000 0.000000 0.000000 0.019653 12.607001 30.397229 36.341504 72.927724 153.271863 198.550161 178.236194 102.080443 52.274627 54.862581 42.637731 28.416742 10.642347 1.347412 0.000000 0.000000 0.000000 3.593741 21.256863 34.546246 32.455618 16.556868 13.855045 32.180728 39.821820 30.254283
0.000000 0.000000 0.000000 0.000000 0.000000 0.000000 0.000000 0.000000 0.000000 0.000000 0.000000 0.000000 0.000000 0.000000 0.000000 0.000000 0.000000 0.000000 0.000000 0.000000 0.000000 0.000000 0.000000 0.000000 0.000000 0.000000 2.058364 3.765320 0.996953 0.000000 0.011229 0.025206 0.000000 0.000000 0.000000 0.000000 0.000000 2.751213 13.114628 17.110100 57.799193 147.825138 200.089056 169.763395 84.730448 20.370139 23.779576 31.850573 35.267925 27.725393 11.709420 0.017057 0.000000 0.000000 5.840306 26.332010 40.941588 38.662768 21.073447 15.451493 32.639695 40.332195 30.699351
0.000000 0.000000 0.000000 0.000000 0.000000 0.000000 0.000000 0.000000 0.000000 0.000000 0.000000 0.000000 0.000000 0.000000 0.000000 0.000000 0.000000 0.000000 0.000000 0.000000 0.000000 0.000000 0.000000 0.000000 0.000000 0.000000 0.000000 0.000000 0.000000 4.488791 13.098506 13.483466 5.185051 0.000000 0.000000 0.000000 0.000000 0.000000 0.079381 0.634840 13.828257 80.095728 120.291274 95.233447 28.644433 0.439717 8.546257 29.408320 41.922755 36.953047 17.937885 0.891165 0.000000 0.000000 2.219853 17.679648 29.940663 27.996628 13.416475 5.274325 18.539182 25.798936 26.533654
0.000000 0.000000 0.000000 0.000000 0.000000 0.000000 0.000000 0.000000 0.000000 0.000000 0.000000 0.000000 0.000000 0.000000 0.000000 0.000000 0.000000 0.000000 0.000000 0.000000 0.000000 0.000000 0.000000 0.000000 0.000000 0.000000 0.000000 0.000000 1.527606 17.507397 32.315738 32.918806 18.857985 2.249862 0.000000 0.000000 0.000000 0.000000 0.000000 0.000000 0.000000 6.539350 20.928138 11.750435 7.375824 7.907442 5.950161 22.931108 34.111186 29.643687 15.321809 3.759064 4.129165 3.113237 0.020008 3.349819 9.593514 8.507242 1.659934 0.000000 2.104468 15.713901 29.473615
0.000000 0.000000 0.000000 0.000000 0.000000 0.000000 0.000000 0.000000 0.000000 0.000000 0.000000 0.000000 0.000000 0.000000 0.000000 0.000000 0.000000 0.000000 0.000000 0.000000 0.000000 0.000000 0.000000 0.000000 0.000000 0.000000 0.000000 0.000000 3.436426 23.059015 39.721374 40.389680 24.605315 4.484866 0.000000 0.000000 0.000000 0.000000 0.000000 0.000000 0.000000 0.000000 0.486438 28.253973 61.926289 63.116161 30.806760 8.827397 14.126074 18.987253 23.038282 34.988821 35.772403 22.350916 9.093778 0.000000 0.000000 0.000000 0.000000 0.000000 0.592054 17.007969 36.372751
0.000000 0.000000 0.000000 0.000000 0.000000 0.000000 0.000000 0.000000 0.000000 0.000000 0.000000 0.000000 0.000000 0.000000 0.000000 0.000000 0.000000 0.000000 0.000000 0.000000 0.000000 0.000000 0.000000 0.000000 0.000000 0.000000 0.000000 0.000000 1.048259 15.777304 29.949073 30.529743 17.060696 1.658520 0.000000 0.000000 0.000000 0.000000 0.000000 0.000000 0.000000 0.000000 9.128223 63.335516 110.579271 112.074158 66.760467 11.304099 1.290617 18.212513 40.749544 63.543929 64.401487 42.591475 19.731533 1.880517 0.000000 0.000000 0.000000 0.000000 0.005833 11.771725 28.493234
0.000000 0.000000 0.000000 0.000000 0.000000 0.000000 0.000000 0.000000 0.000000 0.000000 0.000000 0.000000 0.000000 0.000000 0.000000 0.000000 0.000000 0.000000 0.000000 0.000000 0.000000 0.000000 0.000000 0.000000 0.000000 0.000000 0.000000 0.000000 0.000000 2.871125 10.207697 10.547858 3.432992 0.000000 0.000000 0.000000 0.000000 0.000000 0.000000 0.000000 0.000000 0.000000 10.107244 65.648750 113.535501 114.982167 68.929037 12.042014 1.348763 18.629484 41.237151 63.940961 64.628913 42.570264 19.542921 1.822603 0.000000 0.000000 0.000000 0.000000 0.000000 1.664632 10.221557
