WorkingVersion/ascfiles2/tmp_kdeout64.asc
ncols        704
nrows        293
xllcorner    827.296065
yllcorner    924.742280
cellsize     0.500000000000000
NODATA_value -999.000000
[rows 56 to 83 of 293, columns 126 to 188 of 704]
0.000000 0.000000 0.000000 0.000000 0.000000 0.000000 0.000000 0.000000 0.000000 0.000000 0.000000 0.000000 0.000000 0.000000 0.000000 0.000000 0.000000 0.000000 0.000000 0.000000 0.000000 0.000000 0.000000 8.916273 66.456876 132.314136 140.595989 85.689013 20.236498 0.000000 0.002397 5.263693 21.080656 34.557129 35.530920 31.109665 30.209148 28.348843 24.887498 10.112673 25.820147 164.934474 414.436025 604.832940 475.511038 154.274867 40.099795 86.064482 117.373837 126.290557 160.433222 452.053110 751.205316 737.899340 434.080287 135.087322 113.220806 198.212724 360.344657 626.410418 782.438095 642.892379 316.381002
0.000000 0.000000 0.000000 0.000000 0.000000 0.000000 0.000000 0.000000 0.085875 1.917554 1.058347 0.000000 0.000000 0.000000 0.000000 0.000000 0.000000 0.524445 0.243670 0.000000 0.000000 0.000000 0.124956 14.393775 63.446060 125.587091 142.123068 96.179487 32.054634 5.068856 20.357713 33.088910 41.163746 47.990974 53.038964 65.967117 72.408075 111.523603 110.991699 61.600630 34.862883 223.614260 785.300484 1196.197836 1123.398500 630.520958 258.922227 234.114976 219.126458 190.865133 244.800152 663.435596 1039.915548 1025.331092 651.636345 269.142258 160.242589 149.449577 174.937819 240.016996 297.052993 228.888398 130.440098
0.000000 0.000000 0.000000 0.000000 0.000000 0.000000 0.000000 0.750256 11.598095 20.225804 17.150472 5.464391 0.000000 0.000000 0.000000 0.033531 8.110994 16.525324 14.703992 4.649676 0.000000 8.487690 18.398022 27.156242 49.318260 112.276845 158.437764 134.861646 64.991302 24.581161 49.604154 67.217045 64.892879 54.141140 68.773078 91.760653 169.812949 258.409400 257.497975 173.271010 78.937023 271.910054 966.362107 1508.916946 1530.017170 1046.576945 550.720274 393.794050 277.597500 189.146480 209.604439 579.063751 932.411650 938.124107 676.361078 432.482625 370.636665 232.656150 90.161594 70.237786 73.423023 75.827354 60.197389
0.000000 0.000000 0.000000 0.000000 0.000000 0.000000 0.000000 6.406037 26.765934 40.079078 33.894152 16.019570 0.564039 0.000000 0.000000 4.311244 22.479160 35.502217 32.807887 16.398848 9.631793 40.616064 59.843655 55.056834 40.923910 92.027966 149.454490 140.918821 87.910832 47.033261 57.222116 74.634926 62.698760 38.905161 51.608628 83.459893 198.450760 309.775067 320.419965 253.785346 150.276315 240.002394 786.638058 1273.204972 1369.783713 1019.076561 579.219288 406.229655 244.813187 123.628881 99.476796 286.481230 518.346908 557.831620 530.698498 556.902868 576.483431 395.038871 165.371030 84.691308 48.090337 12.957075 18.592528
0.000000 0.000000 0.000000 0.000000 0.000000 0.000000 0.000000 13.383377 61.436749 90.470675 65.389778 20.671667 0.937326 0.000000 0.000000 6.359883 26.902339 41.009948 38.110180 20.205712 21.017178 60.612615 83.689657 71.632985 37.798237 55.618452 106.169721 117.958729 83.347232 43.037649 40.718047 49.953674 38.987562 14.829470 17.217788 46.670224 127.332598 220.494939 256.234329 256.364151 215.155656 228.120098 427.659334 678.429799 745.016414 585.824110 442.526060 339.211083 180.016533 80.809218 88.846011 147.344992 242.273945 302.613001 417.918130 571.167839 596.240257 435.478464 216.319390 130.676840 78.253307 17.314428 26.258848
0.000000 0.000000 0.000000 0.000000 0.000000 1.888796 11.367264 58.078453 141.066175 175.430527 132.470820 41.877812 1.020116 0.000000 0.000000 2.309479 17.510565 29.178548 26.740901 12.200299 14.123776 51.127859 72.474055 61.286845 26.040196 21.778532 59.840831 71.271271 56.648835 36.435648 35.607858 20.545963 6.575728 0.645849 9.162607 27.507017 37.416197 69.499786 110.851610 170.192602 226.648388 270.105792 242.789850 205.365524 180.275974 267.460823 399.056157 389.308922 253.674348 141.871317 158.995354 246.533502 348.322947 367.600911 404.293032 429.705313 395.986796 299.169980 192.724948 153.135575 95.597548 26.991109 29.211971
5.748543 0.000000 0.000000 0.000000 0.001480 11.790918 31.424854 103.890137 201.985027 252.824660 189.868893 61.818708 4.342603 0.000000 0.000000 0.000000 3.009072 8.713254 7.405286 1.087844 1.118941 19.962726 33.997777 26.483203 5.828520 0.230480 7.626361 20.226102 60.644678 114.640790 111.671054 48.885072 1.733372 3.681945 22.190869 36.661650 35.418487 23.035592 24.220888 89.896238 174.583175 220.699025 187.886766 121.475438 94.955794 231.685838 421.786149 463.573469 345.714370 237.171152 241.838238 339.653008 423.640824 410.618432 338.901109 236.052262 148.006878 137.337131 143.451393 135.246041 81.053053 20.893861 34.536736
33.653715 11.984453 0.626433 0.000000 0.422784 16.366357 37.024794 107.004929 264.288038 345.390777 276.224519 103.365058 3.056584 0.000000 0.000000 0.000000 0.000000 0.000000 0.000000 0.000000 0.000000 0.000000 1.212162 0.173396 0.000000 0.000000 0.000000 23.103795 127.299942 222.099685 222.126534 126.053932 20.581756 4.699794 24.599416 39.739758 49.306319 62.356516 58.442186 54.702565 67.492410 97.522069 94.107826 59.956631 53.784922 188.664254 374.763805 423.338281 327.044202 222.354088 229.477719 292.032762 342.573176 316.586810 238.022460 110.891320 47.613171 63.161244 87.631129 85.700038 52.609555 31.098157 71.520450
60.520613 32.225797 8.701567 0.000000 0.000000 10.301334 26.596453 86.820247 251.542708 350.345802 298.591660 136.612756 9.430539 0.000000 0.000000 0.000000 0.000000 0.000000 0.000000 0.000000 0.000000 0.000000 0.000000 0.499571 5.654063 3.921832 0.012567 27.650967 144.990989 249.286192 251.867441 151.408178 34.187499 1.361160 14.146099 27.893728 58.113560 98.060250 109.016331 83.801439 38.478813 19.055562 24.268729 31.576554 30.269180 93.742403 227.982939 291.590818 221.401613 156.367453 167.494022 160.437157 146.592640 124.501497 83.078801 27.710787 24.491318 33.762565 41.652752 45.400726 42.674805 59.063254 149.415931
61.801456 36.701692 13.399240 0.003836 0.000000 0.857275 8.256987 48.073763 176.582915 267.695668 245.274151 126.866487 12.099115 0.000000 0.000000 0.000000 0.000000 0.000000 0.000000 0.000000 0.000000 0.000000 3.212806 33.302745 59.823274 52.627929 19.279162 13.012050 91.370799 175.377131 180.070593 104.011177 20.474127 0.136044 1.242710 7.979615 44.180604 97.023732 120.823593 108.313587 68.269923 33.529151 40.750897 57.819213 65.237403 63.277865 112.067811 154.795186 158.591652 147.821163 121.038832 87.676754 24.124265 9.755779 23.337701 29.528606 21.905071 16.933518 29.405479 43.178436 53.939761 85.587918 188.909228
38.098872 25.748462 8.546510 0.000000 0.000000 0.000000 0.000000 4.924390 83.700475 154.313916 142.130265 60.541514 6.477193 0.000000 0.000000 0.000000 0.000000 0.000000 0.000000 0.000000 0.000000 0.000000 18.449327 74.156535 112.022901 101.885259 51.306063 5.435590 20.309456 61.011535 65.410529 29.049151 4.055382 0.000000 0.000000 0.000000 18.818924 62.717115 90.772535 100.842774 82.566096 61.376442 65.571428 80.103788 84.469400 76.427706 93.638590 117.156929 135.425092 130.670306 98.208070 65.005590 25.552206 21.699084 40.603690 42.751758 36.537781 42.272254 61.039531 70.244523 69.433555 91.001331 196.980059
12.907271 8.349368 0.545640 0.000000 0.000000 0.000000 0.000000 0.000000 6.954156 29.578918 27.986579 11.815694 0.807951 0.000000 0.000000 0.000000 0.000000 0.000000 0.000000 0.000000 0.000000 0.006886 21.519148 80.230731 121.119668 114.925170 60.926707 8.542917 0.696294 1.180821 2.178646 0.582675 0.000000 4.038263 7.732814 4.428219 0.654998 14.381548 39.452131 63.327768 74.681840 66.487481 57.113898 62.505063 74.306602 84.187665 88.066251 89.769794 85.641593 79.768492 67.091568 52.066367 31.812904 39.216068 55.382855 50.753725 66.844162 104.948260 130.559622 123.652898 95.195315 81.612123 147.852860
0.000000 0.002221 0.000000 0.000000 0.000000 0.000000 0.000000 0.000000 0.000000 1.160900 2.057324 0.118001 0.000000 0.000000 0.000000 0.000000 0.000000 0.000000 0.000000 0.000000 0.000000 0.000000 7.300185 49.185983 95.284606 96.485718 71.786152 45.890070 29.791527 8.612241 0.000000 0.000000 5.543333 20.915898 28.565187 21.791909 6.471982 0.032487 13.673852 34.858801 52.339619 51.660972 24.830660 21.333742 75.231168 148.380963 165.030767 116.935722 39.231687 20.697504 58.295202 77.662585 69.049565 50.953919 52.061924 67.123961 112.175318 176.608960 242.755792 248.713678 166.094599 102.730460 123.290434
4.919177 12.961956 12.495591 4.087829 0.000000 1.660350 1.765096 0.000000 0.000000 0.000000 0.000000 0.000000 0.000000 0.000000 0.000000 0.000000 0.000000 0.000000 0.000000 0.000000 0.000000 0.000000 15.898575 67.876782 113.948050 108.560318 94.033884 91.572811 65.860273 35.824480 17.444974 20.338943 23.315644 34.577023 42.742559 37.575760 15.989165 0.007790 3.779705 19.336064 58.667071 76.906843 53.856381 26.171266 104.041521 237.003284 288.104356 209.469222 64.333499 32.406476 101.723948 141.304169 139.795897 91.294484 60.883866 83.675173 146.059243 251.474444 334.740197 335.067512 295.359017 230.478354 181.309647
18.691416 32.555091 31.813498 17.034384 9.719699 19.175013 19.527134 9.067711 0.024294 0.000000 0.000000 0.000000 0.000000 0.000000 0.000000 0.000000 0.000000 0.000000 0.000000 0.000000 0.000000 3.263452 60.257871 137.939768 187.620603 176.155926 134.811203 105.717710 78.603798 60.512204 53.919939 59.299688 50.857914 44.687944 52.934986 53.705202 31.124529 6.986207 8.070353 37.389893 93.808647 117.960352 100.747823 66.856110 125.449706 265.543299 322.514328 241.060325 99.162438 73.087676 146.233761 177.625993 167.819931 115.593620 86.726362 110.123468 169.452542 264.003919 339.452116 348.210760 369.097208 331.692783 272.260909
24.811169 40.493254 39.665682 25.451144 23.883690 36.259664 36.743276 21.659115 3.234734 0.000000 0.000000 0.000000 0.000000 0.000000 0.000000 0.000000 0.000000 0.000000 0.000000 0.000000 0.000000 6.915677 75.266665 165.905102 221.831972 194.537705 123.674439 76.600385 58.191823 56.145318 69.099067 78.252738 58.497710 44.690637 54.543948 56.458206 37.169297 22.352301 24.741314 66.421111 126.377897 140.932750 126.659122 98.279727 131.887004 239.739097 267.486494 204.208733 101.020412 89.695849 154.182976 172.309806 147.548750 125.909573 124.609495 143.990341 161.466336 196.732406 245.706498 271.232179 313.334004 301.030809 268.365162
17.565270 31.063278 30.338975 19.176319 23.431416 38.645620 39.144838 23.511791 3.974030 0.000000 0.000000 0.000000 0.000000 0.000000 0.000000 0.425941 0.008676 0.000000 0.000000 0.000000 0.000000 1.172471 47.204382 132.024198 179.051523 146.843873 69.030754 29.574769 17.407834 27.636702 54.697248 63.122139 47.998224 41.465896 55.605131 59.954061 40.414492 25.514839 38.583200 79.465793 129.430760 132.612977 115.980052 109.253640 129.891382 184.644806 205.928381 168.748041 127.595184 188.426728 289.497483 244.635114 141.623132 120.164248 142.720730 146.723996 154.661466 149.304919 149.786242 151.303747 157.626143 170.914067 182.757396
3.815756 11.127200 10.695415 3.380426 12.083096 24.639403 25.038342 12.932259 0.548705 0.000000 0.000000 0.000000 0.000000 0.674391 9.967524 16.364879 12.151191 2.186399 0.000000 0.000000 0.000000 0.260017 9.146908 53.733531 88.610874 79.577357 43.138496 7.143217 0.032699 7.227954 20.104967 24.982345 25.160173 35.916641 55.228302 56.701072 34.245592 12.128935 39.016255 86.181266 106.640991 92.955037 76.020391 90.380545 143.340355 186.981109 208.539850 192.408744 280.350262 553.157911 716.589885 572.741928 260.495373 122.211557 156.897684 180.442179 177.321484 186.078458 179.225685 127.813358 87.402309 67.319304 73.952399
0.000000 0.000000 0.000000 0.000000 0.601575 5.141119 10.629767 9.992806 5.327057 0.018709 0.000000 0.000000 0.000000 7.651935 26.031817 35.884326 29.494195 11.721364 0.000000 0.000000 4.131891 14.579531 18.228522 32.369942 120.673807 225.888389 178.336156 51.466248 0.913003 0.000000 0.046007 0.028217 13.172941 34.414865 41.373336 44.076760 32.860722 16.389366 28.651187 67.047043 85.144875 65.323045 44.451567 64.529969 127.069725 193.728328 243.996392 257.392356 448.338259 830.827984 1019.862458 838.160738 393.681449 140.813498 177.496786 225.707801 218.559175 215.542130 212.606743 152.086972 80.462152 32.263435 41.658162
0.000000 0.000000 0.000000 0.000000 0.000000 6.694673 22.650720 30.068080 22.656508 6.700967 0.000000 0.000000 0.000000 10.650445 31.353586 42.089492 35.142898 15.373743 0.217172 0.435692 15.158490 32.251045 39.872421 150.711616 501.516994 729.586039 600.924661 255.136201 34.928899 4.513201 0.121963 7.644083 23.728498 39.950181 41.831540 41.205518 40.141863 35.965618 34.814110 44.705074 56.632704 52.879445 25.405781 30.231852 80.209950 147.512235 219.458042 244.655564 422.634996 764.408344 940.576256 762.189876 343.958231 125.614564 164.235547 218.118620 220.192041 205.019571 198.151240 149.145528 75.329227 14.809242 21.504732
0.000000 0.000000 0.000000 0.000000 0.103968 21.835201 54.283169 54.570486 33.468247 12.907889 0.000000 0.000000 0.000000 5.350337 21.613247 30.660796 24.777718 8.823954 0.092005 1.151423 18.544776 37.112153 69.015769 332.545289 837.878413 1118.026340 941.239922 457.744716 87.176805 23.110959 9.777031 16.626808 38.385787 45.443010 37.599364 35.042944 41.605096 64.518160 71.796625 63.796333 60.755989 45.452717 32.094910 27.426593 50.528961 92.098020 139.285980 157.513312 223.821061 422.523123 540.976015 411.583138 154.704018 85.546388 154.065268 200.670990 192.505751 153.234480 125.142418 95.161250 47.668291 5.766932 5.020815
2.912571 0.000000 0.000000 0.000000 13.631134 77.907589 128.245909 115.302694 52.388146 9.917312 0.000000 0.000000 0.000000 0.000000 5.066422 9.853858 6.720238 7.923562 14.497895 11.639358 13.160758 25.575650 65.772105 323.539014 802.043462 1064.557309 881.241967 412.196845 80.873599 43.090458 24.707194 25.255738 54.732007 68.691740 54.446401 30.089064 35.378938 72.615998 90.383637 85.608827 73.967981 48.600393 37.672725 19.941380 18.796388 40.230982 53.384578 70.083069 87.283125 117.341513 160.807586 122.777759 57.803962 59.489159 123.110073 181.348680 171.342458 129.956517 87.380771 47.356582 20.423162 3.018425 0.000000
3.172004 0.000000 0.000000 0.000000 39.315795 120.483792 172.190521 150.453509 68.582954 2.694078 0.000000 0.000000 0.000000 0.000000 0.000000 0.000000 5.351826 23.161588 34.388667 29.899136 13.757081 6.740114 26.017216 162.072214 459.803879 629.531210 474.055147 167.208093 63.325400 67.649874 44.385107 36.099354 64.144353 100.429750 92.351622 48.214792 22.472503 49.383430 79.205058 82.702613 63.816587 37.946878 30.873113 14.453493 0.170174 6.759130 19.777348 36.940347 58.598250 72.769431 80.551818 74.382669 64.304201 58.993779 89.187025 153.397080 171.647988 128.230341 72.789015 27.717674 5.662377 0.000000 0.000000
0.000000 0.000000 0.000000 0.000000 36.930734 114.741085 155.630383 129.536306 54.105155 0.988920 0.000000 0.000000 0.000000 0.000000 0.000000 0.000000 8.539634 29.392800 41.900363 36.928399 17.918189 0.886217 17.952427 100.646159 195.149374 214.832641 125.484858 64.191621 89.923671 101.926524 68.467677 41.875962 70.084692 111.907035 109.283500 72.909642 39.253026 46.770304 69.554699 67.045993 39.631245 23.868113 29.989110 20.143956 26.328220 56.751796 79.893951 77.952757 62.355269 83.601818 99.275863 95.665617 74.501600 60.332581 87.558747 142.007468 158.180748 106.191063 41.894658 7.131673 0.000000 0.000000 0.000000
0.000000 0.000000 0.000000 0.000000 9.861900 58.893427 88.891473 69.155662 19.286438 0.000000 0.000000 0.000000 0.000000 0.000000 0.000000 0.000000 4.340630 21.000822 31.744229 27.511489 15.649758 9.591227 90.449991 207.967627 255.266211 200.182130 131.020514 191.395544 256.929329 201.210456 123.308816 84.085990 95.541311 119.878538 106.617349 86.700236 80.206730 108.040178 201.165944 201.039412 104.644328 36.955051 37.292855 37.172787 68.400736 107.518542 145.071960 138.540031 95.148708 114.851625 140.291489 141.146250 107.651761 85.954159 122.654755 142.629972 142.093643 93.574168 22.496244 0.028825 0.000000 0.000000 0.000000
0.000000 0.000000 0.000000 0.000000 0.000000 4.948822 13.929719 7.687043 0.000000 0.000000 0.000000 0.000000 0.000000 0.000000 0.000000 0.000000 0.000000 5.272107 11.206716 17.710543 30.302167 107.648703 254.529410 337.292435 327.299910 260.300290 282.721554 546.389881 717.140634 587.538540 289.305506 145.056559 127.221678 116.344635 85.973477 85.721181 112.897526 283.656619 460.215027 460.941975 296.031994 88.626856 41.586715 40.312235 72.529770 115.801127 151.298183 140.655395 102.115358 119.153365 140.882052 147.425832 132.317235 112.822857 162.314215 209.117175 196.838149 128.785265 34.240339 0.041352 0.000000 0.000000 0.000000
0.000000 0.000000 0.000000 0.000000 0.000000 0.000000 0.000000 0.000000 0.000000 0.000000 0.000000 0.000000 0.000000 0.000000 0.000000 0.000000 0.000000 0.000000 1.149692 18.774840 102.846963 254.053652 411.498325 434.652271 317.244297 222.912934 390.618089 816.832090 1060.869156 906.217266 480.172317 194.799092 140.464001 99.004712 54.967278 63.725223 127.862309 356.338588 559.258580 560.466305 375.323034 118.273140 27.748832 24.149398 34.501449 69.054051 97.954125 83.642718 53.307616 79.429318 100.132405 104.852810 103.173303 106.009759 176.691372 246.894617 245.050093 162.453895 49.738303 2.222233 0.000000 0.000000 0.000000
0.000000 0.000000 0.000000 0.000000 0.000000 0.000000 0.000000 0.000000 0.000000 0.000000 0.000000 0.000000 0.000000 0.000000 0.000000 0.000000 0.000000 0.000000 0.816580 19.612494 144.846865 307.554734 412.815066 389.141179 228.300716 101.435972 309.063357 750.682515 995.357143 852.570954 446.840773 167.553020 100.817469 64.440500 30.734293 36.117145 78.019887 247.528441 417.317977 430.212189 278.388337 62.325143 5.889984 5.017031 0.379716 10.045895 23.729178 21.842374 16.168991 22.588788 39.805384 35.681235 37.081088 89.179026 172.053511 292.994933 325.022441 228.640410 79.421709 2.567815 0.000000 0.000000 0.000000
