WorkingVersion/ascfiles2/tmp_kdeout38.asc
ncols        704
nrows        293
xllcorner    827.296065
yllcorner    924.742280
cellsize     0.500000000000000
NODATA_value -999.000000
[rows 56 to 83 of 293, columns 126 to 188 of 704]
9.964249 30.787323 42.158192 35.874401 31.834354 56.893414 81.786387 74.120024 38.904050 2.885342 10.219283 28.081072 39.619174 32.798515 10.694638 0.000000 0.000000 0.000000 0.000000 0.000000 0.000000 0.000000 0.000000 30.815733 114.933231 168.858238 136.972907 53.163680 2.370114 0.000052 36.234262 124.455923 167.461276 175.894054 179.470883 192.879352 200.152658 170.097401 170.675468 214.724837 283.377070 743.511036 1524.729816 1918.972178 1422.509670 514.621681 379.443988 702.896123 925.542655 994.879332 1185.929557 1856.804748 2204.564951 1803.413630 900.075846 274.134760 228.118149 349.045032 702.425377 1427.946670 2053.214955 1998.834101 1518.102121
5.348380 22.133911 31.910868 26.476796 23.020880 51.199065 75.400167 66.649736 31.328180 0.966318 1.426875 10.851989 15.572821 9.925877 0.822865 0.000000 0.000000 0.000000 0.000000 0.000000 0.000000 0.000000 0.257492 42.768139 132.617555 182.246602 175.137905 100.232416 16.397887 3.768311 116.096034 309.305468 376.729764 290.602616 197.192954 232.525138 262.820662 240.793906 190.802577 215.594321 314.038336 1053.225452 2733.539621 3692.722763 2995.743646 1327.597456 573.397318 861.058084 1061.421211 1057.975562 1405.895914 2425.896350 2954.772079 2489.866201 1402.632416 678.460318 526.845995 518.319471 584.822524 864.408573 1279.415839 1282.849529 1117.219816
0.000440 5.822542 11.271436 8.144666 2.189451 22.540881 39.384392 33.134996 10.460543 1.570140 0.000000 0.000000 0.246302 0.000000 0.000000 0.000000 0.000000 0.000000 0.000000 0.000000 2.124305 11.502472 19.033503 53.395162 116.981282 239.606698 351.280912 307.205899 171.987461 50.368000 261.107131 512.446283 569.904897 418.755992 239.049160 245.584425 294.492117 284.428293 209.470700 174.186963 301.508103 1341.290026 3464.077695 4686.321737 3953.017071 2005.431557 786.912015 829.538316 971.223691 918.800082 1229.609560 2160.769727 2736.839263 2385.384423 1646.351345 1241.188922 1250.287214 1121.527170 836.297717 769.755004 831.665200 785.318756 583.416446
0.000000 0.000000 0.000000 0.000000 0.000000 0.085687 3.314939 15.080169 53.181819 65.313910 34.593507 0.687714 0.000000 0.000000 0.000000 0.000000 0.000000 0.000000 0.000000 6.862625 27.772249 62.668078 75.720133 82.766073 147.415610 350.348451 525.134830 497.290975 314.858598 119.987335 272.533373 527.498742 570.409014 387.255913 179.571274 180.856254 236.481411 247.197438 200.647716 170.492195 301.759605 1183.685257 3002.793739 4092.806786 3512.297768 1854.115641 703.303102 688.846524 785.056517 714.231449 877.943982 1383.983600 1802.692759 1629.726888 1400.931580 1586.374232 1793.055481 1634.470546 1344.864810 1204.651569 913.487142 559.485045 427.005563
0.000000 0.000000 0.000000 0.025855 0.423384 4.806684 3.262491 75.475555 233.339656 329.511319 182.804065 26.107227 0.000000 0.000000 0.000000 0.000000 0.000000 0.000000 0.785706 17.002180 53.421380 100.438953 126.190086 127.866027 181.886144 364.163375 534.100361 514.471878 319.485890 102.227121 141.482550 324.712689 358.199872 207.909966 51.400093 80.608538 137.219792 148.779491 158.515399 204.752179 275.882795 684.629337 1613.191494 2327.669366 1985.763609 1020.889502 628.227703 737.624052 702.686597 601.845460 716.368823 890.238626 1135.061319 1125.601546 1176.100037 1460.262702 1674.332891 1677.182584 1666.091271 1703.156329 1368.402240 837.649805 579.960882
0.000000 0.189662 3.218962 14.478561 57.898002 84.018139 75.777214 289.283158 871.853430 1161.648516 845.661286 220.514805 0.933325 0.000000 0.000000 0.000000 0.000000 0.000000 0.888114 17.467112 49.018703 94.749612 128.871226 143.243467 178.077081 253.410499 358.147691 329.806632 183.506923 61.085257 51.307571 87.248141 95.322398 37.805401 0.575829 10.685861 31.757644 45.933424 122.181156 245.653546 335.778322 418.694070 573.193770 720.429302 654.126990 710.095982 1013.185808 1154.319397 924.984964 704.811490 753.230193 976.632463 1305.864809 1305.849699 1174.221031 1008.467339 976.852651 1185.057526 1608.569399 1919.888600 1695.526960 1080.970747 716.616865
3.881941 14.222904 29.592035 63.414206 135.857967 173.519594 160.437769 598.621548 1435.369826 1872.982034 1469.385792 544.039469 18.372983 0.000000 0.000000 0.000000 0.000000 0.000000 0.000000 7.771013 21.904216 47.600735 85.504503 104.075499 137.435533 167.465537 155.749307 110.890274 124.823962 257.204700 273.751775 148.551697 34.005643 70.278569 115.174472 84.257205 26.051952 91.098334 253.974748 378.003271 409.100960 400.632538 379.967426 409.226303 512.377274 929.672126 1380.010244 1450.882931 1216.496481 1194.843538 1237.999657 1371.995143 1450.597326 1410.972835 1134.708533 658.607052 360.965941 656.367862 1253.825682 1641.017418 1526.608733 974.884265 655.536616
14.857377 32.384380 52.419477 90.815607 160.742645 194.959611 169.957287 584.827235 1504.233584 2000.521136 1611.114435 649.078147 25.301780 0.293819 0.611642 0.000000 0.000000 0.000000 0.000000 0.000000 3.018861 7.029523 30.767321 61.520956 100.358589 120.091540 99.134426 96.930043 289.471478 514.296996 555.430792 387.517926 189.618889 263.910260 349.669297 299.967457 266.730754 569.574099 1004.343292 1005.097471 630.486469 363.073460 303.675115 332.062258 428.300172 808.656423 1238.506792 1354.849725 1410.340136 1560.756711 1688.442550 1634.267748 1403.035751 1230.774361 1016.585464 529.516444 236.011965 306.123842 676.731502 954.205985 902.908069 614.071930 547.394335
18.413353 37.067276 56.768485 76.087026 116.995234 133.630088 102.347223 277.209091 993.964834 1431.560330 1152.641381 432.143888 23.986103 14.926427 16.838697 8.385725 0.057799 0.000000 0.000000 0.000000 0.000000 4.520998 50.471406 89.408617 126.533851 118.674318 88.493207 108.656735 329.788573 576.529559 633.648942 468.963010 289.723867 393.534273 495.702625 453.045951 588.445095 1158.820669 1735.910181 1659.633637 975.024056 350.202651 194.828083 256.166915 285.165037 412.876562 802.447377 1049.858079 1305.918260 1627.668457 1803.151460 1465.118252 968.730484 803.583892 741.177415 480.688747 285.865465 204.709639 273.892948 364.832529 385.570325 349.913320 616.995125
10.757867 30.973894 51.896470 57.546220 50.108970 44.626022 22.337090 56.110449 337.728197 590.713058 480.381482 194.280483 32.044936 32.915293 35.727037 22.748353 4.469528 0.395709 0.000000 0.000000 0.000000 24.354442 88.184864 206.404344 294.476826 262.569376 143.153546 74.959260 196.486016 410.098455 467.296235 344.221082 226.275505 355.684501 449.031439 411.716883 596.686914 1227.307697 1790.345066 1688.931604 980.158235 296.286512 156.251868 227.274299 254.387791 255.826962 480.107479 731.877052 1075.149686 1492.220008 1531.033695 1151.351640 569.000708 477.548102 546.780665 499.551828 328.908453 161.159532 116.456218 145.544532 168.526009 213.455401 504.162836
0.674120 16.617629 39.403465 45.622058 36.023701 16.530071 0.464786 3.180332 105.483125 205.834157 187.499227 73.815564 26.544314 37.984858 41.001104 28.333188 27.242067 36.522797 26.023577 2.988901 0.000000 29.377485 131.857135 319.628403 431.491579 391.288530 225.885874 70.231808 78.725773 192.838124 254.435462 226.878532 183.248112 241.512712 262.281129 207.174154 266.518020 728.585321 1144.496497 1082.396625 599.390842 219.605291 207.993554 263.986407 277.803157 290.976790 478.227025 697.374897 895.317658 1055.386545 978.605050 689.052050 388.398098 352.540608 419.680718 400.574626 272.178169 184.113525 136.643558 126.271427 135.844816 164.806042 372.778536
0.000000 6.358593 24.946133 35.501039 29.150547 11.991461 0.006226 0.000000 5.553351 24.846303 24.063149 11.906392 12.741604 26.434767 28.960541 35.671598 70.626946 96.722467 79.425324 30.126668 0.000000 12.051740 105.555035 293.799418 415.649039 385.525946 244.362190 109.720887 99.306770 147.492063 211.530876 253.902684 227.014655 184.193006 120.364754 60.826860 42.535935 152.046590 329.167849 337.101149 223.277723 221.636313 296.430347 347.510623 371.292354 409.330566 486.444389 569.891979 620.759827 635.529945 591.492079 469.796554 249.816051 184.051294 242.495892 232.255737 189.687042 214.251404 220.179041 213.922039 194.335053 171.919567 333.614235
0.000000 6.621240 24.806888 32.108552 19.201688 2.140804 5.692815 8.664355 4.216378 1.128914 2.027488 0.113962 0.968881 7.139870 8.480199 33.425968 92.140858 125.200475 105.670989 47.249138 1.357275 0.037196 24.308444 149.643487 267.466607 304.243698 409.611817 422.748918 355.724641 217.879212 243.902689 273.792256 224.642002 161.682186 88.951475 29.765050 23.701216 44.013935 77.872592 119.589433 190.762600 260.001215 303.222944 364.885555 641.058356 898.279017 851.175546 557.633159 291.087278 308.313792 446.708938 441.226966 278.379102 175.609620 224.053424 238.830613 265.574232 318.805029 508.084679 676.855364 771.220571 797.222966 693.573650
19.148813 53.473546 61.963009 43.021145 21.471592 12.773807 25.492169 29.495377 20.619039 4.853044 0.000000 0.000000 1.261108 1.929189 0.654138 22.781291 72.954815 101.284264 84.088014 33.683753 5.824473 13.589360 49.106597 238.063467 372.157779 510.982187 726.370782 839.536121 677.517961 375.616981 203.713827 198.931540 157.564068 111.140173 59.377552 24.967727 32.637063 81.191589 142.030645 183.840369 229.696462 273.750659 294.293288 427.359878 970.261816 1427.710810 1377.940039 850.089771 291.038227 328.122774 557.385855 651.371086 556.329320 436.090525 450.483171 495.984269 523.769336 687.719822 968.474231 1368.144858 2058.405851 2311.371910 1827.314383
67.833413 116.649145 119.088762 74.323005 57.471274 106.041086 124.655704 79.823680 31.402080 10.515029 0.000000 6.303018 17.844325 23.613934 37.194052 41.451388 54.197391 49.139212 31.729460 8.491577 20.022454 42.951100 258.728371 605.747085 773.579239 920.096328 1012.740028 1014.590325 787.253763 382.064684 136.438380 118.213569 118.817862 156.413168 154.538529 96.008083 58.840344 119.599047 266.007953 336.755308 310.165261 248.091553 229.289455 392.924849 991.817469 1508.612899 1467.306353 902.979239 366.313622 480.755803 720.702928 770.254921 699.750929 598.093072 664.093298 813.173262 1012.340688 1225.654427 1449.362966 1823.111517 2791.992888 3244.986556 2698.711737
89.956725 136.220094 132.333446 87.611812 126.887845 211.721134 234.108243 156.462606 43.998795 8.035542 1.005507 17.340010 34.548614 55.762147 82.660656 83.879311 62.687590 27.192604 1.434223 14.377308 51.612888 113.547041 426.318291 825.382262 994.325537 977.849567 894.292859 777.887238 560.345641 210.845205 83.524734 98.092430 172.829300 303.116631 331.156429 224.712624 110.485772 163.961969 355.957483 461.856603 408.126387 247.594268 137.613997 194.808285 690.301155 1177.717897 1159.197477 731.525162 380.528936 514.829877 686.018020 675.364536 587.356213 603.825621 774.168863 1042.312103 1338.361210 1464.985991 1483.563099 1594.878437 2351.139335 2867.222766 2525.702343
70.416001 100.864686 90.375352 61.572805 137.880640 238.316855 254.919111 166.612008 39.851984 0.958454 1.460692 19.096683 37.010776 68.615489 107.267388 113.886771 80.120055 29.348778 5.873409 36.075574 99.233131 185.115166 416.226001 715.698201 814.565696 664.064197 420.139207 304.390184 160.057545 25.986026 26.601034 66.238661 208.633052 380.509926 413.084149 286.547355 132.825301 156.897138 367.137080 498.242001 455.533559 284.024418 116.533837 103.843742 325.776252 633.832135 641.294861 453.783882 399.535840 653.753361 1092.406961 1018.894448 650.829102 558.214518 712.299153 976.572618 1381.404869 1497.205885 1230.039128 878.981217 1091.216483 1538.827117 1529.548031
24.391841 40.988810 30.301080 10.452536 87.646150 171.045453 176.211386 99.878022 10.622284 7.721853 10.280263 14.563799 24.906929 56.746068 150.071560 197.884947 148.295980 37.112596 12.163142 51.584941 134.808014 237.436950 299.809211 405.945246 423.201790 318.587264 151.286290 68.606106 14.206229 2.662598 11.311453 49.095317 162.100388 302.135652 329.398353 220.951338 101.239460 112.692161 291.853289 411.977265 388.125423 245.580240 125.194725 101.017145 267.086451 429.092815 418.729296 334.100915 547.701004 1610.178329 2489.066211 2299.570867 1352.162436 665.029988 594.998496 807.533541 1244.089278 1407.383237 1112.643141 583.218234 439.740962 598.929106 688.160275
0.642568 1.376220 0.009396 0.000000 13.199642 55.322111 68.122286 33.734814 20.784243 27.081899 30.949669 20.831101 10.852519 68.255016 199.149088 271.701256 218.601334 84.433586 9.664548 44.692851 127.939293 213.372544 229.359238 306.197705 840.055894 1291.930510 929.604436 265.990026 60.676332 30.089309 34.562246 44.975424 75.825427 135.812485 152.788677 110.364612 72.011337 92.304345 194.437247 270.032262 258.258754 186.475167 144.161104 195.512501 362.087221 475.645516 405.670407 272.266101 773.128543 2350.366510 3491.216218 3291.244286 1981.733795 725.624655 462.231361 681.913614 968.011491 1132.474594 973.176093 618.386577 481.460805 501.403675 524.338791
0.000000 0.000000 0.000000 0.000000 2.134759 19.654728 36.716484 37.899697 43.490787 44.175574 41.893117 29.726930 8.917993 67.438917 204.721763 275.871205 228.723511 99.502224 8.974685 29.625848 81.512899 131.979455 204.753277 1104.148961 3123.832114 4189.445191 3310.403773 1347.948224 228.921026 109.831711 109.567407 132.462755 101.648437 60.667941 43.254717 47.705147 74.561606 115.999311 160.719661 177.739711 154.038017 121.189697 145.999035 267.726485 414.740386 471.201482 380.806049 254.605793 731.713788 2150.123866 3195.939676 2974.066919 1679.813276 489.720269 278.072859 452.904980 808.092150 1045.297861 976.050415 692.670168 534.329983 415.948897 360.788152
0.000000 0.000000 0.000000 1.491532 16.064427 49.122427 78.973826 64.343817 44.647245 40.806290 35.212648 24.145197 5.982020 43.995455 166.691524 217.767270 156.391807 57.118829 18.003264 33.093633 44.878177 59.909037 274.641160 1998.965548 4778.441096 6117.660618 5001.502951 2305.462300 466.463779 230.530310 255.830270 277.186920 219.079113 112.385112 37.688124 42.340295 81.229982 151.170183 190.056019 171.182811 117.129250 75.315430 129.949943 232.791182 373.645086 444.415104 389.825694 311.304745 454.149642 1194.315065 1831.510551 1618.011313 745.800588 211.491988 191.649793 367.490870 751.565015 992.513123 886.951051 625.195948 446.697402 291.491575 160.868872
2.841521 0.000000 0.000000 5.245443 37.135416 114.077132 160.305268 128.612205 49.717521 17.524615 15.585511 8.570845 15.429249 78.372362 147.394915 162.659253 86.896365 17.723154 36.340568 47.013000 39.266185 22.509466 201.761797 1718.146283 4284.207925 5512.970943 4454.562762 1983.017162 444.661485 308.856775 349.242787 350.564071 267.979520 151.983797 52.887868 40.279565 76.160893 159.272383 198.332772 186.640572 146.570653 76.839981 80.168227 123.208831 198.027083 281.798365 295.423225 303.213617 312.362378 424.475118 592.959952 467.850643 228.783588 149.802760 212.137822 451.572608 760.360863 932.687361 823.149655 517.117405 258.813789 114.834744 25.551546
4.913380 0.000000 0.000000 3.657301 60.225695 154.108961 200.901039 161.577714 64.151840 1.205349 0.264157 0.000000 36.028378 121.095181 169.978213 148.436271 83.542882 34.905506 51.215132 56.621495 38.622306 20.553421 72.719928 714.988227 2124.131563 2871.055582 2125.009646 756.832572 292.814186 288.326938 314.827217 296.685978 213.085345 120.208317 49.215195 42.478282 52.085861 121.221658 162.420047 188.388437 169.687926 106.788278 56.522532 32.159596 44.931489 126.813711 201.486678 242.877948 254.538044 259.192089 288.937480 268.222619 221.404984 166.123419 210.597613 444.004641 709.085341 770.069308 601.147588 288.284028 82.154998 13.247591 0.000000
1.098577 0.000000 0.000000 0.013951 45.555001 133.584882 174.416604 137.956895 56.616611 1.063017 0.000000 4.965824 42.191465 119.280698 159.753725 129.388015 70.146283 37.122555 47.947538 46.505208 25.054493 26.846505 146.157433 393.560774 594.192569 541.724203 297.950936 174.741944 213.425745 202.509470 190.169275 163.003317 98.999805 59.651424 51.121759 79.926059 137.738328 174.071666 156.324833 154.578295 166.197728 172.108832 168.409009 120.448650 99.741870 128.831367 179.472679 171.068248 133.155900 190.061430 262.301054 277.205908 239.895326 168.713790 204.826548 446.454093 624.798938 511.077294 251.968274 53.840700 2.257041 0.000000 0.000000
0.000000 0.000000 0.000000 0.000000 10.205937 61.875502 92.875068 72.576729 20.843223 0.000000 0.000000 10.627636 32.756592 72.562139 93.211425 63.529541 22.107462 27.853556 35.429226 26.855640 10.163989 70.048046 586.488408 1043.095468 1007.491679 527.394902 167.935549 451.746432 658.855490 467.147677 275.379639 224.864034 144.350250 86.569294 128.469700 254.217547 370.820211 400.361655 461.684423 402.453014 278.759218 257.115998 283.295914 269.193416 261.183072 213.471535 196.637454 153.615631 108.833370 181.969082 281.201703 308.425461 247.293010 171.828565 390.966522 720.011283 823.229975 542.431718 113.271179 0.000505 0.000000 0.000000 0.000000
0.000000 0.000000 0.000000 0.000000 0.000000 4.041740 14.089619 7.160972 0.000000 0.000000 0.000000 8.087694 26.774155 36.689083 31.500213 12.321199 5.062145 19.102072 21.400188 17.643657 86.618261 522.376448 1344.636866 1715.827056 1452.061762 834.926754 721.449170 1711.372391 2195.714788 1726.361843 803.149857 403.424748 295.263903 181.518012 200.999636 383.862153 565.055700 838.577209 1003.649185 884.544477 585.860236 323.742783 291.168127 315.156058 309.038755 252.246423 213.443255 147.607652 109.097689 168.668075 241.790223 265.926681 209.476048 186.282095 593.551470 1026.398492 1109.169473 756.756714 199.664512 0.041372 0.000000 0.000000 0.000000
0.000000 0.000000 0.000000 0.000000 0.000000 0.000000 0.000000 0.000000 0.000000 0.000000 0.000000 0.960512 10.959709 17.583947 13.165194 6.728070 19.687205 29.129682 25.064486 67.056990 462.281238 1170.592015 1966.842196 2108.574433 1501.307309 826.026570 1262.821177 2702.813992 3361.245806 2769.543603 1386.163052 515.420267 322.401297 182.957004 171.185572 342.384422 576.127621 975.656089 1208.100687 1070.129192 689.194721 290.207239 184.933745 216.660783 202.122340 169.918769 154.106427 94.903697 66.119350 115.586772 157.336627 160.093710 133.850649 151.533056 555.234290 1059.656846 1206.647068 838.184552 264.360918 11.409749 0.000000 0.000000 0.000000
0.000000 0.000000 0.000000 0.000000 0.000000 0.000000 0.000000 0.000000 0.000000 0.000000 0.000000 0.000000 0.000000 0.777538 0.100392 9.538821 30.210135 41.686911 42.955264 130.932782 691.827454 1382.421573 1893.014451 1801.740186 1061.808648 418.335471 1081.453487 2527.799206 3172.473319 2561.617503 1211.543448 399.889359 205.793412 80.285152 81.413896 163.597320 317.424413 637.965368 892.808335 833.955466 508.403286 125.392380 46.650142 53.171363 49.909919 54.078769 46.041422 32.299053 26.010366 40.247976 58.042166 51.056448 41.550756 120.024036 400.906807 1001.598132 1269.468004 898.570270 296.510949 46.056207 0.000000 0.000000 0.000000
