WorkingVersion/ascfiles2/tmp_kdeout8.asc
ncols        704
nrows        293
xllcorner    827.296065
yllcorner    924.742280
cellsize     0.500000000000000
NODATA_value -999.000000
[rows 28 to 55 of 293, columns 315 to 377 of 704]
0.000000 0.000000 0.000000 0.000000 0.000000 0.000000 0.000000 0.000000 0.000000 0.000000 0.000000 0.000000 0.000000 0.000000 0.000000 0.000000 2.181100 20.909771 36.924707 44.810422 248.566860 600.640716 880.158835 1010.168996 974.718396 726.900771 433.502602 220.241430 43.362085 0.000000 0.000000 0.000000 0.000000 0.000000 0.000000 0.000000 0.000000 0.000000 0.000000 0.000000 0.000000 0.000000 0.000000 0.000000 0.000000 0.000000 0.000000 0.000000 0.000000 0.000000 0.000000 1.112462 28.517111 66.579599 77.945717 54.187662 20.297161 26.716328 28.068163 20.338593 8.724120 0.000000 0.000000
0.000000 0.000000 0.000000 0.000000 0.000000 0.000000 0.000000 0.000000 0.000000 0.000000 0.000000 0.000000 0.000000 0.000000 0.000000 0.006032 2.436584 18.746232 36.926793 153.006556 792.966124 1506.260451 2157.686922 2218.065754 1784.166529 1141.856080 412.561124 130.494937 11.628223 0.000000 0.000000 0.000000 0.000000 0.000000 0.000000 0.000000 0.000000 0.000000 0.000000 0.000000 0.000000 0.000000 0.000000 0.000000 0.000000 0.000000 0.000000 0.000000 0.000000 0.000000 0.000000 0.000000 1.113697 26.907236 84.383242 128.591001 120.515134 58.292715 16.717958 2.325510 0.000000 0.000000 0.000000
0.000000 0.000000 0.000000 0.000000 0.000000 0.000000 0.000000 0.000000 0.000000 0.000000 0.000000 0.000000 0.000000 4.714472 30.076248 51.768116 53.700975 56.523856 68.634183 367.498090 1270.375665 2160.904162 2918.347042 2876.663356 2076.586503 1224.947365 572.085257 387.481281 198.285397 6.923048 0.000000 0.000000 0.000000 0.000000 0.000000 0.000000 0.000000 0.000000 0.000000 0.000000 0.000000 0.000000 0.000000 0.000000 0.000000 0.000000 0.000000 0.000000 0.000000 0.000000 0.000000 1.021440 5.741246 54.587402 151.550272 238.219729 232.366838 136.676662 41.471938 2.309091 0.000000 0.000000 0.000000
0.000000 0.000000 0.000000 0.000000 0.000000 0.000000 0.000000 0.000000 0.000000 0.000000 0.000000 0.000000 1.967938 38.583098 104.343643 167.150919 222.431961 277.807113 285.372905 484.040543 1173.104343 1897.948266 2458.854359 2332.283715 1613.784321 1130.337186 971.682557 1066.480807 753.950992 199.224609 0.605528 0.000000 0.000000 0.000000 0.000000 0.000000 0.000000 0.000000 0.000000 0.000000 0.000000 0.000000 0.000000 0.000000 0.000000 0.000000 0.000000 0.000000 0.000000 0.000000 0.775637 13.619949 25.683249 77.531184 172.576974 252.067073 246.450846 147.806047 46.424048 2.943177 0.000000 0.000000 0.000000
0.000000 0.000000 0.000000 0.000000 0.000000 0.000000 0.000000 0.000000 0.000000 0.000000 0.000000 0.000000 5.254242 62.346633 153.949541 264.286653 473.122269 625.565174 574.562814 487.584771 686.992231 1018.278306 1174.581733 1082.982846 873.565025 978.042316 1435.073597 1725.429091 1295.703681 484.462734 40.763362 8.034097 0.000000 0.000000 0.000000 0.000000 0.000000 0.000000 0.000000 0.000000 0.000000 0.000000 0.000000 0.000000 0.000000 0.000000 0.000000 0.000000 0.000000 0.000000 4.464132 24.232665 39.498415 58.996566 111.578368 159.302449 152.578524 81.405701 22.353709 0.008026 0.000000 0.000000 0.000000
0.000000 0.000000 0.000000 0.000000 0.000000 0.000000 0.000000 0.000000 1.229141 9.366144 12.865161 44.755561 57.230083 83.359779 195.454616 364.538497 790.260051 1157.777456 978.214236 502.416705 276.028782 297.175427 419.580186 802.048221 1558.576019 2593.502543 3265.912705 2955.361906 2001.585447 754.932316 146.121573 31.185844 3.090683 0.000000 0.000000 0.000000 0.000000 0.000000 0.000000 0.000000 0.000000 3.842102 5.470788 1.724097 0.006586 0.000000 0.000000 0.000000 0.000000 0.000000 3.599691 22.156831 36.835337 35.803578 30.756777 32.021199 28.587679 12.049753 0.198704 0.000000 0.000000 0.000000 0.000000
0.000000 0.000000 0.000000 0.000000 0.000000 0.000000 0.000000 0.000000 10.884977 27.572874 126.463487 264.835604 308.566045 301.440398 298.942754 632.316384 1487.199942 2022.565833 1703.560418 769.425479 161.283362 238.667815 725.679384 1948.686683 3849.997347 5299.484657 5692.583831 4657.014697 2759.291739 1106.524045 246.405076 52.903457 31.753802 22.927158 2.154862 0.000000 0.000000 0.000000 0.000000 2.536069 20.306940 46.221815 58.414886 39.424295 10.514610 0.288539 0.000000 0.000000 0.000000 0.000000 0.054761 9.264895 19.412280 18.665284 7.767477 0.000000 0.028531 0.078792 0.000000 0.000000 0.000000 0.000000 0.000000
0.000000 0.000000 0.000000 0.000000 0.000000 0.000000 0.000000 0.412986 16.338572 48.665222 242.671330 442.345150 532.992000 516.322083 437.431636 917.286992 1956.369339 2476.332012 2054.599062 949.910681 188.292589 359.885187 1062.905492 2682.468080 5111.120185 7071.575129 7727.665488 6298.805348 3750.631417 1728.018690 439.523882 277.873578 385.034516 375.610917 177.516381 17.797691 0.000000 0.000000 29.922929 131.464858 193.987473 164.148558 142.166871 106.013047 36.554036 4.915468 0.000000 0.000000 0.000000 0.000000 0.000000 0.000000 1.676897 1.462521 0.000000 14.568826 56.518536 64.691075 28.765445 0.007374 0.000000 0.000000 0.000000
0.000000 0.000000 0.000000 0.000000 0.000000 0.000000 0.000000 0.000000 11.137237 38.627746 226.669640 438.994306 720.801593 913.377944 755.087213 908.737862 1767.411880 2189.741323 1751.885217 770.614596 189.978153 394.604680 964.897132 2206.678959 4558.797937 6970.807207 8160.301151 7091.022482 4654.294791 2502.682826 1194.469555 1001.807840 1076.759626 903.043354 488.565388 103.656746 3.285253 41.067011 314.107721 631.442473 713.646685 569.669855 331.484696 195.325599 84.771349 12.065472 0.000000 0.000000 0.000000 0.000000 0.000000 0.000000 0.000000 0.000000 3.531856 73.015450 150.991716 164.263629 102.510188 18.286421 0.000000 0.000000 0.000000
0.000000 0.000000 0.000000 0.000000 0.000000 0.000000 0.000000 0.000000 1.403487 9.837243 91.782263 486.585703 1233.021006 1653.624373 1447.481085 942.879135 1014.045346 1240.634189 926.954042 339.006026 180.142540 395.636052 707.984907 1403.006121 3089.619234 5270.212489 6539.883237 6341.647086 5864.683064 6391.946378 5994.668360 4024.084777 2121.828951 1355.061283 646.053536 143.994776 13.483002 178.027025 668.039970 1120.694433 1236.502617 969.250682 548.891993 263.580028 117.508184 27.827969 13.806176 13.256684 4.094168 0.000000 0.000000 0.000000 0.000000 0.402389 15.969702 108.348727 193.177591 206.091304 136.024628 33.522886 0.000000 0.000000 0.000000
0.000000 0.000000 0.000000 0.000000 0.000000 0.000000 0.000000 0.000000 0.000000 0.000000 10.707383 522.079621 1466.869859 2003.434601 1807.005793 1020.407709 401.508586 311.658560 191.138301 116.152412 226.355641 466.240713 766.504399 1262.448651 2341.368693 3869.644048 4996.771666 5778.422181 8733.078567 12064.153513 12612.464473 9107.480094 3954.784223 1540.604554 521.911623 78.102292 48.544899 325.733360 881.051153 1367.343046 1422.413570 1061.582675 592.019054 328.059636 202.379326 110.358508 70.238645 58.938790 33.285191 4.637623 0.023731 0.000000 0.007153 15.123729 36.359544 103.055599 168.501602 175.260216 111.843743 21.075508 0.000000 0.000000 2.054157
0.000000 0.000000 0.000000 0.000000 0.000000 0.000000 0.000000 0.000000 0.000000 0.000000 6.164793 377.544728 1195.896959 1701.308177 1487.451985 737.728441 177.966801 69.076469 47.305717 84.933093 270.755020 587.804995 968.567867 1470.168658 2063.630525 2890.544950 3619.346209 4738.359787 9320.705571 14197.645509 15125.261317 10946.268766 4574.813060 1198.537554 237.356409 69.362582 181.175785 522.095974 961.127015 1307.147569 1234.701181 826.088676 517.078030 409.443921 331.064040 257.163766 170.012359 127.602433 92.786512 37.137752 12.710893 2.867069 7.032856 40.739116 67.102120 78.581245 105.404879 98.959964 57.694519 18.844687 1.246196 0.000000 10.966928
0.000000 0.000000 0.000000 0.000000 0.000000 0.000000 0.000000 0.000000 0.000000 0.000000 0.585613 75.299606 471.341393 781.445451 624.040244 185.904210 18.215487 2.602002 19.609696 79.949650 299.150871 611.927363 923.334718 1270.194401 1561.278951 1851.549609 2211.264800 2928.092232 6665.093987 10896.745997 11535.233521 7927.778983 2793.681447 607.815427 97.686234 104.469077 282.302932 584.301559 863.906805 938.477347 777.698828 492.618497 388.128164 384.231467 380.503669 337.168714 288.028518 245.734883 197.264998 87.090879 31.829415 20.231310 20.798146 52.525384 77.207587 76.283938 63.577774 62.478219 105.970700 103.405583 46.589892 1.003301 14.927949
0.000000 0.000000 0.000000 0.000000 0.000000 0.000000 0.000000 0.000000 0.000000 0.000000 0.000000 1.211680 8.262137 30.405097 8.811706 0.000000 0.000000 0.000000 24.497394 78.747724 257.116735 489.382735 644.379158 704.438436 758.373141 853.095266 1137.510856 1518.354579 2463.035583 4330.178669 4493.495187 2525.184814 677.387675 167.600924 42.599522 90.418555 231.957691 452.502189 603.754878 587.267640 443.787351 309.591531 289.612709 331.159297 407.530505 512.487645 525.960312 407.425300 306.519721 138.239209 50.090819 43.410074 43.483182 69.410389 77.816892 61.016263 40.880780 102.255927 186.202026 193.334061 120.411350 28.040085 13.388804
0.000000 0.000000 0.000000 0.000000 0.000000 0.000000 0.000000 0.000000 0.000000 0.000000 0.000000 0.000000 0.000000 0.000000 0.000000 0.000000 0.000000 0.000000 18.841931 62.119072 178.417105 319.551602 364.936356 316.661032 240.550651 248.665556 380.768634 567.962753 628.262272 513.659246 372.405864 227.897225 114.857609 64.957508 149.731241 186.236977 128.489430 174.958083 233.356098 208.142059 165.847740 188.939797 222.871110 320.794845 573.004653 804.225014 883.639258 672.923901 361.663717 156.523487 47.688294 48.736346 66.909897 92.664364 84.386306 50.275719 17.193430 101.761490 195.359452 211.203705 144.754707 40.913571 6.192685
0.000000 0.000000 0.000000 0.000000 0.000000 0.000000 0.000000 0.000000 0.000000 0.000000 0.000000 0.000000 0.000000 0.000000 0.000000 0.000000 0.000000 0.000000 2.838730 23.219479 67.162867 122.667795 128.214515 114.838840 95.465537 98.647311 84.838869 71.670079 111.484524 128.691417 116.162717 80.132113 72.094781 312.755078 557.198435 555.470766 311.636432 42.848583 4.025275 5.282157 53.986609 156.059845 208.798336 322.890323 638.893254 924.174434 1017.828862 740.425453 315.315371 102.372597 23.583611 36.504908 75.975326 107.215221 87.236238 51.856638 11.978415 54.533460 131.295457 151.192274 97.949785 18.169890 2.825809
0.000000 0.000000 0.000000 0.000000 0.000000 0.000000 0.000000 0.000000 0.000000 0.000000 0.000000 0.000000 0.000000 0.000000 0.000000 0.000000 0.000000 0.000000 0.000000 0.015730 1.446536 3.263601 5.523010 24.975854 58.333052 88.130152 96.359064 86.722318 107.918198 121.908767 115.031493 83.866936 131.700710 507.548592 820.005117 813.362883 496.298945 105.142446 0.000000 0.000697 27.169090 105.964967 149.702866 213.621642 491.712363 751.351472 786.863786 500.453654 153.624842 32.478204 4.500229 32.761854 141.308091 206.268995 163.626778 59.828782 7.363368 4.096149 37.073663 47.965453 20.497392 9.738689 34.050561
0.000000 0.000000 0.000000 0.000000 0.000000 0.000000 0.000000 0.000000 0.000000 0.000000 0.000000 0.000000 0.000000 0.000000 0.000000 0.000000 0.000000 0.000000 0.000000 0.000000 0.000000 0.000000 0.000000 4.050782 28.224154 86.064296 119.109795 113.712633 111.501648 86.601434 70.406580 46.173656 92.924362 430.390067 726.248571 726.666311 433.906932 79.889585 0.000000 3.037656 7.647588 27.499914 46.450201 48.532092 214.011914 406.659310 408.553286 217.545910 65.213198 2.853154 0.352564 73.182242 215.021973 299.862412 254.708650 108.754478 19.610582 5.094346 0.000000 0.000000 2.240200 36.500415 84.474419
0.000000 0.000000 0.000000 0.000000 0.000000 0.000000 0.000000 0.000000 0.000000 0.000000 0.000000 0.000000 0.000000 0.000000 0.000000 0.000000 0.000000 0.000000 0.000000 0.000000 0.000000 0.000000 0.000000 0.000000 10.077230 68.426202 117.798718 119.503620 77.763441 29.707891 12.343818 7.097626 17.368238 152.253484 346.902779 357.889103 170.465595 5.849274 5.014394 20.117922 30.612647 23.156009 10.183929 39.407982 132.818002 232.232380 307.308669 270.374231 154.225434 40.833050 0.985139 86.672922 231.233023 315.738838 282.337390 217.947123 161.134923 111.004437 26.555869 0.000000 3.380092 50.072664 105.524992
0.000000 0.000000 0.000000 0.000000 0.000000 0.000000 0.000000 0.000000 0.000000 0.000000 0.000000 0.000000 0.000000 0.000000 0.000000 0.000000 0.000000 0.000000 0.000000 0.000000 0.000000 0.000000 0.000000 0.000000 1.693527 40.891341 80.647627 82.059352 43.949101 13.523549 30.554332 32.997704 15.328357 1.008489 20.686535 24.260259 1.207459 0.000000 12.833908 44.850849 64.462027 56.442113 44.340428 76.623999 165.522402 301.595536 410.986695 380.510370 245.266278 93.972186 1.693193 39.460506 150.518740 221.999395 250.915998 278.875206 289.702743 223.968390 91.361971 0.808221 2.166334 33.415010 80.056869
0.000000 0.000000 0.000000 0.000000 0.000000 0.000000 0.000000 0.000000 0.000000 0.000000 0.000000 0.000000 0.000000 0.000000 0.000000 0.000000 0.000000 0.000000 0.000000 0.000000 0.000000 0.000000 0.000000 0.000000 0.000000 4.056257 21.158010 21.884087 8.105535 35.413267 66.970266 70.562928 43.159442 7.249984 0.000000 0.000000 0.000000 0.000000 15.880843 54.725617 84.187171 123.511093 150.113445 167.110127 191.884044 271.677885 357.082443 342.562942 230.226672 88.050312 5.059014 0.385986 28.726830 67.839088 129.235210 241.966276 300.939322 239.591255 107.171981 16.783860 19.340922 18.316730 29.442041
0.000000 0.000000 0.000000 0.000000 0.000000 0.000000 0.000000 0.000000 0.000000 0.000000 0.000000 0.000000 0.000000 0.000000 0.000000 0.000000 0.000000 0.000000 0.000000 0.000000 0.000000 0.000000 0.000000 0.000000 0.000000 0.000000 0.000000 6.940291 21.028561 58.194909 83.222256 81.186680 51.545780 10.898949 0.000000 0.000000 0.000000 2.411009 23.520898 58.160384 98.466181 166.735223 221.393858 221.796519 187.639127 148.989830 187.677381 228.891571 213.068647 117.360118 58.774650 60.756300 58.824338 38.510645 46.956981 139.139055 189.647481 149.562505 62.135384 32.639746 37.585284 26.015468 9.097242
0.000000 0.000000 0.000000 0.000000 0.000000 0.000000 0.000000 0.000000 0.000000 0.000000 0.000000 0.000000 0.000000 0.000000 0.000000 0.000000 0.000000 0.000000 0.000000 0.000000 0.000000 0.000000 0.000000 0.000000 0.000000 0.000000 2.872270 20.514988 39.871806 66.156009 74.820451 59.265028 32.987494 3.483485 0.000000 0.000000 0.216373 24.404001 54.881522 72.698457 95.382921 143.317051 202.213427 203.090081 138.654399 68.464995 87.088956 200.872079 269.545044 246.254013 196.445098 175.482774 167.753432 114.965948 41.236313 29.199042 44.114534 27.026120 17.081583 35.979143 41.162811 29.005519 8.455407
0.000000 0.000000 0.000000 0.000000 0.000000 0.000000 0.000000 0.000000 0.000000 0.000000 0.000000 0.000000 0.000000 0.000000 0.000000 0.000000 0.000000 0.000000 0.000000 0.000000 0.000000 0.000000 0.000000 0.000000 0.000000 0.000000 4.552701 33.280383 63.013397 82.071065 93.741241 62.937977 20.690272 0.000000 0.000000 0.000000 3.258332 39.437976 75.820114 82.908051 67.952488 80.147823 107.596239 108.805721 56.972140 23.354016 93.942632 236.807005 332.859075 319.743599 285.903386 277.025188 275.894235 191.432623 70.364623 19.853528 0.564737 0.000000 8.823379 23.383915 27.596689 17.834635 3.045892
0.000000 0.000000 0.000000 0.000000 0.000000 0.000000 0.000000 0.000000 0.000000 0.000000 0.000000 0.000000 0.000000 0.281842 4.160511 4.413642 0.510210 0.000000 0.000000 0.000000 0.000000 0.000000 0.000000 0.000000 0.000000 0.000000 2.058114 33.007080 69.030711 121.008668 139.326396 107.289177 56.573956 6.749585 0.000000 0.000000 1.204810 31.938269 68.122039 79.769596 55.188552 18.008869 19.082439 12.114754 0.225551 12.261315 82.718300 204.312425 281.324580 265.206953 257.886746 293.313671 320.257469 245.112663 112.253879 54.003044 24.544929 1.764666 0.129698 4.952453 6.985311 2.601208 0.000000
0.000000 0.000000 0.000000 0.000000 0.000000 0.000000 0.000000 0.000000 0.000000 0.000000 0.000000 0.000000 0.132068 11.022182 23.317428 23.911574 12.273595 8.040925 15.306336 9.217155 0.160823 0.000000 0.000000 0.000000 0.000000 0.000000 0.445372 17.819061 51.978926 115.053185 146.859001 127.888815 73.815944 13.454597 0.000000 0.216664 12.600080 38.414125 71.588684 73.766187 51.263944 22.883214 3.190431 0.000000 0.227687 15.225794 47.481978 104.948473 145.713809 131.030186 142.491182 252.431243 306.340179 263.480956 156.291499 84.261955 51.793075 12.751069 0.000000 0.000000 0.000000 0.000000 4.482515
0.000000 0.000000 0.000000 0.000000 0.000000 0.000000 0.000000 0.000000 0.000000 0.000000 0.000000 0.322155 10.668817 34.380090 46.366083 39.400075 33.689942 44.794112 57.066060 44.954974 14.008522 0.000000 0.000000 0.807029 6.030888 6.581865 1.506833 5.185174 20.035127 67.534829 101.626067 92.438554 51.182088 4.975559 0.000000 7.253700 39.549124 69.608627 87.486766 86.044864 70.813014 50.983828 19.934238 1.450134 0.074163 13.669197 32.198083 40.988815 48.904028 49.043671 90.862917 200.201281 257.399021 253.663617 188.368740 108.573563 63.802067 14.344496 0.000000 0.000000 0.000000 3.351320 19.619389
0.000000 0.000000 0.000000 0.000000 0.000000 0.000000 0.000000 0.000000 0.000000 0.000000 0.000000 9.538085 39.166937 66.885727 65.662246 46.269768 45.245765 70.991993 97.481842 84.883363 37.429638 0.662778 0.244639 12.248321 25.575263 26.697134 14.660809 1.088369 0.982897 10.507824 30.721470 31.643574 10.298976 0.000000 0.000000 11.846706 48.990481 79.518815 94.688007 95.559132 79.133021 60.002744 29.094232 6.124973 0.000000 4.180552 16.174776 20.745352 23.954441 25.944846 41.948335 119.986161 175.545486 191.989222 162.533829 104.638635 63.260155 21.746361 23.184099 19.414772 3.822509 7.263742 28.024845
