WorkingVersion/ascfiles2/tmp_kdeout14.asc
ncols        704
nrows        293
xllcorner    827.296065
yllcorner    924.742280
cellsize     0.500000000000000
NODATA_value -999.000000
[rows 56 to 83 of 293, columns 124 to 185 of 704]
10.924715 0.000000 0.706193 0.596858 0.000000 0.000000 0.000000 0.000000 0.000000 1.089898 2.675635 0.608058 0.905825 16.809545 46.825233 59.922014 47.714110 38.713629 22.605081 3.382735 0.000000 0.000000 0.000000 0.000000 1.442226 103.785358 453.907442 908.704774 1028.324992 783.826603 378.494676 153.395256 239.274473 518.308580 730.013619 855.191762 878.206505 947.409083 985.357996 841.550834 1091.026802 1958.389929 3086.461261 5532.380120 8867.009770 10496.077579 7923.700380 3221.771641 2381.931095 3800.234892 4433.906595 4274.466667 4457.067726 7004.388206 8941.704205 7853.945143 4385.019774 1310.957288 658.919971 1099.052656 2281.226358 4856.850965
17.537286 13.822042 31.286303 30.532582 11.631308 0.000000 0.000000 0.000000 0.052527 7.870667 11.368296 4.091570 11.674206 24.567314 28.579140 35.104457 37.523250 36.490010 20.913687 3.344462 0.516133 0.000000 0.000000 0.000000 22.633487 157.956412 549.115456 1041.633769 1274.737635 1072.993660 511.002074 175.619304 542.202888 1165.698371 1551.507019 1470.908623 1302.102455 1379.639725 1355.677614 1208.011347 1247.295533 2106.587543 3403.007479 7170.571454 14862.838695 19031.418410 15419.899001 7292.305277 3077.312688 4191.230670 4755.763945 4465.952949 5479.316256 9492.900158 12036.186321 10678.466901 6595.384159 3378.506948 2337.833926 1890.847783 1650.631887 2480.774559
21.381001 40.031129 68.875179 67.754640 37.407431 3.816669 0.000000 0.000000 16.306823 44.700734 62.630825 56.841502 38.582758 40.606666 39.530428 33.333602 24.165163 19.462686 15.829223 16.568204 16.134722 6.328219 0.000000 7.598322 50.656837 158.679502 468.355027 1188.526766 1869.038034 1770.729043 1019.507907 332.954119 928.386466 1752.852908 2092.819473 1875.258259 1537.420072 1609.640731 1838.423554 1924.630658 1642.306854 1849.596760 2993.154268 7573.074171 17292.944268 22788.275362 19325.402778 10169.455986 3704.378799 3508.868753 3918.202762 3718.198382 5050.726122 8719.836624 11274.658554 10557.250613 8339.649090 7225.475265 6908.685681 5063.336262 2605.647040 1713.219423
14.240641 48.690240 80.235471 79.025682 45.893577 6.822273 0.000000 1.417261 34.209430 145.938349 377.831421 465.356569 286.978464 70.764952 36.913270 22.279093 5.510401 4.620634 20.491567 35.768976 38.465332 22.050402 10.989065 49.445658 92.931105 151.122967 441.702611 1424.105668 2307.414426 2280.801709 1431.013028 562.951260 886.694308 1680.329375 1884.370125 1499.725961 1125.812803 1272.943560 1732.540653 2052.129421 1903.698971 1744.085952 2376.480951 5864.946053 13811.756223 18759.215648 16364.484065 8923.250781 3124.046243 2765.465038 2957.718443 2820.008008 3734.697845 5712.216010 7514.955590 7654.071032 8211.330978 10085.701784 10677.970744 8262.664640 4800.172285 2986.248827
9.873603 31.234516 57.280241 56.258771 29.002808 1.565682 0.556256 0.895241 58.491539 529.452236 1366.646626 1760.037887 1089.298328 286.017581 29.567350 9.374166 0.066928 4.358894 25.490079 53.710968 63.036748 43.801687 38.160462 86.346547 119.303204 165.274910 460.136383 1311.464006 2142.410430 2178.141612 1400.708531 493.667511 463.677805 1004.205872 1136.876553 745.732097 453.390644 701.818586 1198.566636 1541.101772 1712.494660 1786.711709 1863.143658 3255.008381 7080.986625 10239.793355 8656.637476 4320.382294 2538.140395 3116.651131 2843.457721 2387.746306 2790.577935 3646.191561 5094.445433 5860.319722 7441.261199 9724.173770 10422.068319 8764.972511 6250.110176 4906.178548
42.583566 4.632644 17.072962 16.518741 6.877515 13.110616 16.824024 11.318169 140.860579 1294.808436 3496.301428 4468.375651 3258.009405 969.174606 41.397976 0.000000 0.000000 2.932433 57.270967 104.197124 88.163900 49.891505 43.942915 84.441266 117.478156 153.667011 366.247920 848.878297 1459.338146 1441.692484 977.761088 541.175509 429.923505 379.279583 352.160873 202.468984 127.605652 258.089296 516.757584 820.002876 1170.102658 1550.345713 1833.708800 2261.116551 2696.906980 2927.902909 2200.895722 2375.055670 4026.700170 4843.910509 3925.455452 3030.319265 3232.779166 4411.011645 6165.229365 6662.473596 6790.617044 6690.991138 6412.686719 6160.073252 6099.350846 6090.467022
36.808079 0.000000 2.604052 12.217971 28.290833 38.946143 36.299750 36.628588 192.800998 1983.300632 4947.809298 6315.128348 4904.613356 1834.900684 81.346679 0.000000 0.000000 56.096966 155.033673 208.177195 162.190930 65.959790 40.860503 56.040162 74.596366 113.590000 325.205367 659.069603 833.486194 813.210108 1153.020638 1980.231233 1994.866100 1096.707929 235.962097 205.403272 328.120433 331.105440 304.602337 468.734383 869.613781 1267.206693 1618.800217 2066.144700 2082.106220 1767.178451 1569.788314 3095.892390 5315.919935 5964.794991 5096.566630 4775.272094 5208.457756 6395.341024 7287.093702 7230.741094 5888.607441 3760.822852 2511.255122 3267.446700 4761.882924 5441.526315
11.799027 0.087060 13.084769 30.628668 51.521100 59.861537 48.352768 47.276857 115.368555 1649.393060 4639.286640 6125.723612 4855.964924 1924.422509 82.579219 0.295661 4.198503 101.512093 217.355922 264.290099 207.727989 110.800536 66.603090 67.696451 99.909404 192.759641 492.768857 783.145704 906.975925 1139.656998 2437.474148 3834.835283 3934.612390 2554.193471 914.809591 623.320861 724.228748 670.284869 620.451380 1459.604728 2386.328442 2327.260966 1654.961168 1512.602000 1636.241895 1460.435202 1448.293346 2842.258806 4685.154658 5303.024400 5111.113317 5425.765948 6322.279090 6840.452917 6687.589231 6032.342437 4778.147026 2538.654178 1382.283089 1651.975311 2800.804083 3330.706470
6.078895 0.724080 17.415235 36.574350 51.366392 54.763906 38.983138 32.296089 33.741429 672.337031 2799.627511 4021.724222 3219.477904 1238.555068 82.729032 21.203948 17.707654 92.072388 208.457778 256.081244 208.446079 130.409707 117.742378 134.720772 203.846827 325.112798 738.371769 999.275576 1061.582018 1363.752114 2823.839829 4298.923955 4450.226366 2994.460565 1278.518379 885.493390 938.072460 882.003269 1300.159987 2829.311253 4078.218738 3808.731550 2327.560329 1087.119616 1023.410104 1024.404849 987.093974 1644.478467 3161.307314 3912.723913 4109.320346 4973.338435 5872.431764 5182.018664 3802.336578 3069.013349 2593.086537 1725.886370 1315.910807 1124.552984 1235.550213 1346.093707
0.464759 0.000000 10.767024 26.582593 33.933904 32.019916 15.400603 6.099986 10.495814 146.284363 894.870573 1594.277130 1335.018947 577.405673 99.696768 55.378217 41.098666 55.406484 138.715220 193.297139 186.139012 172.895003 184.903191 198.785311 333.719759 934.266085 1584.210422 1678.579857 1183.463447 998.048867 1902.427880 3074.853392 3188.308847 2074.048750 874.443735 784.008736 844.297904 785.536972 1348.328679 3073.525918 4334.051627 4036.447479 2465.931249 1011.305408 841.825125 853.192126 855.200540 1050.697837 2056.329941 2783.922051 3297.840254 4200.744336 4275.420901 3277.037089 1459.996225 966.860757 1271.342802 1462.417593 1259.798428 815.917956 577.034160 595.135332
0.000000 0.000000 0.886914 14.407990 36.776286 35.224855 17.275496 5.694276 12.253034 26.965680 298.490851 574.131407 553.289630 257.106167 74.973428 68.523879 50.643963 44.679968 96.200586 170.743497 193.015844 195.751986 197.141607 198.525395 563.036158 1602.909077 2314.794610 2203.286366 1381.256698 660.872421 855.946841 1317.433548 1338.164075 915.719988 593.571116 609.967014 530.075528 414.139576 635.462147 1920.395201 2921.105894 2759.054401 1713.883204 917.821336 820.778693 771.984472 758.572865 996.819791 1970.261808 2732.361662 3069.459988 3047.545716 2486.126055 1763.174158 941.541382 635.687490 905.740018 1134.823733 1041.113743 891.924519 746.526702 799.697023
0.000000 0.000000 2.351096 39.465150 78.921821 81.860907 47.147823 22.379454 29.562564 35.969965 49.960197 109.435566 115.318580 77.466775 53.996893 50.105552 34.936037 50.162236 137.481020 227.704045 239.541589 180.352318 141.111647 130.331406 535.766658 1624.631630 2370.389592 2220.617392 1406.571310 698.110857 714.936569 745.658680 733.289336 773.203363 732.530832 634.589967 379.394078 141.548467 158.239030 460.099062 904.001274 952.642513 834.822166 925.343197 905.683906 883.758856 916.471435 1145.559924 1684.761730 2161.601342 2252.744224 2007.923723 1588.023012 1301.538863 758.818375 554.125459 680.388466 875.141341 911.723345 955.020616 1057.248731 1229.964778
5.766240 3.053429 14.358691 70.987235 114.556170 111.808719 67.387007 28.907139 35.220223 43.062688 44.899877 48.652373 49.599938 44.296438 27.821751 14.738267 8.589919 51.734008 157.368462 227.664794 214.891505 129.127062 64.274912 51.109995 215.670415 1069.422767 1912.489127 1934.089260 1652.767401 1446.005878 1484.331082 1230.336250 1119.133743 1101.854255 923.226343 673.153086 357.896992 70.755897 61.114741 144.221400 246.034346 401.914297 723.634816 954.802387 986.779645 1011.407067 1601.728764 2221.764358 2170.844562 1615.919120 1006.114191 914.695269 1283.845534 1386.419248 1103.762803 878.022438 1041.514057 1208.516626 1216.680680 1245.424377 1776.974701 2375.915946
26.294602 26.500171 50.881203 113.481462 146.311825 113.824799 53.747622 56.214339 94.359923 75.450981 73.299068 55.669967 43.003451 28.585337 10.157594 0.000000 7.676157 81.310037 198.374630 234.816344 168.777688 74.657207 47.530467 73.549541 306.339184 1656.088341 2862.450146 2831.027371 2482.670899 2595.495068 2536.351327 2047.283761 1482.067530 1232.193971 894.448889 531.476923 232.366226 31.758768 96.459639 205.462805 318.006605 512.056583 729.795092 921.935228 952.357446 1191.615587 2338.757748 3349.784955 3237.365512 2068.803379 811.438929 939.791973 1729.686771 2227.958430 2152.923197 1714.413853 1751.551266 1940.399806 2071.071556 2719.920795 3522.455478 4096.213963
43.552189 52.512159 87.588422 134.846234 147.028806 96.057328 206.821402 494.675289 582.228049 369.042635 112.162411 71.811392 37.802757 13.996457 1.728663 11.695682 127.855938 265.632939 325.498415 256.970173 146.058268 82.931410 141.238945 217.588337 1474.138247 4018.556519 5521.768340 5216.359779 3797.103878 3078.723469 2804.383237 2228.498672 1546.262449 1125.347542 780.443693 988.704723 1187.543083 814.527071 286.388074 421.073221 1077.390283 1530.902969 1406.554499 1006.922789 828.528353 1134.798179 2390.827923 3636.734336 3621.722296 2392.369767 1353.315012 1761.703119 2544.173623 2889.221662 2736.646824 2299.507532 2328.128165 2852.798670 4316.034467 5823.919312 6360.722471 6003.027257
88.426382 52.281695 89.504324 117.403376 114.317215 104.826069 499.807558 956.181445 1060.679980 733.479338 234.008003 71.815547 26.063989 3.343753 14.414216 129.565756 355.855261 526.472471 501.086260 327.167537 176.855066 169.681249 256.895994 520.303875 2459.192328 5312.622099 6759.606856 6007.838655 3898.065194 2466.397757 2109.604436 1568.706095 1171.412102 850.252044 1088.937565 2221.473632 2848.890279 2247.173956 997.255066 876.102911 1988.845910 2656.266570 2379.309045 1358.076454 727.439673 886.764578 2337.635191 3859.367457 3869.736332 2766.269456 1882.510304 2275.922203 2809.562804 2794.598132 2611.885401 2575.043939 2831.233435 3964.458654 6171.634543 7711.654066 7831.595839 6778.782179
84.171038 31.294263 52.412930 74.820197 68.143533 89.923042 548.796200 1023.183630 1117.422744 764.337952 228.965815 46.261491 15.226382 16.472614 83.952561 271.838892 571.333879 765.898124 665.408930 431.867783 255.086322 283.852038 430.742118 796.759371 2280.292243 4469.201710 5522.744343 4650.544757 2504.630567 1293.163921 921.930131 653.353706 556.658976 428.855805 1304.479720 2928.811406 3690.771587 2962.469211 1370.860713 973.975089 2251.173511 3022.851001 2723.484297 1564.035625 786.908048 1070.074613 2379.471094 3676.845077 3668.267104 2899.251407 2510.813824 3668.886887 5306.312916 4644.894754 3061.227853 2733.317259 2944.484994 4012.178778 6387.387836 7608.856943 6887.187569 4813.345397
44.879895 30.156985 26.843537 23.183663 15.100189 10.575482 294.814270 655.008254 713.830888 421.826141 62.513880 44.157745 59.784786 62.488507 133.170497 341.134989 903.802079 1210.444007 971.988849 484.553215 286.367227 314.857976 587.212927 1072.209416 1546.322849 2554.056895 3266.399904 3280.384866 1935.132256 997.878002 505.790037 243.855411 230.561052 315.324351 968.680010 2392.281320 3048.454831 2376.330751 930.251223 537.087456 1668.169090 2371.596335 2147.734154 1281.814606 855.329026 1174.269503 2642.358156 3883.516948 3789.833115 2959.125699 3887.110171 8800.378082 12393.620738 10975.015170 6224.418175 3302.501041 2965.563918 3503.711745 5136.825965 5928.872520 4818.021646 2578.043686
121.739894 51.972950 38.899857 13.304312 0.000000 0.000000 18.133971 144.313321 185.828790 84.833327 82.431360 149.494677 184.195977 158.147583 147.280629 465.618870 1180.743850 1529.406650 1228.875221 615.074605 231.716317 259.816416 556.990548 1035.031603 1335.941114 2600.710954 9179.762108 14888.824018 11821.334975 3959.936724 762.874660 370.788471 342.662964 404.020771 563.730428 1140.656425 1456.390564 978.514131 232.003694 145.169728 687.215987 1193.610871 1231.045268 949.526473 972.334624 1571.910051 3121.871629 4245.486193 3866.270256 2867.282611 5250.980506 12603.370004 17447.271226 15935.564013 9201.268107 3546.093707 2522.083695 2905.243654 3426.175301 3589.002594 2861.324766 1790.435674
382.860737 76.084971 53.991768 21.750557 0.666063 4.164035 19.416511 88.237453 139.823676 127.304913 199.638439 275.758778 318.147470 280.579536 185.372107 461.572735 1124.703694 1451.105728 1214.765195 591.870076 181.783441 264.829951 473.643706 779.488443 1603.684102 9741.053550 29266.213574 40860.744271 33616.763421 14594.356638 2245.203783 838.800415 692.921140 806.528384 824.409652 711.134612 593.554929 344.592262 151.148210 232.435304 512.209874 733.546835 799.459324 802.024275 1112.537327 1909.189462 3125.992514 3881.717735 3479.551054 2590.964106 4848.554860 11593.193911 16183.696755 14777.918478 8206.108413 2622.130530 1659.132067 2074.800030 2598.292797 2667.420036 2451.413761 1971.218933
839.869729 205.868450 50.670287 23.291273 14.923333 40.531261 211.538758 457.593039 584.652477 379.933517 235.493921 370.295584 454.908086 477.354504 335.785390 396.614754 877.419483 1123.060358 883.832527 401.705057 339.059663 495.108511 572.471613 777.945530 2569.810102 16912.431538 43023.113499 56922.044839 47691.345916 22883.367099 4351.352392 1574.278326 1284.135973 1208.336676 1220.077272 1060.641341 784.454355 602.718877 449.442095 825.207144 1258.576282 1264.308648 942.209374 629.389831 1027.003909 1641.083338 2712.878480 3402.857313 3158.236496 2527.360791 2888.976477 6478.437505 9423.522192 8300.057751 4119.276262 1508.602265 1212.272878 1465.884906 1913.688883 2158.978910 2060.436734 1767.034048
1192.379371 468.646206 40.335254 22.935978 25.798288 113.053640 515.597001 1112.917812 1335.057979 959.980381 352.535348 311.752227 460.969908 542.971070 505.370960 586.016273 788.943931 829.620638 542.429285 353.467562 627.618154 765.488236 781.138901 849.338905 2307.595252 14413.640474 37841.410907 50341.795075 41457.518703 18862.916892 3744.598987 2024.551476 1718.414173 1456.347375 1434.585256 1342.701074 1091.364315 855.676403 772.528227 1300.990497 1788.731313 1724.074504 1176.132941 544.059747 571.635690 912.452086 1547.374715 2110.570701 2091.529166 1958.741292 1911.158452 2275.382690 3083.873291 2642.244919 1613.080347 1054.028078 968.492787 1391.480382 1704.024470 1869.730086 1855.056344 1442.847702
1207.297236 481.405628 24.732574 10.756955 23.659437 107.446379 696.214469 1431.188298 1673.162505 1238.827963 461.259118 165.124487 319.442776 456.490840 573.849279 754.469010 852.649600 738.222913 564.861348 537.985699 799.865340 891.017721 813.972866 765.408549 1399.497032 6793.250714 18822.567794 26209.807921 19948.406165 7274.625576 2282.762780 1943.100775 1653.353465 1386.723762 1297.597888 1277.982414 1132.535411 934.827455 760.291457 1188.251537 1640.353601 1628.630329 1087.502967 423.348582 260.829334 345.196472 545.394397 908.243320 1215.358629 1426.685415 1413.006254 1310.851295 1409.124881 1398.826023 1207.142716 868.313583 777.991535 1320.453267 1726.539941 1667.699196 1370.655400 831.799750
722.526199 205.073716 1.456838 0.343892 11.207059 29.332676 475.012919 1139.258730 1361.281397 980.699177 341.338810 54.863974 159.589074 281.159031 391.617942 608.623999 711.162921 629.995078 525.972410 546.048579 699.221549 710.291533 536.518676 519.204125 1438.000943 3464.704057 5992.283303 6757.195553 4558.326932 2347.728063 2018.824261 1701.894661 1281.203086 1073.445927 941.710632 983.803024 1008.993882 920.562013 993.401556 1273.995976 1354.773643 1117.898206 721.545855 518.092995 623.162428 702.850766 793.451604 869.839056 894.116613 824.671147 709.385491 935.092635 1267.719488 1292.621055 953.900497 619.965373 698.778465 1375.410807 1789.443993 1358.993901 677.704254 166.158464
136.323511 13.025990 0.000000 0.000000 0.147135 2.880290 89.068265 458.855332 636.288888 448.489085 103.944841 10.376919 59.345334 131.326619 185.082986 291.137427 365.494435 302.158026 258.130812 413.660464 507.952788 422.754290 250.016156 518.640623 3319.793469 6091.556478 6473.337947 4850.893585 3348.976087 4487.888023 5077.271818 3421.499001 1914.176321 1442.008303 1113.629089 1016.619999 1192.665978 1694.411500 2293.352878 2491.993086 2655.575102 1987.297363 1132.318904 841.599955 1163.129652 1575.613354 1764.205807 1458.371242 1051.483955 717.334371 616.669038 1146.772055 1670.792191 1690.117633 1139.809201 593.122167 1290.406355 2363.118286 2696.000916 1757.551404 384.178355 0.561687
7.229962 0.158745 0.000000 0.000000 0.000000 0.000000 0.000000 20.296732 71.946099 28.432432 0.252789 19.078482 72.350966 112.942530 120.034372 87.454439 55.611267 41.690518 63.295774 184.294192 250.798719 221.396815 353.248853 2377.532373 7056.916813 9582.368979 8804.131578 6106.183021 6004.679459 11325.457513 13651.782967 10517.478892 4848.492976 2155.752740 1610.837261 1249.942133 1446.935156 2388.454588 3403.745465 4512.722983 5024.155522 4097.958160 2496.932867 1272.188442 1346.671692 1919.726655 2127.017842 1796.379970 1295.571172 826.988287 769.689272 1287.119054 1718.966519 1729.026442 1223.564174 906.389852 2206.185179 3572.676277 3714.463953 2467.507258 646.029428 0.764422
0.000000 0.000000 0.000000 0.000000 0.000000 0.000000 0.000000 0.003055 2.970718 3.779811 0.602579 15.465173 54.036262 84.155186 75.624196 34.550251 4.872494 3.752644 19.682365 31.789705 50.452397 142.721571 1502.662357 4936.653865 9679.613742 11432.182356 8917.573821 5595.348276 7991.960943 16047.158845 19490.047656 15922.494728 7969.369888 2639.717598 1655.311328 1146.653837 1236.658873 2107.090194 3262.177940 4824.014335 5572.151533 4699.275493 2919.245083 1236.629632 905.771860 1402.742111 1550.043052 1306.067731 953.181776 599.342179 535.837679 950.638767 1258.850972 1262.336553 1043.715038 1074.778277 2467.287165 3898.362204 4149.613256 2783.958400 843.192101 33.728222
0.000000 0.000000 0.000000 0.000000 0.000000 0.000000 0.000000 8.609748 21.183418 23.262691 12.931406 5.092856 22.363088 36.969036 30.290977 9.429098 0.000416 0.000000 2.236049 13.783976 35.793030 221.167591 2183.347414 5420.999452 8788.767186 9483.507552 6446.945559 3022.236632 6091.996214 14066.828305 17677.525812 14481.170119 6924.322002 1992.716335 1003.149487 539.389477 665.687065 1045.927723 1735.570966 2898.929547 3748.295076 3366.569723 2069.052226 563.647951 220.618857 442.852505 546.932684 449.272065 307.059638 267.149401 216.418056 317.068066 488.572156 548.437117 611.281518 1116.121224 2236.080807 4306.879049 5172.930541 3630.246054 1198.671970 156.063969
