WorkingVersion/ascfiles2/tmp_kdeout46.asc
ncols        704
nrows        293
xllcorner    827.296065
yllcorner    924.742280
cellsize     0.500000000000000
NODATA_value -999.000000
[rows 28 to 55 of 293, columns 315 to 377 of 704]
0.000000 0.000000 0.000000 0.000000 0.000000 0.000000 0.000000 0.000000 0.000000 0.000000 0.000000 0.000000 0.000000 0.000000 0.000000 0.000000 0.000000 0.000000 0.242312 25.123769 95.685805 214.954099 304.922270 354.190613 347.940052 228.797217 139.470103 72.897507 15.638490 0.000000 0.000000 0.000000 0.000000 0.000000 0.000000 0.000000 0.000000 0.000000 0.000000 0.000000 0.000000 0.000000 0.000000 0.000000 0.000000 0.000000 0.000000 0.000000 0.000000 0.000000 0.000000 0.580834 9.970311 16.853685 16.493328 10.713206 3.179640 1.253693 0.981272 0.000000 0.000000 0.000000 0.000000
0.000000 0.000000 0.000000 0.000000 0.000000 0.000000 0.000000 0.000000 0.000000 0.000000 0.000000 0.000000 0.000000 0.000000 0.000000 0.030192 1.423980 1.863337 16.835255 137.361038 503.924012 841.709405 1074.181567 1007.531944 747.440535 449.491015 157.775783 61.184503 6.238760 0.000000 0.000000 0.000000 0.000000 0.000000 0.000000 0.000000 0.000000 0.000000 0.000000 0.000000 0.000000 0.000000 0.000000 0.000000 0.000000 0.000000 0.000000 0.000000 0.000000 0.000000 0.000000 0.000000 0.000000 8.744571 34.647574 47.546996 43.275248 26.300872 17.422699 6.745692 0.000000 0.000000 0.000000
0.000000 0.000000 0.000000 0.000000 0.000000 0.000000 0.000000 0.000000 0.000000 0.000000 0.000000 0.000000 2.203617 13.715781 33.310675 51.456137 59.216392 42.568173 77.797669 291.609377 817.206563 1286.366632 1578.817742 1426.515704 987.150688 588.739552 315.861107 244.449690 111.370858 3.684356 0.000000 0.000000 0.000000 0.000000 0.000000 0.000000 0.000000 0.000000 0.000000 0.000000 0.000000 0.000000 0.000000 0.000000 0.000000 0.000000 0.000000 0.000000 0.000000 0.000000 0.000000 0.000000 0.054697 23.685893 62.752501 83.742473 84.925907 59.974985 34.935815 18.774844 1.712120 0.000000 0.000000
0.000000 0.000000 0.000000 0.000000 0.000000 0.000000 0.000000 0.000000 0.000000 0.000000 0.257670 6.601022 32.200202 77.196822 124.605616 174.152458 241.330747 488.609172 614.251607 638.878277 813.867374 1149.537890 1400.736737 1269.671235 894.615718 682.593836 659.288947 740.856542 526.772300 156.941549 3.617955 0.000000 0.000000 0.000000 0.000000 0.000000 0.000000 0.000000 0.000000 0.000000 0.000000 0.000000 0.000000 0.000000 0.000000 0.000000 0.000000 0.000000 0.000000 0.000000 0.000000 0.000000 0.012345 23.617349 62.778645 85.049348 87.876009 63.711792 38.466537 21.353932 2.548866 0.000000 0.000000
0.000000 0.000000 0.000000 0.000000 0.000000 0.000000 0.000000 0.000000 0.000000 0.839357 12.327211 35.099571 75.199619 127.714878 186.552456 288.445084 621.691548 1137.448750 1281.812661 1016.569550 701.598799 617.554118 724.035095 700.528386 614.011157 720.273956 1058.760780 1218.015054 917.800472 408.224403 71.362802 0.314546 0.000000 0.000000 0.000000 0.000000 0.000000 0.000000 0.000000 0.000000 0.000000 0.000000 0.000000 0.000000 0.000000 0.000000 0.000000 0.000000 0.000000 0.000000 0.000000 0.000000 0.000000 7.909238 34.596019 48.898055 49.555987 34.941724 25.383061 11.980992 0.190831 0.000000 0.000000
0.000000 0.000000 0.000000 0.000000 0.000000 0.000000 0.000000 0.000000 0.000000 6.110065 26.872017 61.263693 99.685297 132.555392 205.585399 371.269142 910.667617 1571.783796 1651.824555 1153.677342 523.067327 164.993906 236.613128 532.066448 961.955059 1497.629193 1950.896015 1891.817139 1398.329793 674.278339 273.899838 86.944206 0.624117 0.000000 0.000000 0.000000 0.000000 0.000000 0.000000 0.000000 0.000000 0.000000 2.185679 6.765165 2.810762 0.000000 0.000000 0.287908 0.326981 0.000000 0.000000 0.000000 0.000000 0.000000 3.287427 8.118769 5.121890 6.552920 5.908666 0.729267 0.000000 0.000000 0.000000
0.000000 0.000000 0.000000 0.000000 0.000000 0.000000 0.000000 0.000000 0.000000 7.284682 50.976752 95.690228 128.341943 140.994781 205.138146 477.096421 1148.255974 1793.484734 1734.887693 1030.308886 298.193912 79.639158 329.833747 1041.384267 1978.175883 2714.653461 3012.274485 2678.727213 1869.171948 965.586949 462.646226 232.198574 40.111187 1.818569 0.000000 0.000000 0.000000 0.000000 0.000000 0.000000 0.000000 6.186199 32.065134 45.964321 34.282634 8.314345 5.858080 15.235828 15.512268 6.381193 0.000000 0.000000 0.000000 0.000000 0.000000 0.000000 0.000000 0.000000 0.000000 0.000000 0.000000 0.000000 0.000000
0.000000 0.000000 0.000000 0.000000 0.000000 0.000000 0.000000 0.000000 0.000000 9.385204 67.347972 129.447275 163.829828 168.222397 212.647247 579.175705 1202.307757 1580.367771 1364.043828 658.241736 90.894170 86.687132 436.358204 1327.718443 2486.878171 3418.425402 3712.312964 3164.475767 2209.283555 1273.856836 663.006795 394.060446 141.843327 49.527900 11.569493 0.000000 0.000000 0.000000 12.219101 64.727962 76.402082 54.110810 75.397895 91.446616 66.501142 27.131145 18.832071 33.899619 34.311357 19.759183 2.512098 0.000000 0.000000 0.000000 0.199314 6.578396 10.468587 6.044171 0.054638 0.000000 0.000000 0.000000 0.000000
0.000000 0.000000 0.000000 0.000000 0.000000 0.000000 0.000000 0.000000 1.692812 30.827447 92.893145 167.513540 220.909293 243.677080 284.815510 526.106839 1010.617833 1217.717316 932.039165 390.871188 69.571034 100.683212 379.739246 1089.104606 2101.614490 3031.414861 3492.699272 3139.998704 2395.328547 1643.865019 1062.240258 668.152278 349.830438 148.268777 37.982067 1.852462 0.000000 27.227866 183.780697 359.214840 391.213124 299.580827 175.310130 134.925637 101.730452 48.607120 30.709094 39.925032 40.055058 24.171453 4.228274 0.000000 0.000000 0.000000 7.859414 24.224675 31.276482 23.189118 6.712073 0.000000 0.000000 0.000000 0.000000
0.000000 0.000000 0.000000 0.000000 0.000000 0.000000 0.000000 0.000000 11.525738 50.386758 108.294875 201.026322 310.816428 361.728845 356.115784 350.850602 541.147364 643.912788 462.223025 133.399445 54.574903 130.595401 279.580608 717.165029 1407.443109 2028.440426 2522.440880 2751.498765 2973.720053 3370.004846 3022.579664 1800.342199 673.907204 271.131834 74.380604 3.250736 8.700442 105.471464 378.517060 638.486941 716.222627 569.573361 340.646802 192.348241 117.427453 68.443719 51.347233 42.122643 28.715457 15.524016 1.166146 0.000000 0.000000 0.549908 19.295784 40.355549 43.825947 32.773512 12.250520 0.000000 0.000000 0.000000 0.000000
0.000000 0.000000 0.000000 0.000000 0.000000 0.000000 0.000000 0.000000 12.180579 50.814481 92.686110 180.717263 309.755556 387.745132 368.698018 261.103370 161.848652 126.666208 57.278925 14.459870 51.072252 168.463379 373.186920 735.717887 1182.030275 1597.986017 2065.444733 2665.993644 4310.997764 5777.881660 5662.283734 3757.926491 1296.125439 344.223190 92.583206 4.779802 19.263041 122.391289 401.120021 681.855098 776.024321 631.992713 378.997865 204.654631 112.601522 86.765694 68.561470 44.523316 15.487813 2.298096 0.000000 0.000000 0.084370 11.281818 34.872115 54.561192 50.599250 28.233446 8.771492 0.000000 0.000000 0.000000 0.000000
0.000000 0.000000 0.000000 0.000000 0.000000 0.000000 0.000000 0.000000 3.508421 26.662080 57.076369 105.070722 201.440434 282.965847 268.195376 169.837407 64.887529 18.676899 5.621794 19.592189 92.866139 252.298794 538.419922 935.959511 1222.523116 1436.360909 1799.461854 2441.002260 4585.462673 6491.923101 6427.991624 4358.395732 1528.958223 292.808713 71.582902 38.163432 51.592436 123.167139 279.035264 480.672923 564.881887 449.550860 293.786497 160.890946 84.641463 78.929574 68.919508 43.603799 13.371346 0.000000 0.000000 0.000000 2.174700 20.639428 39.403514 51.087484 41.442255 15.714982 0.951709 0.000000 0.000000 0.000000 0.000000
0.000000 0.000000 0.000000 0.000000 0.000000 0.000000 0.000000 0.000000 0.000000 2.803444 10.516214 23.711728 60.392387 108.294941 100.736678 46.616660 8.569681 0.368192 15.393267 76.992610 184.103739 354.827928 575.043093 868.224220 1041.222567 1073.705152 1260.986636 1584.496088 3196.817515 4763.182134 4707.002738 3026.918178 887.946191 147.725957 59.943871 85.846142 105.566109 142.375988 176.948391 212.862420 252.447499 230.701850 174.464405 85.599412 33.404134 51.438088 72.629565 62.562250 30.157579 4.331321 0.000000 0.000000 1.466998 18.314758 34.812842 36.883710 23.320419 4.309663 0.000000 0.000000 0.000000 0.000000 0.000000
0.000000 0.000000 0.000000 0.000000 0.000000 0.000000 0.000000 0.000000 0.000000 0.000000 0.000000 0.122964 1.198117 2.345372 0.445310 0.000000 0.000000 0.626038 36.171128 118.092893 222.756123 373.863529 458.795525 507.689169 535.624823 510.325796 600.646604 739.697516 1098.477878 1795.233450 1805.868098 939.157366 173.450403 39.062859 50.170291 100.514727 126.872593 141.837292 135.059333 130.238543 140.362225 131.016834 105.398256 58.072524 25.562574 58.538569 95.172354 94.576308 58.025588 15.613466 0.163467 0.000000 0.000000 6.596546 17.548060 19.027006 9.531049 0.133059 0.000000 0.000000 0.000000 0.000000 0.667017
0.000000 0.000000 0.000000 0.000000 0.000000 0.000000 0.000000 0.000000 0.000000 0.000000 0.000000 0.000000 0.000000 0.000000 0.000000 0.000000 0.000000 1.167377 30.967257 98.992985 170.180311 255.660532 291.471310 240.367071 150.947612 94.917064 183.421800 277.266233 260.706593 181.120022 132.843320 75.205613 18.143842 11.364059 70.932692 124.484104 109.717068 86.398368 72.190586 67.504807 78.821492 94.856914 99.985774 79.951102 58.378943 81.399036 119.478880 117.880149 85.350479 28.433439 0.426084 0.000000 0.000000 0.000000 1.061166 1.447411 0.000000 0.000000 0.000000 0.000000 0.000000 2.195812 14.592729
0.000000 0.000000 0.000000 0.000000 0.000000 0.000000 0.000000 0.000000 0.000000 0.000000 0.000000 0.000000 0.000000 0.000000 0.000000 0.000000 0.000000 0.000000 12.656934 43.221202 74.639132 83.680963 84.886087 77.889162 38.572335 7.875114 9.882509 17.331738 12.753868 4.751282 5.217987 1.008480 8.649468 100.047228 213.740951 245.663210 159.890713 35.999887 5.110045 7.628313 28.939272 71.030281 90.748929 89.623221 69.065341 76.581331 109.374567 117.097543 92.244253 40.369813 8.166814 0.044541 5.053118 10.348594 3.842095 0.000000 0.000000 0.000000 0.000000 0.000000 0.000000 9.226091 33.872773
0.000000 0.000000 0.000000 0.000000 0.000000 0.000000 0.000000 0.000000 0.000000 0.000000 0.000000 0.000000 0.000000 0.000000 0.000000 0.000000 0.000000 0.000000 0.285904 6.275272 10.175745 4.246739 10.586815 23.825179 27.256578 30.370024 35.820509 34.133759 14.891388 0.000000 0.000000 0.339101 30.777457 184.376829 330.908699 347.068540 221.620883 52.588212 0.000000 0.000000 15.889937 50.374501 68.060860 66.479166 45.360706 40.712866 61.177316 76.760613 69.878763 42.200814 17.625608 12.349022 48.750940 67.298237 48.138451 10.064672 0.000000 0.000000 0.000000 0.000000 0.000000 25.127798 74.930267
0.000000 0.000000 0.000000 0.000000 0.000000 0.000000 0.000000 0.000000 0.000000 0.000000 0.000000 0.000000 0.000000 0.000000 0.000000 0.000000 0.000000 0.000000 0.000000 0.000000 0.000000 1.059990 18.194214 36.646872 45.186483 66.796907 77.083958 70.690570 41.271556 5.728590 0.000000 0.231847 24.624156 168.490786 310.349694 325.978108 204.325012 47.687585 4.808594 3.467711 3.267455 18.883896 29.124081 21.069784 9.073675 8.196580 21.877835 46.617051 49.640213 34.725428 17.074085 35.059966 91.926893 117.415170 91.866460 34.073856 0.000000 0.000000 0.000000 0.000000 2.148010 48.174183 111.418758
0.000000 0.000000 0.000000 0.000000 0.000000 0.000000 0.000000 0.000000 0.000000 0.000000 0.000000 0.000000 0.000000 0.000000 0.000000 0.000000 0.000000 0.000000 0.000000 0.000000 0.000000 0.570353 15.929090 33.400594 44.170251 70.696422 84.572536 79.669080 48.195245 8.476440 0.000000 0.000000 5.319963 66.843895 162.620553 174.710599 93.760149 25.293215 24.845540 21.658398 8.788289 2.841146 2.753028 1.714728 8.430962 23.335043 47.104580 60.075248 48.442916 23.865862 6.518041 35.613698 94.591270 120.709684 95.036416 36.364556 0.144956 0.000000 0.000000 0.000000 3.440990 54.406766 110.091738
0.000000 0.000000 0.000000 0.000000 0.000000 0.000000 0.000000 0.000000 0.000000 0.000000 0.000000 0.000000 0.000000 0.000000 0.000000 0.000000 0.000000 0.000000 0.000000 0.000000 0.000000 0.000000 5.148697 16.461459 20.469307 38.088518 54.306192 54.706235 29.299401 1.910049 0.000000 0.000000 0.000000 1.818497 15.352922 20.220928 14.211608 27.315636 40.049890 38.554286 32.354236 24.487067 34.076671 34.764316 40.518211 78.662468 112.900119 103.778943 65.178331 16.315816 0.000000 13.003622 54.479981 74.917692 55.384228 14.672681 0.000000 0.000000 0.000000 0.000000 0.733644 32.567696 75.729172
0.000000 0.000000 0.000000 0.000000 0.000000 0.000000 0.000000 0.000000 0.000000 0.000000 0.000000 0.000000 0.000000 0.000000 0.000000 0.000000 0.000000 0.000000 0.000000 0.000000 0.000000 0.000000 0.000000 0.787672 1.507974 2.718757 14.105340 14.589391 3.371380 0.000000 0.000000 0.000000 0.000000 0.000000 0.000000 0.000000 6.466672 26.088761 38.747578 45.316339 55.381314 101.419679 137.361366 124.329922 90.818670 111.934221 139.926645 130.467523 80.227258 17.859522 0.000000 0.000000 7.054588 20.064831 16.318577 4.219122 0.000000 0.000000 0.000000 0.000000 0.000000 5.861565 23.259470
0.000000 0.000000 0.000000 0.000000 0.000000 0.000000 0.000000 0.000000 0.000000 0.000000 0.000000 0.000000 0.000000 0.000000 0.000000 0.000000 0.000000 0.000000 0.000000 0.000000 0.000000 0.000000 0.000000 0.000000 0.000000 0.000000 0.000000 0.000000 0.000000 0.000000 0.000000 0.000000 0.000000 0.000000 0.000000 0.000000 0.983094 12.646997 21.839743 31.784700 78.905334 167.482012 215.307493 188.505922 118.301371 91.894834 116.743477 121.080923 86.067384 27.925079 4.221444 3.187976 6.971746 21.934350 28.795067 21.169972 5.704229 0.000000 0.000000 0.000000 0.000000 0.000000 1.137004
0.000000 0.000000 0.000000 0.000000 0.000000 0.000000 0.000000 0.000000 0.000000 0.000000 0.000000 0.000000 0.000000 0.000000 0.000000 0.000000 0.000000 0.000000 0.000000 0.000000 0.000000 0.000000 0.000000 0.000000 0.000000 0.000000 0.000000 0.000000 0.000000 0.000000 0.022458 0.050413 0.000000 0.000000 0.000000 0.000000 0.000000 0.310356 2.802731 9.681377 67.348915 158.762457 204.874748 169.302995 97.686987 56.003663 77.461009 93.265998 81.656550 58.546458 35.320200 22.505892 26.515559 34.585755 41.801732 32.494630 12.163878 0.000000 0.000000 0.000000 0.000000 0.000000 0.000000
0.000000 0.000000 0.000000 0.000000 0.000000 0.000000 0.000000 0.000000 0.000000 0.000000 0.000000 0.000000 0.000000 0.000000 0.000000 0.000000 0.000000 0.000000 0.000000 0.000000 0.000000 0.000000 0.000000 0.000000 0.000000 0.000000 0.000000 0.000000 0.000000 8.977582 26.197013 26.966931 10.370103 0.000000 0.000000 0.000000 0.000000 0.000000 0.000000 1.050369 26.170348 84.557470 115.649178 95.410550 52.607036 37.799118 61.925135 81.363835 79.363705 75.322847 56.055945 39.955111 37.318551 36.182569 37.418143 28.644089 9.855119 0.000000 0.000000 0.000000 0.000000 0.000000 0.000000
0.000000 0.000000 0.000000 0.000000 0.000000 0.000000 0.000000 0.000000 0.000000 0.000000 0.000000 0.000000 0.000000 0.000000 0.000000 0.000000 0.000000 0.000000 0.000000 0.000000 0.000000 0.000000 0.000000 0.000000 0.000000 0.000000 0.000000 0.000000 3.055213 35.014793 64.631475 65.837613 37.715970 4.499723 0.000000 0.000000 0.000000 0.000000 0.000000 0.000000 3.435789 15.539964 25.994073 20.285387 27.872283 41.425637 50.495569 60.293901 54.903514 55.568809 48.669296 41.564784 39.436766 28.218285 18.999621 12.644548 1.804150 0.000000 0.000000 0.000000 0.000000 0.000000 0.000000
0.000000 0.000000 0.000000 0.000000 0.000000 0.000000 0.000000 0.000000 0.000000 0.000000 0.000000 0.000000 2.543732 6.876196 4.848281 0.111423 0.000000 0.000000 0.000000 0.000000 0.000000 0.000000 0.000000 0.000000 0.000000 0.000000 0.000000 0.000000 8.762981 51.808011 83.238254 80.783371 49.210629 8.969732 0.000000 0.000000 0.000000 0.000000 0.000000 0.000000 0.000000 0.000000 0.000000 3.069636 18.979992 30.398215 27.318445 20.594526 15.456975 19.171224 28.098378 73.331636 96.448865 66.288351 22.297344 0.140051 0.000000 0.000000 0.000000 0.000000 0.000000 0.000000 0.000000
0.000000 0.000000 0.000000 0.000000 0.000000 0.000000 0.000000 0.000000 0.000000 0.000000 0.000000 3.250459 23.615421 35.984651 27.113616 8.722125 0.000000 0.000000 0.000000 0.000000 0.000000 0.000000 0.000000 0.000000 0.000000 0.000000 0.000000 2.684899 18.880502 57.639886 81.709030 68.817598 34.121392 3.317039 0.000000 0.000000 0.000000 0.000000 0.000000 0.000000 0.000000 0.000000 0.000000 0.000000 3.944493 9.878003 8.134317 1.239892 0.052324 0.049249 38.949525 128.258890 173.414420 142.901485 59.428491 4.395346 0.000000 0.000000 0.000000 0.000000 0.000000 0.000000 0.000000
0.000000 0.000000 0.000000 0.000000 0.000000 0.000000 0.000000 0.000000 0.000000 0.000000 0.000000 17.296563 53.171232 70.431053 55.831494 21.278433 0.655040 0.000000 0.000000 0.000000 0.000000 0.000000 0.000000 0.000000 0.000000 0.000000 0.000000 8.484764 28.848949 46.467968 55.752569 37.576348 7.394585 0.000000 0.000000 0.000000 0.000000 0.000000 0.000000 0.000000 0.000000 0.000000 0.000000 0.000000 0.000000 0.000000 0.000000 0.000000 0.000000 0.391867 51.793821 149.639121 201.049682 167.356548 74.417140 8.700647 2.934403 0.000000 0.000000 0.000000 0.000000 0.000000 0.000000
