WorkingVersion/ascfiles2/tmp_kdeout7.asc
ncols        704
nrows        293
xllcorner    827.296065
yllcorner    924.742280
cellsize     0.500000000000000
NODATA_value -999.000000
[rows 56 to 83 of 293, columns 126 to 188 of 704]
10.377947 40.876646 64.125952 58.787150 35.832321 29.077513 41.073620 45.123500 37.129539 6.278752 16.871318 173.979924 389.355669 446.487442 312.184444 135.643074 57.755557 28.570729 27.322010 37.207083 34.731633 20.975579 27.493272 218.442753 731.747550 1232.750126 1312.927096 1007.521505 617.152575 456.969532 620.170464 1107.195311 1363.994513 1394.652732 1527.605692 1871.256293 1727.887965 1075.856432 1088.705177 1978.385385 3130.949862 5929.223150 10311.300648 12719.672979 9559.472445 3604.421107 2914.867919 4992.636515 6552.143631 7680.111890 10342.981992 17419.904685 22542.906920 19918.179603 11205.543702 3387.663477 1250.869223 2030.218450 4831.207590 10110.188650 14737.530229 14328.670253 11063.133796
21.523082 37.409753 40.748542 30.595506 16.899379 25.042421 37.238024 37.225341 21.424706 3.728253 26.612126 167.041204 318.226818 355.712008 257.713989 101.731412 31.182821 12.094529 10.372800 19.444918 17.674655 19.022630 47.908791 271.134793 771.820399 1286.297902 1672.419432 1569.406350 884.182706 547.688586 1535.127728 2976.698553 3442.058607 2743.772843 2437.744357 3074.986473 2999.485222 2188.237978 1495.023973 2348.249670 3867.221914 9123.312143 20161.382313 26571.343078 21773.605495 10310.665109 4541.929089 6241.211944 7451.452639 8235.627300 12518.560087 23086.662664 29720.548978 26440.776377 16081.528501 7100.764003 3856.782449 3278.038194 3419.406611 4922.569194 7764.929212 8170.199193 7397.212191
34.964787 39.433785 29.195140 9.910936 1.485098 10.530301 27.476523 38.818658 42.974420 53.113068 58.055761 122.841188 211.064684 216.321499 123.899674 26.554441 4.575906 0.418716 0.000930 1.617492 8.196696 29.383154 61.619780 230.611358 639.602811 1837.523801 3372.801692 3519.263499 2265.391024 958.849903 2635.845236 4627.332045 5042.706938 3900.204229 3112.713738 3684.520369 4008.812814 3440.010788 2265.896183 2309.295104 3868.357821 11067.946420 26033.909809 34842.438841 30072.270259 16392.931664 6632.924334 6246.326139 6757.294064 6746.179966 10812.357566 20125.259873 26195.662521 23956.156791 17118.468273 12091.955674 10900.426953 8395.070550 4867.384236 3253.055030 3391.818305 3760.811523 3062.349434
40.682945 38.782678 21.428738 2.505737 0.000000 0.863719 18.851934 104.308121 343.782011 475.272581 336.355778 118.380252 92.901679 67.602561 27.679132 8.428597 0.000000 0.000000 0.000000 26.435900 81.152430 134.234582 148.832630 201.013461 788.449031 2939.526673 5032.341947 5185.252194 3453.304957 1503.332327 2544.886093 4512.645146 4769.669273 3319.296808 2296.861261 2865.770096 3484.335673 3366.620787 2478.545526 2137.158610 3138.965399 9055.741165 22239.492028 30614.292943 27135.507835 15387.109675 6225.855823 5370.792923 5414.561484 5002.234372 7163.484881 11805.606677 15515.831590 14849.049399 13732.912246 15453.564315 16811.127188 13532.209685 8435.877262 5340.728311 3180.048913 1727.772252 1702.080638
29.124691 27.520362 13.304474 0.361638 0.154653 0.542748 23.137129 447.614729 1368.020251 1948.709074 1249.431055 349.726388 75.075748 27.784167 5.612061 0.149849 0.000000 0.000000 3.513017 75.584995 180.359263 252.311213 234.677216 293.508682 961.931750 3054.988119 5055.759247 5187.498042 3397.289181 1217.540979 1359.795325 2710.365004 2871.735188 1656.405676 727.465010 1347.070242 1993.654850 2125.141557 2016.844554 2164.573050 2332.122136 4766.558305 11630.395484 17371.503481 15118.494889 8033.812048 4696.569329 5387.798752 4883.728538 4324.225239 5369.487009 6960.638700 8817.586107 9251.833603 11277.557755 14995.246791 16593.262280 14290.020747 10698.796841 8304.918550 5742.632066 3309.968678 2639.744736
8.805640 10.886541 8.084745 18.410899 39.877845 48.455697 121.808660 1413.140329 4435.772281 6012.136811 4541.915768 1381.718418 85.795634 14.379875 0.029701 0.000000 0.000000 0.000000 7.454187 97.182759 218.672791 292.039918 254.510271 268.007516 772.409175 1948.279891 3359.040277 3326.191689 1976.027642 659.855135 539.630743 788.129939 750.565825 316.858737 156.156937 382.476103 650.590902 935.646437 1444.701444 2190.144322 2731.158756 3229.897777 4050.019631 5011.840561 4180.945190 4124.440292 6410.444713 7618.067693 6179.079150 4821.109957 5654.363806 7494.855407 9708.014388 9706.046700 10043.892600 10530.152707 10475.968388 10212.359122 10514.525837 10344.206365 8377.082530 5310.146567 3831.145272
40.724561 151.049934 195.889305 165.760903 123.490414 148.670174 257.112092 2633.194040 7000.823158 9223.128995 7406.619775 2934.093975 167.076368 12.654837 0.000000 0.000000 0.000000 0.000000 7.323415 80.443457 177.848767 229.238225 206.074280 224.567795 670.125531 1225.534564 1559.367253 1435.873735 1464.417113 2759.586895 2990.075664 1721.818365 348.294766 256.389752 471.580698 538.307479 506.930330 727.690459 1476.870958 2380.359162 2938.335796 3204.592708 2917.024396 2573.751001 2627.374266 5518.374307 8899.823700 9658.331796 8154.656977 7690.850452 8620.549283 10106.237129 10749.959377 10504.601618 8674.757763 6057.706050 4467.715881 5767.282089 8287.008615 9605.155875 8427.294623 5677.761632 4636.361772
157.520780 344.774463 416.229133 359.736546 236.610310 212.369154 251.441171 2419.263231 6978.281444 9406.867243 7690.718902 3229.288591 184.426430 4.096806 0.611637 0.000000 0.000000 0.000900 9.895629 61.185472 121.455229 154.146752 318.983298 587.777715 1104.666614 1465.263997 1591.359240 1987.103696 4064.224170 6700.789934 6947.757861 4627.119677 1680.906149 858.907916 1107.705172 1091.410530 1105.509703 2266.203203 3984.356997 4348.517162 3337.283726 2546.853920 2290.166474 2106.003538 2580.370913 5498.202609 8588.447214 9439.289307 9116.902553 9404.975401 10784.986845 11049.874491 10073.711872 8917.108295 7283.911094 4363.189083 2817.706790 3104.226280 4900.917701 6133.068060 5785.496205 4655.730228 5769.323598
197.897454 402.644660 467.611021 397.930718 248.826701 190.380512 161.310108 1036.740293 4382.330971 6417.478596 5234.347700 2031.186300 122.672208 14.927790 16.838482 9.684341 9.737443 13.225881 22.825831 71.756457 119.732641 197.122805 584.860198 1069.654781 1839.050082 2022.811791 1988.100083 2671.669321 5370.411303 8341.107567 8649.127564 5979.088076 2547.152015 1305.974710 1475.169322 1426.018175 2025.375177 4227.993571 6411.085609 6420.696431 4239.691295 1964.590025 1368.401539 1569.064955 1985.664268 3568.230520 6735.883555 8393.451878 8858.052790 9684.512489 10575.986179 8925.078157 6009.854732 4791.041263 4426.234492 3413.692730 2807.758230 2145.315245 2154.664808 2629.608179 3310.076006 3846.445063 7827.113887
133.698727 293.417716 332.932172 258.804662 138.405038 102.799630 78.964341 222.638550 1346.257958 2487.230292 2062.561914 830.118027 102.301434 32.917052 35.726447 34.510318 62.151703 104.280582 113.618565 114.293414 139.028870 263.221571 811.756195 2309.044429 3568.291864 3404.001388 2202.465356 2017.773908 4048.493569 6643.680165 6865.409696 4554.951465 1826.513306 1201.940376 1351.272620 1258.066859 2022.141638 4492.494748 6593.339732 6448.741766 4136.513384 1642.093534 1120.762886 1478.935004 1836.715649 2530.870876 5136.596536 7051.076388 8149.385786 9352.778521 8359.720017 6078.817451 2644.794808 1909.945269 2666.261358 2999.617674 2487.381910 1553.351143 1068.281896 1350.266845 2196.848571 3266.315405 7093.274273
44.796593 114.288610 153.516957 108.785177 72.321954 54.520669 29.656189 49.286305 443.152850 855.598633 803.276982 346.789191 41.036372 37.986462 41.345281 76.758825 197.576121 297.900428 279.996432 181.307907 138.178445 248.708096 1146.243594 3375.718437 4747.186650 4301.009379 2499.178067 1296.092462 2159.671838 3472.157025 3535.175898 2403.497834 1339.607832 1235.214506 943.720878 675.910844 968.913478 2720.635122 4372.938844 4378.191765 2806.262251 1392.977289 1294.384849 1577.708042 1726.604706 2283.319494 4597.728650 6421.285346 7357.181908 7103.018992 5304.911306 3523.145145 1799.369560 1293.538473 1791.650684 2071.879481 1963.293080 1876.588526 1816.649642 1981.684127 2533.084581 3026.853483 5566.417924
52.673558 86.830351 119.170739 123.161081 92.498246 45.776338 8.227871 8.685583 63.247169 161.830069 146.545007 51.143309 14.220703 26.435867 58.549333 203.765325 401.333260 486.582434 418.052938 274.289751 174.504363 192.962287 985.758826 3148.531564 4533.922680 4161.957581 2624.039676 1438.340904 1902.361779 2211.740761 2192.539176 2211.821578 1967.672840 1588.602773 890.522773 277.573625 229.424702 592.896369 1314.115712 1560.940056 1379.448650 1354.003778 1370.445884 1727.933492 2104.479718 2281.252546 3297.723275 4430.639734 4815.130828 4264.154867 3269.781327 2520.407756 1267.634830 835.590065 1070.588119 1355.139815 1694.687889 2290.543703 2865.512548 3028.460094 2794.035694 2504.725292 4111.715945
56.688851 104.216593 161.607892 180.123210 131.430566 53.285526 2.587260 2.756570 1.643709 12.065746 12.152464 0.746255 2.697456 25.814378 124.259638 300.477576 496.839481 542.256037 440.467819 328.862819 244.292729 203.274681 388.128876 1902.675450 3288.831117 3234.775160 2851.013709 2817.647508 3226.310557 2868.598886 2801.596312 2891.943899 2460.613976 1778.336041 964.251848 211.840205 130.593630 154.897563 340.059654 657.284224 1153.614459 1470.741697 1476.905266 1886.266639 3073.167734 4017.597939 3629.528011 2688.352606 1693.789257 1595.630797 2377.302860 2388.660699 1534.350565 1053.683842 1203.073767 1446.575389 1881.951503 2860.277403 4500.266151 5291.398172 4383.528820 3272.076801 3579.798732
60.811443 136.829212 205.234538 200.193014 129.036310 110.259826 107.475512 43.678166 24.272836 2.607959 0.000000 0.000000 11.127586 43.758232 168.574589 340.353843 463.127924 447.310008 340.134953 270.280370 290.566191 300.221836 586.626191 2428.044075 4045.282336 3918.026381 3839.098246 4498.704470 4492.864067 3718.639217 2892.613702 2804.511905 2312.917713 1496.527269 702.034775 202.303146 194.599149 238.227146 386.796967 749.013114 1415.151194 1922.272050 1991.090189 2413.063670 4381.640201 6277.453504 6042.871935 3865.981098 1613.236310 1773.404503 3193.722569 3791.678512 3241.359116 2249.638571 2203.701960 2410.465888 2863.735988 4737.925295 6817.193242 7670.252291 8229.516243 7675.835074 6206.484904
129.015599 206.722089 237.075174 190.737347 417.096227 999.135537 1100.587242 595.970340 77.814131 16.807537 0.000000 0.196304 15.367538 82.932006 462.565149 767.539027 716.327405 373.756294 196.017704 218.990003 301.374925 414.486310 2325.230782 6024.312685 8050.934117 7493.486308 5685.498865 4940.495621 4457.675555 3576.481669 2646.118423 2327.493975 1881.798249 1694.351603 1701.232486 1214.411803 522.254249 501.331328 1357.677920 2243.118020 2651.615570 2421.039772 2224.222210 2683.830948 4724.731930 6933.466043 6932.550898 4838.086048 2687.999460 3095.594164 4418.387304 4836.815896 4298.799884 3323.984843 3359.968996 4106.585308 5843.127778 8322.388308 9725.365034 9573.744019 10962.152450 11415.586165 9697.359108
177.040951 226.539242 220.850010 225.893579 1087.150472 2054.318407 2227.961334 1448.034270 343.888412 21.563668 0.000000 4.758476 33.969630 325.839390 923.193302 1298.384943 1118.468778 525.617054 115.007644 146.377312 270.664151 670.977012 3708.397225 8089.762319 10175.906468 8832.334000 5746.089567 3755.294348 3164.244800 2461.807090 2066.986416 1885.602345 1962.567976 2887.674967 3638.151224 2947.530289 1418.664438 1175.595011 2650.812097 3817.093992 4002.432307 2956.390439 2064.935203 2215.825712 4058.492016 6217.426258 6280.428118 4893.348269 3372.663765 3708.520576 4566.602825 4461.464603 4059.601971 4109.737500 4877.635699 6503.553818 8915.029815 10694.655327 11002.556668 9837.605183 10294.315003 11130.851241 10141.564734
145.988872 184.235184 155.259563 218.264054 1252.637615 2324.146227 2522.449204 1677.017484 434.136118 16.919815 2.005774 31.172801 102.524762 513.304758 1246.810790 1654.383725 1363.587025 637.610156 91.073534 80.859507 317.783261 889.612683 3341.897795 6841.072236 8379.284024 6700.827019 3312.271395 1607.506456 1193.933267 1009.706446 1176.880451 1186.911958 1891.005193 3503.288700 4462.623392 3709.110422 1872.555581 1419.599250 3095.644423 4250.957432 4182.587321 2817.659700 1699.869016 1823.372423 3020.968330 4614.223454 4766.931091 4183.614024 3974.013252 6008.438670 8872.590999 7933.984200 5150.601751 4611.144269 5552.544098 7180.669529 9840.290335 10848.753107 9577.669891 6849.662045 6102.977072 7285.062471 7605.227130
61.485583 80.352650 56.988230 54.568137 751.379489 1613.695742 1763.513043 1066.938112 169.951910 38.334729 49.192308 74.177085 153.673225 519.697409 1851.043480 2631.847360 2045.259491 651.629176 46.186514 54.745541 522.173357 1287.567565 2115.320957 3730.756753 4768.085876 4373.364949 2130.039466 828.883056 405.246151 497.687064 765.473779 879.291268 1368.434292 2750.160942 3506.887151 2890.325572 1337.230319 850.235483 2312.086008 3320.089586 3027.794023 1845.704650 1225.064917 1624.113008 3081.038670 4205.393346 4219.775193 3961.465728 6627.237075 15009.271113 21302.693575 19245.845841 11329.532235 6098.690944 5521.758044 6569.515923 8456.427036 9017.932237 7214.192020 4142.976108 3574.180403 4394.841504 4753.650290
17.244097 10.163779 4.077352 22.739072 138.951371 491.402550 553.679709 223.157081 78.438382 136.635492 171.077297 163.402140 190.986610 888.779330 2535.392399 3438.546614 2762.126491 1091.613444 54.405727 106.520138 604.658315 1357.917879 1852.343943 4831.582386 17738.364259 29312.533085 22253.896916 6890.529814 1291.325782 819.909615 902.565968 943.748834 904.226074 1318.877525 1630.370870 1228.692281 453.396602 270.743624 935.439039 1596.545542 1600.045987 1138.264432 1337.098196 2531.930470 4344.714357 5289.407220 4713.087795 4217.079487 9372.403744 21872.639472 30500.069917 28316.958544 16918.109696 6875.044862 4603.301758 5205.530616 5906.516600 5856.222565 4833.968599 3492.819937 3180.849006 3352.999424 3512.715356
25.814149 23.560629 31.380973 76.034428 123.535829 219.833888 208.394695 88.473077 149.970823 311.932424 462.590560 461.682658 365.596073 1129.032198 2684.385125 3438.563323 2849.816807 1280.913904 223.453571 410.028835 742.305104 1196.534792 3343.273040 23417.423119 69047.515747 95077.934145 76578.319491 32339.708135 5557.333024 2275.992288 1876.936600 1905.823182 1681.097870 1340.566498 1287.395063 984.623985 497.227500 343.996188 640.403987 850.092716 921.802227 946.488572 1801.255566 3423.944602 5136.654915 5838.294339 4985.664992 4193.138866 8577.876978 19973.773729 28392.104954 26515.410899 15319.472170 5427.563688 3112.378963 3747.135241 4414.478138 4515.994564 4512.125300 4133.933115 3566.887389 2559.547521 2212.690866
42.603401 45.325797 89.100110 194.486949 489.402090 804.123963 913.538846 509.743934 210.537457 574.721655 840.926663 886.688343 653.948702 944.951592 2274.221218 2767.685581 2060.122461 865.676416 631.109136 985.606798 1142.346055 1587.471920 6879.656362 44186.633393 107308.401747 139393.466733 115487.717067 55088.759194 11721.605225 4438.279206 3658.712994 3195.626712 2954.662027 2730.463631 2426.678320 2065.136136 1347.564060 1323.782257 1723.158738 1647.854726 1177.249428 809.574035 1846.792748 3270.636572 4776.643964 5383.498302 4728.918439 4048.665538 5314.124096 11136.704923 16457.607661 15052.453558 7997.064543 3240.307005 2645.413047 3247.750300 3659.777954 3879.404039 3937.428932 3876.050729 3360.994639 1950.880282 859.878991
90.116068 56.597840 128.131365 322.567863 932.440413 1887.546095 2223.240585 1594.576788 603.658133 613.697577 914.456138 989.182054 914.536122 1265.943292 1949.699028 2034.007489 1167.085673 615.781447 1190.771259 1495.919583 1572.255004 1915.393235 6459.415769 39600.826850 97785.977586 127408.848336 104183.164149 47831.732841 10469.335916 5601.281073 4814.951055 3903.162867 3517.781430 3508.120583 3157.473641 2611.708893 1970.675277 2196.061360 2643.234908 2472.092927 1676.988916 779.808105 1075.699442 1903.336620 2853.959428 3375.551425 3260.521796 3319.928306 3328.709575 4080.561156 5561.517945 5085.218871 3292.831368 2109.930949 2256.699799 3109.169928 3267.341759 3249.259556 3340.429943 3080.592131 2170.613666 828.858298 96.163661
198.595472 55.390734 115.566866 265.754770 1150.060351 2409.822015 2870.467974 2203.337616 912.264950 424.416217 658.549039 731.735210 972.303383 1611.549142 2044.482622 1759.896592 1198.649101 1041.553168 1594.017907 1797.827787 1610.843360 1702.886407 3728.575963 19069.284461 51137.446975 69179.778974 52271.326965 19399.396279 5872.408959 5019.340630 4395.364887 3556.039104 3089.756857 3181.808767 2936.108698 2412.737230 1714.772103 1993.554892 2600.605268 2607.788408 1793.644612 789.086526 509.472513 678.748411 907.727907 1286.614944 1954.388808 2553.988160 2583.023936 2422.458968 2626.197080 2829.287918 2492.426606 1716.631826 1750.922714 2676.668766 2988.451677 2517.667097 2087.046695 1582.800155 793.477749 106.759163 0.000000
229.687356 50.291714 58.788826 102.148810 738.176956 1891.204545 2373.437711 1831.102625 735.673097 136.924433 298.310802 395.004042 659.106495 1389.637465 1799.568752 1511.339686 1147.803001 1153.930765 1507.187981 1504.214273 1068.454537 1250.476879 4387.880615 10462.212039 16979.807790 18753.911744 12612.004709 6624.733200 4941.115478 3840.941737 2917.595600 2387.314514 2076.687782 2162.560395 2275.930462 2039.032529 1843.572321 2218.019252 2458.934395 2218.478698 1552.927464 1264.781885 1519.422966 1589.494531 1609.639867 1402.729535 1430.448854 1631.056448 1628.509203 2023.008421 2579.232856 2878.723289 2347.177263 1563.161236 1471.993099 2143.681937 2442.158490 1624.902451 764.514885 219.146471 23.273923 0.000000 0.000000
166.864850 31.399113 9.034903 17.703684 117.860723 735.387894 1126.198064 872.934239 253.378748 21.296551 107.054887 260.384552 419.182982 796.605449 1003.823603 732.448811 540.139808 930.454545 1152.699826 926.380586 515.980953 1525.783123 10586.029643 19381.793338 20620.915918 15835.774256 11205.005748 12761.101931 12379.882189 7052.971598 3181.114879 2200.364572 1962.020235 2256.702359 2748.718977 3463.829232 4257.615976 4795.326683 5662.930713 4738.514962 2878.864062 2281.553409 2870.314818 3735.370836 3984.458966 3029.593106 2056.640344 1425.658279 1436.148737 2483.278502 3494.559902 3811.292436 2882.686374 1679.752378 2089.060034 2827.055245 3018.209375 1872.261120 361.144160 0.951173 0.000000 0.000000 0.000000
42.024990 11.824568 0.991316 0.000000 0.642083 37.502278 150.213274 84.828346 6.158694 47.871973 131.189238 252.023661 340.753368 314.714449 241.336446 107.454637 151.178788 477.324978 619.779847 468.541331 1103.756022 7998.133423 22558.420193 30109.533734 27606.561248 19922.192414 17780.390553 29032.014567 33032.640298 23605.498768 9319.025467 2960.384382 2440.088543 2670.809167 3393.216752 4908.322979 6658.254402 9323.575138 10937.841740 9437.534513 5942.903581 3170.215202 3292.744957 4587.877520 4919.156732 3877.749403 2660.092704 1625.232615 1688.210559 2778.324550 3580.402067 3748.557098 2865.738678 2284.871967 3701.179350 4757.645748 4433.339721 2823.808434 704.713003 0.375595 0.000000 0.000000 0.000000
1.614779 0.075852 0.000000 0.000000 6.524802 25.569077 37.345475 32.694270 15.224421 42.622654 114.924251 162.910211 189.214774 146.664153 78.427638 39.812059 124.150735 207.167464 305.689005 545.335058 5455.247171 16626.695089 31012.160585 35612.422939 27071.061558 17101.766556 21346.050712 40096.627282 47341.642236 37100.042064 17031.569968 4162.602208 2340.820362 2247.368086 2779.354616 4361.227375 6645.355720 10312.179752 12393.070345 10793.431774 6723.835150 2855.525552 2168.406479 3289.293686 3630.212869 2939.080551 2072.017079 1196.943844 1204.129629 2097.124927 2646.021832 2637.161336 2289.724690 2515.040456 4445.917058 5985.275084 5928.996380 3858.330637 1269.742918 72.147209 0.000000 0.000000 0.000000
0.003585 0.000000 0.000000 0.000000 8.178035 28.750449 41.170850 36.279509 17.491901 13.140276 54.755620 78.995053 57.924222 15.395459 0.581899 30.716924 107.570988 246.956102 418.270836 1092.770021 7984.911839 18495.363888 28357.609083 29390.771762 18921.093420 8285.184395 15462.750617 34705.807008 43302.267508 34987.492325 15938.237700 3557.378075 1415.374990 1070.389313 1451.258376 2224.158599 3671.542738 6505.812118 8638.808850 7768.138883 4587.022837 1222.246264 507.852507 945.272657 1269.092319 1153.595019 726.424518 556.397095 531.578981 782.667895 1106.962551 1033.298042 1123.599873 2451.718718 4408.478100 7528.526123 8776.898310 6354.788430 2416.902968 334.670955 0.000000 0.000000 0.000000
