WorkingVersion/ascfiles2/tmp_kdeout11.asc
ncols        704
nrows        293
xllcorner    827.296065
yllcorner    924.742280
cellsize     0.500000000000000
NODATA_value -999.000000
[rows 28 to 55 of 293, columns 315 to 377 of 704]
0.000000 0.000000 0.000000 0.000000 0.000000 0.000000 0.000000 0.000000 0.000000 0.000000 0.000000 0.000000 0.000000 0.000000 0.000000 0.000000 1.253549 7.980611 6.165301 15.668960 284.913054 742.567908 1182.839309 1477.260407 1434.823336 943.736018 483.719089 225.378838 58.474155 0.550508 0.000000 0.000000 0.000000 0.000000 0.000000 0.000000 0.000000 0.000000 0.000000 0.000000 0.000000 0.000000 0.000000 0.000000 0.000000 5.358167 21.117861 29.467008 23.170513 7.568488 0.000000 0.283416 30.166998 93.323374 126.882970 102.555610 46.251358 6.621773 0.000000 0.000000 0.000000 0.000000 0.000000
0.000000 0.000000 0.000000 0.000000 0.000000 0.000000 0.000000 0.000000 0.000000 0.000000 0.000000 0.000000 0.000000 0.000000 0.000000 2.009520 29.375883 52.402430 49.712043 273.396322 1299.627756 2415.515215 3349.414425 3409.646043 2714.898051 1632.719356 531.401935 145.298124 15.004588 0.000000 0.000000 0.000000 0.000000 0.000000 0.000000 0.000000 0.000000 0.000000 0.000000 0.000000 0.000000 0.000000 0.000000 0.000000 0.000000 11.296966 31.829253 41.921440 34.338434 15.363611 7.111433 8.314573 6.847539 67.508893 126.637961 115.444869 51.890925 3.936120 0.000000 0.000000 0.000000 0.000000 0.000000
0.000000 0.000000 0.000000 0.000000 0.000000 0.000000 0.000000 0.000000 0.000000 0.000000 0.000000 0.000000 2.410081 7.892830 29.788119 89.426971 165.723304 196.753643 194.050151 769.035370 2237.084580 3674.181805 4704.580893 4465.453385 3207.870277 1910.137948 1042.156899 820.517867 409.384440 11.813984 0.000000 0.000000 0.000000 0.000000 0.000000 0.000000 0.000000 0.000000 0.000000 0.000000 0.000000 0.000000 0.000000 0.000000 0.000000 8.759880 27.461325 36.884854 29.900794 23.452011 26.341418 28.779731 35.594416 90.634915 153.079828 146.444567 74.080277 11.356288 0.000000 0.000000 0.000000 0.000000 0.000000
0.000000 0.000000 0.000000 0.000000 0.000000 0.000000 0.000000 0.000000 0.000000 0.000000 0.000000 3.884742 20.092870 56.866709 151.935935 280.458377 469.972796 666.500445 676.274230 1042.910108 2167.098512 3304.614941 3987.918927 3541.075111 2388.689293 1898.722152 2105.004023 2416.045625 1709.143117 444.572762 2.541476 0.000000 0.000000 0.000000 0.000000 0.000000 0.000000 0.000000 0.000000 0.000000 0.000000 0.000000 0.000000 0.000000 0.000000 1.233458 11.500628 17.843802 14.872451 22.515891 38.017734 40.936163 52.848840 107.016814 157.447365 150.622374 84.787206 14.836305 0.000000 0.000000 0.000000 0.000000 0.000000
0.000000 0.000000 0.000000 0.000000 0.000000 0.000000 0.000000 0.000000 0.000000 0.000000 6.288003 25.574893 54.330990 110.606617 236.165983 421.810987 860.736568 1263.176862 1196.686609 996.729803 1322.271686 1772.206990 1855.422930 1539.719828 1234.934975 1796.726225 3181.930062 3926.857856 2976.792803 1158.989156 118.374059 7.982661 0.000000 0.000000 0.000000 0.000000 0.000000 0.000000 0.000000 0.000000 0.000000 0.000000 0.000000 0.000000 0.000000 0.000000 0.008921 0.860040 0.988671 18.814549 37.717310 37.269529 34.440683 69.356869 110.495818 104.391781 51.205979 5.331562 0.000000 0.000000 0.000000 0.000000 0.000000
0.000000 0.000000 0.000000 0.000000 0.000000 0.000000 0.000000 0.000000 0.000000 1.047202 17.439875 52.394235 91.023298 148.279179 245.043424 509.573899 1248.575641 1943.748966 1758.005156 998.354675 523.435861 426.194700 496.798638 1048.674807 2010.944779 3775.520247 5538.612368 5746.939493 4355.459096 1982.446392 624.091986 177.470026 2.163506 0.000000 0.000000 0.000000 0.000000 0.000000 0.000000 0.000000 0.000000 0.000000 0.004278 0.957413 0.196990 0.000000 0.000000 1.834055 9.055238 36.067662 55.402732 42.753617 11.925552 12.753502 31.951599 28.099722 5.861434 0.000000 0.443035 0.302669 0.000000 0.000000 0.000000
0.000000 0.000000 0.000000 0.000000 0.000000 0.000000 0.000000 0.000000 0.000000 1.542500 31.354422 86.594822 148.709154 192.347272 232.799122 660.797157 1898.457800 2813.920816 2514.517258 1272.481190 271.555959 172.768845 761.675593 2424.131265 4857.463658 7050.319896 8392.346860 7760.803971 5507.873993 2775.135042 1152.447718 429.680347 69.354680 22.124084 3.416468 0.000000 0.000000 0.000000 0.000000 1.221969 1.504393 0.960407 11.160853 21.380239 18.721331 4.456057 17.205011 35.484724 58.928118 74.752373 76.119590 55.725497 16.786084 0.000000 0.000000 0.000000 0.212004 8.697752 16.094694 15.181655 5.443814 0.000000 0.000000
0.000000 0.000000 0.000000 0.000000 0.000000 0.000000 0.000000 0.000000 0.000000 1.273092 42.714539 139.384680 289.360695 348.207565 327.076439 870.194543 2250.005309 3078.314779 2669.996318 1297.083642 203.985275 171.834608 963.257732 3154.160281 6268.164435 9210.194052 10561.046578 9341.595783 6493.615652 3559.151091 1490.266365 727.490880 414.214407 335.385024 167.949377 21.944463 0.000000 0.043831 34.706357 134.190187 150.324329 62.035828 39.345133 61.788140 55.821727 36.436853 46.974829 72.701340 98.169117 104.181730 84.427028 60.155092 19.539101 0.000000 0.000000 13.330263 64.154966 97.180620 76.283614 34.888691 17.907265 1.490402 0.000000
0.000000 0.000000 0.000000 0.000000 0.000000 0.000000 0.000000 0.000000 1.066248 13.149157 59.898380 261.364528 641.373054 825.621903 729.029480 920.748055 1991.956472 2592.975140 2101.408329 945.472490 143.216106 168.238153 716.448257 2385.628430 5448.471966 8804.610112 10565.258289 9651.690142 7006.882254 4338.121447 2361.408905 1507.178942 1248.084970 952.909871 473.673888 111.755088 4.031580 39.083705 296.245416 609.140541 670.978655 447.037506 174.223742 114.257864 90.683497 57.953029 71.333785 94.016789 96.995485 85.364527 58.624410 36.821640 7.527084 0.000000 0.635931 66.096021 156.012751 199.748053 159.191071 67.766549 21.925674 2.794276 0.000000
0.000000 0.000000 0.000000 0.000000 0.000000 0.000000 0.000000 0.000000 7.620168 26.827396 91.806812 519.041572 1210.776303 1507.223927 1305.133769 886.917400 1131.260912 1428.636178 1032.696161 343.152363 127.399925 393.508724 865.262539 1819.258467 4025.902849 6584.462676 8111.859712 8085.213763 7692.311279 8028.062332 7242.184041 4772.448302 2550.979159 1572.715799 711.104833 154.795447 15.172024 141.072235 614.778737 1100.540538 1189.724411 852.441081 399.404125 168.495238 115.999872 81.329746 85.266996 90.960464 72.981022 36.551585 14.028317 6.006034 0.000000 0.000000 4.163842 88.079028 184.855057 225.291179 176.215802 71.053673 13.583375 0.455201 0.000000
0.000000 0.000000 0.000000 0.000000 0.000000 0.000000 0.000000 0.000000 9.245408 30.554725 93.700555 620.734140 1392.214742 1714.808970 1455.057862 837.584025 442.344935 373.332677 153.810584 35.283967 244.685244 779.252498 1587.742629 2458.235444 3720.239497 5062.075105 5982.303068 6929.628100 9996.725099 13461.521038 13879.328520 9981.763878 4586.117413 1886.107129 664.021871 99.961838 35.837568 269.499612 919.469062 1457.316750 1407.878481 944.209281 456.272972 196.619438 133.428839 111.314805 98.306579 80.885052 40.478899 8.220709 0.000000 0.000000 0.000000 0.000000 0.187430 54.962107 133.601776 158.152358 111.700168 29.092424 1.539905 0.000000 0.000000
0.000000 0.000000 0.000000 0.000000 0.000000 0.000000 0.000000 0.000000 3.508414 18.557185 59.229175 389.078701 1001.995009 1275.322364 1022.828998 502.702667 195.649839 100.553987 14.552320 16.615213 299.719283 1013.274510 2061.731916 2994.819339 3665.492850 4135.989415 4397.323101 5432.844748 10146.761907 15287.042998 16063.395239 11642.449294 5095.523237 1536.989209 359.707595 74.084678 121.485726 569.209050 1211.848964 1626.081025 1419.389717 768.698968 369.353668 197.200450 136.904288 123.748821 107.891461 74.041724 23.670435 3.179487 0.000000 0.000000 0.000000 0.000000 0.000000 5.304107 40.456496 52.811921 24.668462 1.520536 0.000000 0.000000 0.000000
0.000000 0.000000 0.000000 0.000000 0.000000 0.000000 0.000000 0.000000 0.000000 2.803444 13.936957 82.956367 366.485542 518.196937 356.071456 90.772078 24.300218 3.125771 21.987474 60.004251 349.773169 975.765540 1815.034533 2483.866610 2744.353852 2749.201970 2753.130600 3363.142773 7165.500060 11470.533417 11978.828666 8262.340075 3084.848586 754.507487 143.133955 90.577234 199.961864 723.019227 1267.561987 1421.825540 1115.909822 525.626994 248.907072 162.016140 114.950964 115.012478 132.245652 107.880959 43.109891 5.295494 0.000000 0.000000 0.000000 0.000000 0.000000 0.000000 0.000000 12.193866 51.822993 64.196909 35.205381 1.038992 0.000000
0.000000 0.000000 0.000000 0.000000 0.000000 0.000000 0.000000 0.000000 0.000000 0.000000 0.000000 0.787645 4.259301 22.615226 4.567521 0.000000 0.000000 9.865298 53.812705 125.634622 360.213085 721.836178 1059.579178 1251.155896 1245.645473 1220.184206 1415.415468 1773.270377 2786.704976 4583.767490 4733.989405 2729.278721 780.891326 182.969334 66.624560 79.083877 159.353823 543.476396 976.140136 1059.917252 765.074019 358.705832 239.628759 156.477574 103.289861 188.226224 217.831493 158.407686 96.154494 27.663620 0.201169 6.441087 11.331945 10.058276 3.509855 0.210373 0.688752 54.704237 123.267966 141.968881 96.696747 23.642150 0.667033
0.000000 0.000000 0.000000 0.000000 0.000000 0.000000 0.000000 0.000000 0.000000 0.000000 0.000000 0.000000 0.000000 0.000000 0.000000 0.000000 0.000000 11.895183 57.897908 117.535710 293.673888 493.484389 566.970666 500.335907 375.553344 377.796028 570.318231 715.392196 724.615073 618.891664 452.235375 253.319390 73.488725 45.925800 155.160209 188.701685 103.737905 181.502753 421.458568 482.820899 350.286181 297.737904 334.442939 274.358130 250.586436 321.673014 360.529451 262.821551 132.069148 47.235790 7.148351 23.346908 44.009915 50.767922 32.064807 11.613177 3.793728 70.661161 146.689139 167.013640 117.524430 36.607222 14.592228
0.000000 0.000000 0.000000 0.000000 0.000000 0.000000 0.000000 0.000000 0.000000 0.000000 0.000000 0.000000 0.000000 0.000000 0.000000 0.000000 0.000000 2.978108 31.011531 65.010405 132.536599 219.763602 223.963865 172.280994 175.378639 224.208242 211.390397 147.714210 62.078877 22.022695 20.635989 6.114145 16.867126 296.344227 596.041842 612.615566 335.204607 53.703229 64.711370 91.733203 159.332155 311.480396 379.139844 366.020429 357.479816 375.868207 408.023529 328.727048 183.900538 97.991052 39.037242 42.239232 85.674495 108.085462 70.974693 25.958395 4.778619 42.542646 104.564522 121.809198 80.166440 25.118664 42.235364
0.000000 0.000000 0.000000 0.000000 0.000000 0.000000 0.000000 0.000000 0.000000 0.000000 0.000000 0.000000 0.000000 0.000000 0.000000 0.000000 0.000000 0.000000 3.137108 29.129440 61.656808 66.816739 51.879599 59.959233 146.457573 220.344805 213.004027 123.976353 32.982955 4.159379 11.709901 11.267972 87.888059 532.394247 917.143386 925.133241 558.987232 126.674813 49.797624 61.935895 119.458134 251.297150 322.863071 300.241376 286.959104 296.759515 320.347723 269.101300 179.196353 139.441814 74.358414 66.223414 193.421106 249.952988 177.920322 57.608576 16.933035 9.070723 29.672947 39.134386 17.433354 52.839973 133.870892
0.000000 0.000000 0.000000 0.000000 0.000000 0.000000 0.000000 0.000000 0.000000 0.000000 0.000000 0.000000 0.000000 0.000000 0.000000 0.000000 0.000000 0.000000 0.273344 29.751273 69.534752 84.192637 70.058784 53.595465 94.641667 171.423408 178.206497 114.479372 48.754767 23.983061 31.552692 30.906931 97.133066 501.457288 866.305591 866.552341 502.611564 97.729273 31.306849 35.570991 32.274381 99.435056 152.549827 117.344065 131.614245 204.060292 226.418358 196.860816 178.568490 139.101431 69.693963 117.376154 290.902672 361.814550 282.465999 139.419907 55.940814 40.078556 10.232891 0.000000 9.146982 100.751371 199.156294
0.000000 0.000000 0.000000 0.000000 0.000000 0.000000 0.000000 0.000000 0.000000 0.000000 0.000000 0.000000 0.000000 0.000000 0.000000 0.000000 0.000000 0.000000 0.000000 22.804446 58.670658 72.191905 56.874748 37.383231 40.864227 87.295480 108.817132 96.057555 72.310008 47.411343 43.532699 41.320502 53.638074 236.563552 477.421811 470.184715 213.700895 13.006611 12.407324 17.989786 14.201019 4.951180 16.255102 45.304999 130.283386 209.570879 228.041101 212.918451 166.254235 97.085740 35.435081 118.335849 284.434358 351.276033 293.130291 173.754665 103.338372 80.746459 28.748045 3.046559 22.546982 114.652574 194.661552
0.000000 0.000000 0.000000 0.000000 0.000000 0.000000 0.000000 0.000000 0.000000 0.000000 0.000000 0.000000 0.000000 0.000000 0.000000 0.000000 0.000000 0.000000 0.000000 4.198216 24.336779 33.294477 20.790577 8.075903 15.055929 39.440649 66.784729 83.491086 69.297400 55.855457 58.735968 47.896548 39.593003 42.406674 80.507014 68.676594 10.681340 0.026596 10.898919 35.472176 47.570609 49.407126 63.689392 101.127139 212.356049 312.797767 313.570063 215.171869 112.484034 42.511750 6.990115 61.508046 179.308928 228.191623 192.897575 131.747426 116.139839 94.613736 37.215191 13.593908 30.858054 81.229714 132.318348
0.000000 0.000000 0.000000 0.000000 0.000000 0.000000 0.000000 0.000000 0.000000 0.000000 0.000000 0.000000 0.000000 0.000000 0.000000 0.000000 0.000000 0.000000 0.000000 0.000000 0.025413 0.992651 0.000000 0.000000 0.044381 2.704171 25.807313 46.612583 46.404590 55.898251 59.480282 46.893797 28.835161 17.631733 16.960445 9.018867 0.193836 2.230134 25.841293 69.455325 115.847089 212.694537 259.984292 255.753245 250.681660 288.895273 278.387109 176.113549 75.159190 22.118511 0.796253 11.321902 42.869968 63.538738 46.871020 60.772696 93.960002 84.651190 40.058632 24.830426 36.506113 45.576179 51.487632
0.000000 0.000000 0.000000 0.000000 0.000000 0.000000 0.000000 0.000000 0.000000 0.000000 0.000000 0.000000 0.000000 0.000000 0.000000 0.000000 0.000000 0.000000 0.000000 0.000000 0.000000 0.000000 0.000000 0.000000 0.000000 0.000000 5.138635 20.294528 30.767757 43.321602 45.368469 40.507037 25.402709 5.352663 0.623406 0.000000 0.000000 2.077147 45.322223 105.664766 217.421654 356.094657 397.371725 349.918821 247.660716 164.135946 142.086675 89.339169 50.294668 20.404024 3.323052 7.525225 12.531703 6.726121 3.834763 24.315163 55.121690 60.191000 42.185581 28.952391 33.967216 51.391806 46.742439
0.000000 0.000000 0.000000 0.000000 0.000000 0.000000 0.000000 0.000000 0.000000 0.000000 0.000000 0.000000 0.000000 0.000000 0.000000 0.000000 0.000000 0.000000 0.000000 0.000000 0.000000 0.000000 0.000000 0.000000 0.000000 0.000000 0.000000 3.622454 7.685072 17.644473 27.543335 28.893957 16.352865 1.617355 0.000000 0.000000 0.000000 5.534139 51.459678 107.218409 215.114264 350.649971 378.255919 304.871560 163.979422 58.204686 47.930006 50.132516 64.929379 55.819782 32.449208 25.504198 31.803444 22.882102 6.149818 8.035100 31.666164 43.505238 37.476774 20.900056 23.714599 43.701883 45.417504
0.000000 0.000000 0.000000 0.000000 0.000000 0.000000 0.000000 0.000000 0.000000 0.000000 0.000000 0.000000 0.000000 0.000000 0.000000 0.000000 0.000000 0.000000 0.000000 0.000000 0.000000 0.000000 0.000000 0.000000 0.000000 0.000000 0.000000 0.000000 0.000000 14.979253 47.141179 49.002032 18.114879 0.000000 0.000000 0.000000 0.000000 5.137462 41.693420 76.369879 110.738491 196.586194 222.094956 163.693243 44.654152 2.864824 17.861222 59.341974 83.982271 73.724259 50.313941 36.530425 42.276388 36.677128 23.993511 10.421073 15.630212 25.327750 23.471121 10.320196 13.107135 31.799326 38.592297
0.000000 0.000000 0.000000 0.000000 0.000000 0.000000 0.000000 0.000000 0.000000 0.000000 0.000000 0.000000 0.000000 0.000000 0.000000 0.000000 0.000000 0.000000 0.030845 0.051216 0.000000 0.000000 0.000000 0.000000 0.000000 0.000000 0.000000 0.000000 4.582819 52.522190 96.947213 98.756419 56.573956 6.749585 0.000000 0.000000 0.000000 1.391678 21.090053 41.885320 43.193029 33.900280 36.526029 17.929987 2.309413 1.905009 10.589703 45.730065 67.623596 58.324471 35.832581 28.473838 41.278998 61.942596 91.989273 94.075285 49.406398 7.407063 4.493814 0.234433 3.883986 15.933469 20.837907
0.000000 0.000000 0.000000 0.000000 0.000000 0.000000 0.000000 0.000000 0.000000 0.000000 0.000000 0.000000 0.000000 0.000000 0.000000 0.000000 0.000000 13.433906 42.834694 44.100240 16.774313 9.935149 22.816419 19.016154 3.628588 2.608838 5.023213 2.015276 10.309279 69.177046 119.164123 121.169040 73.815944 13.454597 0.000000 0.000000 21.795572 59.517775 62.427415 33.153465 5.958875 0.219824 2.406682 21.549329 34.795222 27.005146 8.261709 14.246830 27.411653 21.620058 5.646071 10.839013 33.459754 99.632828 181.996880 201.445608 133.296270 35.302998 0.000000 0.000000 0.000000 0.803801 2.160107
0.000000 0.000000 0.000000 0.000000 0.000000 0.000000 0.000000 0.000000 0.000000 0.000000 0.000000 0.556653 12.291297 20.514634 13.100357 2.181499 7.096801 65.389444 120.631620 122.204566 75.280183 50.098443 63.534992 57.061529 31.366478 20.217381 30.348500 23.480963 8.140638 47.331912 89.847219 91.589229 51.182088 4.975559 0.000000 7.536375 72.500543 133.270032 136.984815 81.085687 13.314263 0.066214 16.841521 52.561723 71.758451 59.292492 25.175041 2.031355 0.055152 0.429807 3.704374 3.048663 16.798910 105.757198 208.870992 233.433391 162.356552 53.966281 0.008971 0.000000 0.000000 0.000000 0.000000
0.000000 0.000000 0.000000 0.000000 0.000000 0.000000 0.000000 0.000000 0.000000 0.000000 0.000000 25.405429 71.240799 94.047561 70.362690 25.672858 20.793738 97.079898 171.308667 175.187191 119.353969 76.364506 89.873262 83.021373 66.952836 68.889950 78.724853 57.365027 25.279454 11.198305 31.028730 31.643574 10.298976 0.000000 0.000000 13.921513 89.765409 155.962176 159.651786 98.275036 19.573541 0.790684 22.349903 61.217785 81.318944 67.514167 29.814649 2.459034 0.671587 12.505370 23.091593 21.406706 13.721577 59.661895 146.991500 183.576574 131.042354 41.022174 0.000000 0.000000 0.000000 0.000000 0.000000
