WorkingVersion/ascfiles2/tmp_kdeout46.asc
ncols        704
nrows        293
xllcorner    827.296065
yllcorner    924.742280
cellsize     0.500000000000000
NODATA_value -999.000000
[rows 56 to 83 of 293, columns 126 to 188 of 704]
11.971505 32.604582 42.411182 34.421928 14.242644 0.054361 0.000000 0.000000 0.000000 0.000000 0.000000 1.380378 8.013700 9.236065 3.238632 0.000000 0.000000 0.000000 0.000000 0.000000 0.000000 0.000000 0.000000 0.000000 1.414650 17.503541 33.314470 49.372376 60.957509 54.323622 47.895041 54.806516 90.419329 118.765471 119.827672 116.580211 114.754776 104.145671 115.512124 144.736209 182.021748 376.765742 784.256867 1102.412198 853.119598 306.721932 248.412273 408.474056 529.215417 558.092447 641.460653 1174.362726 1681.158255 1587.847677 908.673115 243.258895 112.888779 179.908845 468.384591 1102.437639 1579.007371 1495.651330 1056.891972
7.613816 25.093790 33.776030 26.691156 9.444994 0.000000 0.000000 0.000000 0.087892 1.674066 0.711556 0.000000 0.000000 0.000000 0.000000 0.000000 0.000000 0.000000 0.000000 0.000000 0.000000 0.000000 0.000000 0.000000 0.000000 5.038911 35.262440 54.886034 50.726952 53.374211 92.365373 156.644119 187.364316 144.915855 115.344916 154.722623 180.892656 162.882524 125.390267 150.544214 199.900810 623.543225 1701.883477 2403.728789 2063.506695 1017.034824 394.211987 501.823792 589.588936 571.951553 739.404593 1544.656374 2195.327505 2088.563897 1297.231704 495.956632 266.905317 270.146696 319.872778 534.341836 808.475378 795.156464 684.712946
0.373237 8.185248 13.420000 9.108115 0.855417 0.000000 0.000000 1.011780 11.909233 19.787974 15.984391 4.410076 0.000000 0.000000 0.000000 0.000000 0.000000 0.000000 0.000000 0.000000 1.756777 7.511740 10.638740 7.841778 2.774431 81.724162 193.189523 213.646597 147.282730 66.266427 169.118529 296.872816 324.793885 246.054307 181.563492 209.081762 230.477430 202.735988 125.489965 117.096386 182.169094 772.581111 2166.162681 3062.017097 2734.766938 1523.117801 568.501673 489.585613 554.450076 490.095155 578.594011 1267.284167 1850.229531 1792.151037 1237.125388 798.757201 768.990827 652.113784 410.747753 329.395440 328.644202 320.949961 264.527955
0.000000 0.000000 0.004521 0.000000 0.000000 0.000000 0.106142 15.027555 44.027114 51.372129 36.732609 21.702388 5.658550 0.000000 0.000000 0.000000 0.000000 0.000000 0.000000 6.636071 23.102968 42.283324 43.392557 28.240157 59.259141 231.182391 390.891766 392.564551 255.651400 102.296667 175.700245 317.354042 346.788511 251.099350 164.855314 178.133513 193.877057 165.617632 117.959041 136.459833 194.470558 578.739982 1727.887572 2561.879842 2342.742814 1340.400412 500.606197 413.727987 469.913434 422.936660 443.076150 693.803000 1010.912896 977.066185 854.968846 1019.363374 1237.286385 1073.146890 740.366709 523.734871 328.009241 134.028624 114.567211
0.000000 0.000000 0.000000 0.000000 0.000041 2.404921 10.192578 72.458693 164.613753 195.205127 126.020094 65.887439 41.943671 16.299553 0.000000 0.000000 0.000000 0.000000 0.867241 17.135567 43.655000 68.270377 67.678830 51.630644 97.196334 276.736396 437.595276 425.221682 254.656568 73.790420 90.807586 204.491053 236.397916 152.541101 66.545305 88.438993 114.465654 99.378329 126.727838 178.571745 193.994699 281.567269 761.571732 1331.081093 1256.975796 720.579288 458.457396 493.445512 429.284753 398.372481 448.372193 475.536187 495.707978 464.389004 620.153250 1020.850915 1255.408420 1189.603843 977.664641 795.641487 572.007017 302.011917 198.448778
0.000000 0.000000 0.000000 0.937294 20.792433 37.581821 64.670104 195.776914 447.132485 559.371419 426.553733 171.357607 73.212085 37.118170 2.709769 0.000000 0.000000 0.000000 1.096213 18.107215 42.081584 64.065498 62.090158 43.887131 73.979061 180.575271 297.524614 279.005126 136.492552 16.420739 15.942195 60.013823 76.579162 38.748749 2.633600 14.927680 38.805761 48.878787 115.551223 179.628469 192.289643 207.817722 254.464404 388.938703 457.565457 597.424622 836.339428 907.243752 673.848053 529.692250 656.686566 695.768033 709.982024 584.526105 580.075009 727.969385 813.957711 873.673120 892.730133 876.633689 712.556941 427.474641 270.016562
0.000000 0.000000 0.000000 12.070189 49.927655 74.185365 108.207443 321.375737 675.995648 864.082712 695.956192 306.421310 82.897103 37.213579 2.735593 0.000000 0.000000 0.000000 0.000000 14.948252 38.238029 45.316495 31.074254 15.200894 35.779582 70.796663 95.704851 76.626818 44.227422 87.208749 99.524385 52.971483 3.026997 4.636114 11.141014 11.206219 26.735019 55.015996 107.475819 148.585357 151.647596 166.766295 219.380843 327.123019 448.331368 831.513366 1181.066003 1220.251691 979.457607 832.218334 926.978936 961.125346 897.233917 706.636528 524.080011 401.183262 326.152493 419.754401 592.202684 681.250773 572.937315 339.779601 259.789665
0.000000 0.000000 0.000000 15.467887 56.620449 82.247050 89.589723 291.520438 714.246279 937.132786 771.657916 354.353534 58.140197 16.489656 0.000000 0.000000 0.000000 0.000000 6.587845 37.202429 61.102838 54.162723 20.828785 10.856395 27.631606 38.147096 42.681873 40.217706 124.382940 226.364094 240.733214 160.395873 41.840424 19.596263 31.490179 36.941011 73.074505 182.381478 276.562830 256.604697 147.943179 117.465191 198.345108 282.602201 372.850354 739.999556 1089.212531 1167.169711 1038.286244 928.399530 1009.270625 980.066876 801.185676 592.589235 453.972257 269.526719 158.375125 173.543181 270.160855 332.713091 270.215012 193.523892 262.053187
0.000000 0.000000 0.000000 5.495538 35.235966 55.955620 48.683218 134.918628 480.905194 694.108542 572.741554 250.100275 22.495704 0.000000 0.000000 0.000000 0.000000 0.000000 16.700692 58.028831 82.834316 72.891323 35.499609 21.984818 58.823514 57.630830 50.589057 57.298924 163.652120 281.149499 296.577968 205.101328 69.636746 27.986014 45.560285 66.782127 156.908140 346.405816 486.311455 447.061513 262.428588 123.435572 132.913610 188.133755 204.200636 372.473659 741.354323 972.857681 966.156527 916.743184 938.739624 774.914423 468.798009 311.657086 283.367516 201.241050 161.475418 133.283612 88.748442 85.767285 103.367853 142.330704 377.646483
0.000000 0.000000 0.000000 0.000000 5.289766 14.778712 11.164260 35.602897 192.749641 329.221019 283.985141 119.717748 8.884391 0.000000 0.000000 0.000000 0.000000 0.000000 12.668388 50.271962 73.512438 64.163994 42.725551 127.448013 218.280544 188.614023 85.295809 35.889407 109.700478 208.194337 223.696292 148.724436 42.770816 25.479860 52.432108 75.423955 174.747767 380.919159 519.342328 481.962851 291.937816 110.936860 83.857171 112.765450 118.785225 155.095765 468.773518 756.243869 887.346780 907.745148 732.735657 486.298492 213.994307 146.515834 198.343104 212.525261 182.418935 118.292145 50.333993 37.957590 81.015134 126.425845 324.195606
0.000000 0.000000 1.053351 2.151114 0.210952 0.000000 0.000000 1.821249 57.611048 116.245301 102.153318 32.832890 0.000000 0.000000 0.000000 0.000000 1.840481 6.229759 5.754947 20.575996 35.990061 29.557895 79.785253 257.064965 374.340006 325.677835 148.255581 16.261199 23.573667 73.193448 87.230662 64.421837 42.675130 43.703218 50.872930 61.360395 103.861865 237.631766 349.925140 345.468527 213.388406 84.776028 59.323288 63.929833 69.568874 135.578853 421.438867 678.467735 784.030513 729.761677 504.491920 305.356544 157.535124 142.053566 218.039091 252.939863 213.392409 132.872358 57.988606 25.614808 63.908855 105.460074 179.820089
0.000000 4.959567 16.933705 20.751642 12.588479 1.194520 0.000000 0.000000 0.000000 4.390218 2.041907 0.000000 0.000000 0.000000 0.000000 2.049288 16.148742 26.603468 23.517156 9.568703 1.896266 1.325609 87.644721 286.356956 401.601558 346.997379 159.839348 14.386994 20.640486 30.440215 51.151240 74.636830 76.236939 68.040039 62.738022 62.042677 60.400844 70.559872 132.651312 168.503552 136.893544 89.559208 57.837843 51.740968 80.217671 141.586035 305.069027 466.772566 502.241725 429.881952 302.610776 222.256956 116.271877 118.647895 180.525591 224.797896 203.111907 147.539451 88.986048 53.599046 51.956681 72.705960 98.956642
0.283307 14.961631 33.132417 38.395562 26.926166 7.474533 0.000000 0.000000 0.000000 0.000000 0.000000 0.000000 0.000000 0.000000 0.000000 6.999880 27.381621 40.603025 36.767784 18.554792 1.218152 0.004330 41.524554 192.356656 293.701078 252.616072 126.981410 58.986464 65.607487 87.975809 148.274943 179.151338 139.154039 77.533224 61.195744 54.940217 59.901025 66.115051 100.351257 136.128317 148.505272 118.982303 60.508541 51.219096 131.564068 220.123984 251.559874 247.551684 190.278581 150.848507 225.840562 248.929700 163.306202 88.409254 101.250268 129.439981 141.889906 135.539413 224.681711 292.221555 256.377732 168.539360 137.280571
0.526456 16.494432 35.395166 40.828552 28.969691 10.463289 3.192507 0.000000 0.000000 0.000000 0.000000 0.000000 0.000000 0.000000 0.000000 5.818771 24.992293 37.681606 33.990400 16.597570 0.757219 5.323437 33.587612 141.799975 233.068135 198.330581 137.570170 124.381392 119.317583 159.321107 213.136284 237.434200 176.949880 75.418215 37.265680 41.067315 85.458872 119.549610 153.964069 185.432012 178.892487 148.825825 82.871608 81.799683 204.019358 324.550233 361.886118 273.931320 153.054802 188.076622 329.832916 410.943056 323.409475 151.189820 64.469840 77.985561 132.240984 308.590435 514.527817 620.507173 675.627199 575.019746 391.499294
0.000000 7.878854 22.042833 26.371494 49.061901 93.360767 97.075054 44.628951 0.371582 0.000000 0.000000 0.000000 0.000000 0.179344 7.364905 13.182822 19.719864 20.675083 17.213385 5.725418 0.000000 13.368401 110.695207 285.314113 386.345623 347.281761 226.921774 153.533905 120.525823 153.987700 196.958479 204.845271 146.709956 76.778018 76.409892 96.942427 121.463616 149.372801 210.337152 261.802573 225.053495 149.974918 89.594993 94.244157 214.004156 334.270694 375.330234 295.023212 172.902560 233.214850 385.732237 475.428848 406.913214 227.378557 124.172535 195.618589 490.495512 837.082648 1000.196421 905.231389 943.079900 879.774190 662.346304
0.000000 0.010986 3.971508 15.002832 107.973553 200.269405 209.686383 127.260214 21.510855 0.000000 0.000000 0.000000 0.000000 6.884751 24.149623 33.141449 26.576628 11.368345 1.040326 0.000000 0.000000 17.283621 163.196579 372.587213 492.013437 434.827326 264.052596 128.553057 70.287969 69.750039 110.675277 122.583094 106.635966 129.523095 178.974155 172.646402 150.289757 163.271457 244.769843 302.848997 262.839332 163.364556 64.001130 52.208179 156.164527 269.620779 301.907108 252.708551 177.397259 203.825052 302.197527 377.077453 341.493134 285.237504 290.356281 517.871795 945.479102 1227.457856 1253.178722 982.022458 844.400812 832.713927 708.470789
0.000000 0.000000 0.000000 16.786581 129.706337 232.362856 242.373630 152.807382 32.184065 0.000000 0.000000 0.000000 0.000000 11.401160 34.278734 49.621792 39.116269 14.861964 0.123325 0.000000 0.130707 11.384400 127.774118 304.350029 408.203095 347.252509 178.902690 64.588442 18.127000 2.362399 19.607899 47.486923 140.938972 240.029337 264.733733 211.272599 133.655982 121.201472 206.288989 268.257983 251.341657 150.742244 48.023832 30.789557 88.973334 164.897408 208.555354 233.427373 245.957958 319.688040 454.752923 403.619965 282.339205 303.597907 396.670222 627.417402 1020.052536 1199.573013 1063.866196 688.536868 455.980623 521.509031 511.395609
0.000000 0.000000 0.000000 3.747604 80.117663 163.641021 173.700488 106.466433 19.678484 2.866748 0.000000 0.000000 0.000000 11.788856 62.924219 94.066911 74.158815 22.442636 0.000000 0.000000 7.744341 23.755258 56.015592 147.076320 213.286272 187.572009 83.262971 24.041352 0.808658 0.000000 11.621578 122.375151 266.659716 353.131510 309.865556 182.190720 80.481670 46.591900 121.851220 183.514939 175.358124 108.585660 53.733182 59.709397 106.029720 163.647251 233.500512 313.923498 478.802915 832.110894 1066.947802 895.821405 498.118310 338.435260 394.008883 455.806704 666.144505 788.693690 670.532857 357.513437 247.961407 297.899131 261.385244
0.000000 0.000000 0.000000 0.000000 9.424141 46.859877 64.522468 43.360090 29.368041 16.752775 1.740000 0.000000 0.000000 25.066608 90.149684 126.772063 103.875628 40.703084 0.558643 0.047395 14.111187 34.193925 43.299407 130.725712 451.963093 617.415338 403.163651 119.442681 18.711799 0.452201 36.370397 181.137888 315.810147 351.743230 256.530907 100.624509 36.947336 31.865679 59.762319 88.631803 89.150059 76.655891 86.954814 127.895596 190.494030 259.175809 307.417805 367.903532 642.882428 1186.427730 1497.944522 1317.562998 752.599381 334.739366 285.946764 255.117765 220.117977 298.915284 338.675824 281.792450 264.792134 221.705900 159.890625
0.000000 0.000000 0.000000 0.000000 0.000000 2.768094 21.908755 39.061098 40.594553 28.024898 14.038814 8.460895 1.931649 29.359989 90.004198 122.347869 102.708830 51.989355 16.625603 18.360697 19.841891 30.271813 99.122897 733.513787 1718.370902 2071.195132 1453.721298 529.317926 104.676577 34.479505 45.014843 167.337196 274.892213 276.498646 172.760390 52.314775 39.828464 47.286175 66.588147 63.593763 51.067407 62.915933 112.857041 180.401410 229.705924 270.286412 304.702308 334.103083 556.393316 1047.442739 1338.364556 1181.822845 655.822992 235.537920 177.986710 167.230926 129.063087 212.718873 364.669791 399.905723 325.012482 181.993255 111.339849
0.000000 0.000000 0.000000 0.000000 0.604749 31.088336 77.775641 70.770182 37.578428 36.791042 32.183462 28.268059 14.423645 21.955002 90.406019 120.512371 88.687114 47.531998 50.893758 56.772487 40.946305 28.034055 241.987351 1325.605121 2659.797766 3096.651597 2308.816953 965.743330 256.771122 123.932292 94.423366 129.183887 198.051623 194.297675 113.490158 63.013522 57.621545 106.392112 152.200407 136.288181 82.728863 56.122310 101.519850 157.085554 202.818461 212.276614 242.503155 272.875754 319.004315 550.983729 736.449981 631.672067 303.605517 131.655138 180.685259 235.536177 257.756897 339.238021 428.315087 416.369045 301.260708 137.344952 54.032138
0.000000 0.000000 0.000000 0.000000 39.397045 158.379256 229.620391 192.619683 79.613797 31.511716 40.300698 39.401610 24.436180 48.210145 101.914459 120.104033 85.278720 48.167343 68.943039 80.641933 71.116955 43.660888 222.886664 1209.335709 2462.645477 2867.920906 2137.573028 906.675340 308.084301 212.695543 158.801018 130.236883 138.054102 137.355169 108.698843 76.339380 66.616012 142.822971 206.971168 196.837286 122.226915 54.334426 64.538865 88.281630 114.407619 120.290112 144.196261 191.096718 202.227535 201.685987 255.041685 216.222244 120.991188 106.707333 195.334445 318.635812 388.942495 425.538264 419.161408 341.703318 195.766325 53.961628 4.686691
0.004157 0.000000 0.000000 1.333252 87.016172 247.735498 329.646763 272.979233 120.907368 24.333303 34.349804 33.520136 24.484623 63.744500 115.658118 123.778015 87.414683 47.086791 55.784939 75.290186 75.120784 56.222821 106.524446 618.959742 1360.457016 1591.670602 1096.389894 472.000218 297.451232 235.914754 175.628670 133.550014 115.088362 110.346595 89.114604 58.831473 43.499665 127.192668 213.125368 213.857966 124.179218 37.397598 38.990866 52.371537 39.828037 44.866684 96.058935 157.132561 172.736435 173.603646 180.369959 182.020411 143.390410 103.767021 175.884127 333.964454 430.892965 393.594596 298.972857 186.493554 69.868997 9.357488 0.000000
0.000000 0.000000 0.000000 0.387275 70.729042 219.669199 297.294122 243.656599 99.411064 8.706638 15.411489 14.857432 6.824975 42.753151 88.663917 95.791887 63.372330 31.034912 36.583671 46.111692 48.386167 61.823170 155.712729 346.809464 511.746274 467.308692 308.686237 275.349708 271.496226 190.215942 121.563021 86.387260 56.983917 45.106224 39.378986 33.855347 85.572348 183.569437 227.230284 189.910823 113.667149 103.896102 150.522995 160.000050 121.343063 79.967389 92.232288 113.895476 112.036099 163.657117 250.870711 260.058609 168.832003 79.504453 126.604358 289.804782 391.978400 317.137570 157.621337 40.262643 2.449315 0.000000 0.000000
0.000000 0.000000 0.000000 0.000000 13.014139 96.658841 150.015017 113.135457 26.674592 0.000000 0.294754 0.222500 0.000000 7.260499 31.030970 36.316377 31.214060 32.759522 34.942663 27.216841 32.796116 80.286036 384.464827 660.056291 671.568979 476.855999 304.445173 420.210454 459.394122 275.107778 114.416133 81.993081 54.536808 43.609993 46.260174 124.861408 269.280379 365.952708 431.781642 357.688835 282.457673 285.976322 355.271580 363.670987 281.288199 180.674213 132.138977 118.234326 107.065516 223.922339 344.807975 346.945431 216.907490 79.804429 163.617480 324.193706 396.106081 303.074718 94.581197 1.640873 0.000000 0.000000 0.000000
0.000000 0.000000 0.000000 0.000000 0.000000 1.687324 10.889574 4.314221 0.000000 0.000000 0.000000 0.000000 0.000000 0.000000 0.000000 2.219814 20.910784 38.539845 40.903079 29.217417 51.210672 286.183989 787.195181 1028.380949 883.140046 583.929790 533.214401 1038.182026 1266.053292 929.732247 357.846140 144.468741 131.346572 107.415312 113.409797 231.608307 420.912172 611.087890 717.197208 634.143101 506.050317 421.529732 444.953962 445.905016 338.840469 217.958959 145.393223 114.552992 120.042383 232.216795 341.908161 333.443997 216.239520 106.161930 226.822701 392.861106 425.946086 305.549177 97.308122 0.303890 0.000000 0.000000 0.000000
0.000000 0.000000 0.000000 0.000000 0.000000 0.000000 1.369091 2.522899 0.021443 0.000000 0.000000 0.000000 0.000000 0.000000 0.000000 0.277356 13.029019 27.507812 29.644485 32.207712 216.754336 651.923535 1164.270379 1289.587149 929.151602 512.607595 749.186581 1564.424590 1916.251127 1526.947498 703.907930 213.718126 165.869432 137.385590 127.195028 228.517268 399.396912 614.489402 729.695650 648.011050 510.299672 370.026499 327.269803 317.821956 233.819304 152.479530 100.400394 73.635855 73.406974 164.712120 248.075228 240.132286 160.973652 99.080909 231.407989 373.110889 385.846475 247.089371 66.611036 0.093565 0.000000 0.000000 0.000000
0.000000 0.000000 0.000000 0.000000 0.000000 10.490112 32.475283 37.358973 20.075310 0.708833 0.000000 0.000000 0.000000 0.000000 0.000000 0.000000 1.436652 8.030537 12.460022 40.908409 322.396375 791.973639 1164.827643 1171.834561 759.318036 334.339281 664.399467 1477.986558 1838.204398 1478.659455 677.855957 187.495955 123.427022 92.569884 82.475716 116.764046 213.075255 346.599690 452.675932 416.313971 312.193497 159.848905 105.447766 88.613850 66.841372 49.620965 37.093937 37.674171 26.141826 50.665546 92.864415 86.382369 56.076915 139.136405 238.760170 494.020334 640.758548 433.017516 97.710817 0.785457 0.000000 0.000000 0.000000
