WorkingVersion/ascfiles2/tmp_kdeout32.asc
ncols        704
nrows        293
xllcorner    827.296065
yllcorner    924.742280
cellsize     0.500000000000000
NODATA_value -999.000000
[rows 28 to 55 of 293, columns 315 to 377 of 704]
0.000000 0.000000 0.000000 0.000000 0.000000 0.000000 0.000000 0.000000 0.000000 0.000000 0.000000 0.000000 0.000000 0.000000 0.000000 0.000000 0.000000 1.338165 19.504792 67.795522 223.071290 491.754185 831.373345 1135.270720 1165.055690 790.763810 405.410733 196.149376 45.252244 0.000000 0.000000 0.000000 0.000000 0.000000 0.000000 0.000000 0.000000 0.000000 0.000000 0.000000 0.000000 0.000000 0.000000 0.000000 0.000000 0.000000 0.000000 0.000000 2.046086 15.125977 24.012941 21.036868 24.946395 49.372837 67.246711 61.596146 27.013353 19.660931 54.915225 100.378520 109.479289 75.806503 25.276227
0.000000 0.000000 0.000000 0.000000 0.000000 0.000000 0.000000 0.000000 0.000000 0.000000 0.000000 0.000000 0.000000 0.000000 0.283331 0.572903 0.001049 0.756667 31.622326 212.133851 832.671658 1538.410281 2332.279542 2569.127917 2178.643349 1380.316601 475.061280 141.026408 14.874638 0.000000 0.000000 0.000000 0.000000 0.000000 0.000000 0.000000 0.000000 0.000000 0.000000 0.000000 0.000000 0.000000 0.000000 0.000000 0.000000 0.000000 0.000000 0.000000 8.119213 28.177217 39.933666 34.605983 18.329829 45.194724 124.851307 146.545478 91.139742 16.212425 27.437428 70.992586 88.642180 68.654064 24.999178
0.000000 0.000000 0.000000 0.000000 0.000000 0.000000 0.000000 0.000000 0.000000 0.000000 0.000000 0.000000 0.000000 7.937228 33.337560 42.073673 32.907471 28.072605 80.035715 433.600619 1337.239289 2273.461992 3159.626340 3283.783949 2552.364479 1547.453894 679.036387 417.847343 210.012445 12.024035 0.000000 0.000000 0.000000 0.000000 0.000000 0.000000 0.000000 0.000000 0.000000 0.000000 0.000000 0.000000 0.000000 0.000000 0.000000 0.000000 0.000000 0.000000 7.956467 27.873325 39.571732 34.269114 20.867195 84.375870 197.333143 233.087861 165.026507 53.292128 9.304845 38.545248 54.882166 44.663255 20.797055
0.000000 0.000000 0.000000 0.000000 0.000000 0.000000 0.000000 0.000000 0.000000 0.000000 0.000000 0.000000 7.905636 51.025392 104.488617 122.579698 150.659465 293.921485 388.756511 610.308867 1252.295367 1975.487520 2593.396608 2583.471466 1917.552287 1324.814749 1045.867857 1078.912521 756.139117 214.030785 0.000000 0.000000 0.000000 0.000000 0.000000 0.000000 0.000000 0.000000 0.000000 0.000000 0.000000 0.000000 0.000000 0.000000 0.000000 0.000000 0.000000 0.000000 1.807163 14.463614 23.176456 19.163113 14.570332 94.017943 206.048206 245.928887 190.918760 76.290987 9.641053 13.401671 24.580204 23.065117 10.414084
0.000000 0.000000 0.000000 0.000000 0.000000 0.000000 0.000000 0.000000 0.000000 0.000000 0.000000 0.881184 23.145337 83.469332 146.586804 192.927195 401.445698 699.721924 773.783872 672.768928 781.366476 1024.363288 1196.454239 1170.120907 961.912017 985.713066 1448.430969 1710.996709 1267.689403 499.100741 32.473769 0.212631 0.000000 0.000000 0.000000 0.000000 0.000000 0.000000 0.000000 0.000000 0.000000 0.000000 0.000000 0.000000 0.000000 0.000000 0.000000 0.000000 0.000000 1.012024 4.060313 2.112501 3.892993 48.102766 131.648975 174.059268 138.984090 59.392008 24.248054 6.597924 4.620050 4.086914 0.198989
0.000000 0.000000 0.000000 0.000000 0.000000 0.000000 0.000000 0.000000 0.000000 0.000000 1.681206 34.583275 72.435434 120.142876 171.882460 250.568276 683.970266 1222.718854 1183.579202 717.740329 369.144533 246.703944 381.017132 776.388791 1409.005298 2283.035864 2947.000762 2852.508247 2024.497170 828.798614 221.184923 62.226810 0.359890 0.000000 0.000000 0.000000 0.000000 0.000000 0.000000 0.000000 0.000000 0.000000 2.254303 6.768906 2.737761 0.000000 0.000000 0.000000 9.114571 27.951196 30.342717 13.566979 0.000000 4.890818 27.380973 56.272849 52.122143 41.733445 29.318207 8.534601 0.000000 0.000000 0.000000
0.000000 0.000000 0.000000 0.000000 0.000000 0.000000 0.000000 0.000000 0.000000 0.921793 60.033044 159.236591 226.904411 228.163331 192.965598 455.315928 1360.463499 2073.724140 1868.981267 914.698468 201.457665 130.241244 587.867455 1724.726057 3447.317755 4834.774570 5271.938944 4493.037259 2901.687276 1313.935425 440.605608 163.427271 31.338027 8.228124 0.408816 0.000000 0.000000 0.000000 0.000000 0.000000 0.000000 6.414234 32.265639 45.976044 34.029367 8.059936 0.000000 2.217460 35.033575 68.911508 70.389488 41.852667 6.742283 0.000000 0.000000 10.567203 26.166528 31.134403 19.867661 3.857652 0.000000 0.000000 0.000000
0.000000 0.000000 0.000000 0.000000 0.000000 0.000000 0.000000 0.000000 0.000000 12.041463 119.465382 264.775818 359.258770 340.900770 250.482623 729.717455 1818.093480 2444.878135 2098.000408 975.008179 135.085716 134.900411 784.500745 2372.605028 4677.599441 6583.019007 7024.783731 5730.762334 3583.847512 1816.303510 670.975809 321.648825 186.557306 128.588955 58.011260 5.396832 0.000000 0.000000 5.249030 57.562229 78.929190 51.574910 64.478488 79.424501 63.440402 24.705686 0.000000 8.406727 59.451128 101.206052 101.045683 60.541578 12.867204 0.000000 0.000000 20.417707 89.494511 107.987683 52.837542 0.737539 0.000000 0.000000 0.000000
0.000000 0.000000 0.000000 0.000000 0.000000 0.000000 0.000000 0.000000 0.000000 10.861592 121.920215 281.756519 392.723874 380.692785 297.740601 655.898774 1606.542346 2111.059701 1717.086032 735.211153 96.511220 134.220970 619.667143 1931.112847 4226.356310 6197.706387 6793.309525 5610.447676 3633.020856 2264.857236 1273.297951 780.071299 571.767457 369.619973 172.063696 39.468305 1.021566 14.815473 150.121514 365.537122 448.986627 371.480805 203.473474 129.531921 73.622230 25.884718 0.000163 16.214360 67.966130 108.282723 110.548707 71.695208 21.555103 3.844018 3.057112 97.700900 211.552185 237.018440 154.533575 32.557941 0.000000 0.000000 0.000000
0.000000 0.000000 0.000000 0.000000 0.000000 0.000000 0.000000 0.000000 0.000000 5.625781 73.419918 219.829349 353.053201 356.329196 292.867264 335.062123 810.090295 1127.700830 840.274781 242.382003 51.555255 194.123764 519.827391 1361.949841 2967.809314 4298.527488 4688.709836 4268.459394 4197.049729 4981.500767 4700.856882 3002.226956 1368.424933 695.102833 272.029746 57.488535 19.356245 85.061562 352.037071 672.834816 822.454862 700.510702 421.715841 222.149376 118.747090 45.960917 16.218564 37.194227 69.102452 102.388844 96.431000 59.449834 31.190987 11.360811 10.323618 133.109054 262.421737 290.669139 198.285172 53.730184 0.000000 0.000000 0.000000
0.000000 0.000000 0.000000 0.000000 0.000000 0.000000 0.000000 0.000000 0.000000 8.169031 29.277116 128.842512 255.388750 286.574401 251.982724 186.515968 152.595847 174.647145 69.007913 8.589538 69.425463 290.361344 819.428437 1528.898859 2391.672982 3032.605920 3204.318149 3792.078714 6404.780305 9195.894920 9556.838245 6722.957458 2832.005266 1036.098736 289.937223 60.308341 86.247967 211.687312 618.840693 951.828694 954.775525 745.050882 460.388828 285.855726 199.547717 123.797299 63.283373 63.937138 87.834939 99.906447 85.485666 55.883263 42.453200 18.108146 2.206206 87.886211 196.796116 221.302636 141.839683 26.867604 0.000000 0.000000 3.101110
0.000000 0.000000 0.000000 0.000000 0.000000 0.000000 0.000000 0.000000 0.000000 3.800940 20.019396 70.676225 165.526774 201.128909 168.697969 100.302087 42.921005 18.404237 0.910548 4.370439 92.435935 400.453987 1111.413451 1846.674812 2336.342477 2531.114718 2663.215451 3567.641247 7329.475407 10970.975885 11417.962311 8121.606743 3406.371563 1029.287779 220.003813 77.465847 166.224411 581.094697 1102.986340 1337.394232 1068.252476 540.784945 320.549238 292.114447 267.577393 208.500904 108.322694 75.585964 85.231342 80.172050 70.708018 57.665667 48.851781 27.579541 7.269084 12.018057 64.661009 78.904618 35.237825 0.498663 0.000000 0.006575 12.544535
0.000000 0.000000 0.000000 0.000000 0.000000 0.000000 0.000000 0.000000 0.000000 0.000000 4.486099 15.350602 57.767080 82.738403 61.765648 16.948013 3.849072 0.923340 19.699602 43.252007 161.062745 473.944898 1053.426444 1657.346179 1906.480984 1868.984296 1944.711225 2621.531816 5563.157702 8483.617977 8667.392713 5886.322405 2219.030002 634.438471 123.255284 96.246364 242.143261 830.808525 1365.201475 1409.795620 958.337392 331.491172 138.815021 213.143464 248.009666 212.147643 127.317838 86.229805 83.343483 57.135527 47.060746 45.495732 43.660657 32.929291 12.380264 0.000000 0.000000 2.838129 12.988531 16.609985 16.850146 11.847573 18.858083
0.000000 0.000000 0.000000 0.000000 0.000000 0.000000 0.000000 0.000000 0.000000 0.000000 0.000000 0.000000 0.000000 2.287458 0.364773 0.000000 0.000000 8.797403 46.205321 91.174088 215.990120 438.842352 685.636713 936.433141 1004.556829 946.143165 1109.937426 1465.906099 2253.008422 3507.393136 3458.240708 2013.969994 652.580172 209.435962 72.747298 74.792199 180.863310 677.000300 1155.754504 1180.808027 746.713440 193.482005 57.195953 129.449543 208.407057 227.164484 176.178559 115.245190 97.027990 60.891543 42.452403 48.111207 47.407930 32.800433 8.427963 0.000000 0.057284 13.005671 30.532512 50.778099 68.167284 58.761752 41.526678
0.000000 0.000000 0.000000 0.000000 0.000000 0.000000 0.000000 0.000000 0.000000 0.000000 0.000000 0.000000 0.000000 0.000000 0.000000 0.000000 0.000000 10.886211 50.958238 89.512659 185.148331 310.605868 397.892089 386.390260 308.296193 271.138635 432.263929 564.589195 580.051286 505.456623 380.340510 232.354005 92.257679 66.833492 115.922817 121.770185 85.318431 242.789335 541.446557 571.573843 309.394064 45.612255 42.325919 121.587743 242.191532 308.048198 295.184518 205.031972 135.546500 78.923555 49.263835 62.187555 53.793685 32.460716 6.808463 0.000000 0.508786 16.648760 36.824836 73.955335 100.241734 90.928005 58.382330
0.000000 0.000000 0.000000 0.000000 0.000000 0.000000 0.000000 0.000000 0.000000 0.000000 0.000000 0.000000 0.000000 0.000000 0.000000 0.000000 0.000000 2.702382 29.718093 52.426006 82.760874 119.372977 135.263563 99.493853 56.844865 69.386350 75.737431 70.704493 43.103920 15.000106 16.694973 6.600333 14.641614 160.855431 310.307079 316.192204 185.484386 46.183457 46.640093 43.476399 9.997930 29.909919 41.636982 127.079363 261.547708 356.678683 365.481807 257.682081 148.953462 89.177581 59.324669 64.136129 54.743070 52.424233 20.341283 1.218904 0.000000 9.650527 25.719751 59.725660 86.657263 81.758533 61.110644
0.000000 0.000000 0.000000 0.000000 0.000000 0.000000 0.000000 0.000000 0.000000 0.000000 0.000000 0.000000 0.000000 0.000000 0.000000 0.000000 0.000000 0.000000 3.395038 12.679734 10.999293 3.765388 3.302900 1.697176 17.790268 58.142190 90.990386 77.078015 27.207580 1.111135 11.608415 18.596877 52.944330 258.341627 441.561192 444.335235 287.459244 84.655168 22.510751 4.945727 3.916265 19.451125 29.095444 90.407958 218.277019 301.808322 299.266219 199.050361 108.995748 67.071279 49.509090 68.057543 173.703799 227.867454 158.687692 40.178368 6.479430 3.372610 6.782612 19.398458 38.723256 66.379756 85.472136
0.000000 0.000000 0.000000 0.000000 0.000000 0.000000 0.000000 0.000000 0.000000 0.000000 0.000000 0.000000 0.000000 0.000000 0.000000 0.000000 0.000000 0.000000 0.000000 0.000000 0.000000 0.000000 0.000000 0.000000 17.441089 84.153596 133.556250 122.763207 60.233243 14.711615 27.059922 37.304051 74.535623 267.702779 432.244004 432.788194 267.689334 81.023677 32.818132 13.695853 0.048684 3.625134 8.338550 17.574917 95.944603 150.108720 151.634559 107.198506 72.039927 39.325123 21.828194 111.312920 301.394259 388.590127 312.471447 142.118652 30.664069 19.548711 5.076370 0.000000 7.573236 62.328357 108.524495
0.000000 0.000000 0.000000 0.000000 0.000000 0.000000 0.000000 0.000000 0.000000 0.000000 0.000000 0.000000 0.000000 0.000000 0.000000 0.000000 0.000000 0.000000 0.000000 0.000000 0.000000 0.000000 0.000000 0.000000 13.186312 83.880948 144.704605 141.390704 80.715467 21.327671 30.791477 43.660433 71.120024 158.147269 261.683042 255.049993 134.402271 45.469049 43.919577 27.553642 7.149355 0.033168 0.000000 4.458858 40.378293 72.698121 90.700382 94.664357 76.887592 38.237261 6.997471 114.063416 311.962350 407.826137 343.410251 169.118262 44.987149 32.389363 12.410494 0.000000 6.164495 60.434927 111.810303
0.000000 0.000000 0.000000 0.000000 0.000000 0.000000 0.000000 0.000000 0.000000 0.000000 0.000000 0.000000 0.000000 0.000000 0.000000 0.000000 0.000000 0.000000 0.000000 0.000000 0.000000 0.000000 0.000000 0.000000 4.464031 62.323640 117.872258 119.689316 66.655068 12.341202 19.788150 29.479682 53.489551 73.010608 81.570200 63.780056 29.128011 36.732381 47.970461 39.117873 22.840725 10.555814 29.195420 47.644859 82.449021 123.850955 133.305503 102.368994 76.814895 34.506306 1.057729 49.940827 191.566004 266.580999 215.855662 91.348711 38.899134 32.514829 12.794991 0.000000 0.186232 29.808018 68.155277
0.000000 0.000000 0.000000 0.000000 0.000000 0.000000 0.000000 0.000000 0.000000 0.000000 0.000000 0.000000 0.000000 0.000000 0.000000 0.000000 0.000000 0.000000 0.000000 0.000000 0.000000 0.000000 0.000000 0.000000 1.260472 23.919524 58.599279 61.189880 30.571582 6.308416 3.610216 7.870011 13.874595 30.495868 36.315029 20.173723 3.108682 21.900819 38.971041 42.001433 46.398246 147.206139 223.434425 231.564985 163.492641 141.443301 141.685480 99.037452 59.372631 23.902225 1.483411 16.181903 57.831410 83.502678 43.573139 15.681600 31.875902 35.556885 21.732691 7.275272 0.000000 0.570484 11.834721
0.000000 0.000000 0.000000 0.000000 0.000000 0.000000 0.000000 0.000000 0.000000 0.000000 0.000000 0.000000 0.000000 0.000000 0.000000 0.000000 0.000000 0.000000 0.000000 0.000000 0.000000 0.000000 0.000000 0.000000 0.000000 8.527416 21.582295 24.240503 14.089086 1.290293 0.000000 0.000000 0.000000 0.906641 2.120501 0.026909 0.012735 11.722550 27.953248 32.520036 102.626997 282.736276 391.547097 374.113481 240.380080 109.676838 92.709035 62.787473 48.808011 23.718549 21.176087 52.850647 88.023198 87.768795 48.225843 16.000509 26.170179 38.356195 35.417285 18.621737 1.516909 0.000000 0.000000
0.000000 0.000000 0.000000 0.000000 0.000000 0.000000 0.000000 0.000000 0.000000 0.000000 0.000000 0.000000 0.000000 0.000000 0.000000 0.000000 0.000000 0.000000 0.000000 0.000000 0.000000 0.000000 0.000000 0.000000 0.000000 0.009354 3.320479 4.828752 6.797217 7.708438 2.820924 0.075619 0.000000 0.000000 0.000000 0.000000 0.000000 1.434947 9.370669 12.087484 92.833392 289.068020 404.314833 354.999706 194.690319 49.732038 38.578650 53.856399 70.992281 57.945733 53.143981 81.734092 135.122352 138.910991 89.139733 36.001330 26.846925 39.813465 37.473388 20.120606 1.965429 0.000000 0.000000
0.000000 0.000000 0.000000 0.000000 0.000000 0.000000 0.000000 0.000000 0.000000 0.000000 0.000000 0.000000 0.000000 0.000000 0.000000 0.000000 0.000000 0.000000 0.000000 0.000000 0.000000 0.000000 0.000000 0.000000 0.000000 0.000000 0.000000 10.181391 24.793887 41.770387 57.046963 43.201450 15.555154 0.000000 0.000000 0.000000 0.000000 0.000000 0.000000 0.000000 25.757059 162.698994 251.566425 207.046218 69.604898 5.588754 37.539794 88.446333 108.281498 83.551567 56.714263 72.114757 123.873379 130.417863 85.898040 34.605657 15.626162 25.324937 23.465776 10.292531 0.015509 1.362106 9.449498
0.000000 0.000000 0.000000 0.000000 0.000000 0.000000 0.000000 0.000000 0.000000 0.000000 0.000000 0.000000 0.000000 0.000000 0.000000 0.000000 0.000000 0.000000 0.000000 0.000000 0.000000 0.000000 0.000000 0.000000 0.000000 0.000000 1.103833 18.377189 41.493052 93.689618 125.135661 106.344586 56.573956 6.749585 0.000000 0.000000 0.000000 0.000000 0.000000 0.000000 0.000000 15.497806 49.548145 31.034057 3.567404 13.871731 41.214274 86.922378 102.870693 74.747796 30.135310 26.760362 66.386091 73.783182 46.152101 16.657950 1.097894 5.323519 4.490310 0.233370 0.000220 11.353113 27.839855
0.000000 0.000000 0.000000 0.000000 0.000000 0.000000 0.000000 0.000000 0.000000 0.000000 0.000000 0.000000 0.000000 0.000000 0.000000 0.065471 0.000000 0.000000 0.000000 0.000000 0.000000 0.000000 0.000000 0.000000 0.000000 3.653184 6.967256 18.484194 43.070034 105.955290 143.741934 126.943376 73.815944 13.454597 0.000000 0.000000 0.000000 0.000000 0.000000 0.147655 7.958483 10.715176 3.621886 19.448457 38.259504 43.036438 40.728815 50.704160 57.548994 34.415489 5.300116 13.324466 30.745473 36.587750 19.696374 0.561336 0.000000 0.000000 0.000000 0.000000 0.592054 17.007969 36.372751
0.000000 0.000000 0.000000 0.000000 0.000000 0.000000 0.000000 0.000000 0.000000 0.000000 0.000000 0.000000 0.000000 2.425079 11.493784 14.254544 7.360796 0.041179 0.000000 0.000000 0.000000 0.000000 0.000000 0.000000 6.223543 20.943583 27.148455 23.892669 23.104458 65.523141 99.821524 91.953557 51.182088 4.975559 0.000000 0.000000 0.000000 0.000000 0.000000 17.559743 44.754119 51.014659 40.520312 49.841245 73.039368 69.318520 46.601302 21.774429 12.896439 2.564151 4.947664 24.714629 39.321882 38.283738 23.737761 3.794025 0.000000 0.000000 0.000000 0.000000 0.005833 11.771725 28.493234
0.000000 0.000000 0.000000 0.000000 0.000000 0.000000 0.000000 0.000000 0.000000 0.000000 0.000000 0.000000 0.146607 13.732243 29.835450 34.192722 22.896357 5.174998 0.000000 0.000000 0.000000 0.000000 0.000000 0.033362 13.779519 33.568008 41.316515 31.517930 11.698964 9.649734 30.623090 31.643574 10.298976 0.000000 0.000000 0.000000 0.000000 0.000000 2.168172 36.234180 72.576608 80.488969 66.929433 65.050907 78.773135 73.827583 39.712960 5.614494 0.053649 0.000000 4.465037 23.620668 40.299804 57.491450 53.254712 26.796045 5.311088 0.000000 0.000000 0.000000 0.000000 1.664632 10.221557
