WorkingVersion/ascfiles2/tmp_kdeout44.asc
ncols        704
nrows        293
xllcorner    827.296065
yllcorner    924.742280
cellsize     0.500000000000000
NODATA_value -999.000000
[rows 28 to 55 of 293, columns 315 to 377 of 704]
0.000000 0.000000 0.000000 0.000000 0.000000 0.000000 0.000000 0.000000 0.000000 0.000000 0.000000 0.000000 0.000000 0.000000 0.000000 0.000000 1.612519 4.819746 2.799675 9.901363 83.650032 278.191775 484.608182 565.461961 471.777528 275.601630 134.102409 53.949794 11.869196 0.000000 0.000000 0.000000 0.000000 0.000000 0.000000 0.000000 0.000000 0.000000 0.000000 0.000000 0.000000 0.000000 0.000000 0.000000 0.000000 0.000000 0.000000 0.000000 0.000000 0.000000 0.000000 0.580834 9.970311 16.853685 20.054634 22.176789 9.686648 1.743686 7.770550 25.896771 35.313214 28.605237 10.933401
0.000000 0.000000 0.000000 0.000000 0.000000 0.000000 0.000000 0.000000 0.000000 0.000000 0.000000 0.000000 0.000000 0.366555 0.148942 0.000000 0.000000 0.000000 4.346434 79.921920 425.609311 902.893476 1341.250276 1361.334066 1006.569791 550.972701 177.585054 58.531709 5.945548 0.000000 0.000000 0.000000 0.000000 0.000000 0.000000 0.000000 0.000000 0.000000 0.000000 0.000000 0.000000 0.000000 0.000000 0.000000 0.000000 0.000000 0.000000 0.000000 0.000000 0.000000 0.000000 0.000000 0.000000 21.190375 97.554582 147.511961 119.653769 40.596853 7.428678 9.513688 15.508096 11.181841 1.695488
0.000000 0.000000 0.000000 0.000000 0.000000 0.000000 0.000000 0.000000 0.000000 0.000000 0.000000 0.006889 8.285134 25.493883 35.765322 24.085351 10.997037 5.332142 21.640098 197.369364 704.871139 1344.062960 1852.890726 1801.501251 1256.598614 662.403879 286.153059 192.415532 83.022522 2.537664 0.000000 0.000000 0.000000 0.000000 0.000000 0.000000 0.000000 0.000000 0.000000 0.000000 0.000000 0.000000 0.000000 0.000000 0.000000 0.000000 0.000000 0.000000 0.000000 0.000000 0.000000 0.000000 0.125686 67.808173 190.102111 262.040615 224.959550 105.538144 17.657638 1.010751 0.236060 0.000000 0.000000
0.000000 0.000000 0.000000 0.000000 0.000000 0.000000 0.000000 0.000000 0.000000 0.000000 0.000000 4.818315 35.832503 83.398875 111.887376 102.066241 82.439745 129.172451 163.391078 264.541359 661.819336 1166.393156 1572.263565 1485.762254 995.904041 620.696010 506.192566 545.464964 380.900287 107.117791 3.810339 0.000000 0.000000 0.000000 0.000000 0.000000 0.000000 0.000000 0.000000 0.000000 0.000000 0.000000 0.000000 0.000000 0.000000 0.000000 0.000000 0.000000 0.000000 0.000000 0.000000 0.000000 0.121905 71.014836 196.181828 269.590005 232.179142 110.628470 18.839872 1.279369 0.000000 0.000000 0.000000
0.000000 0.000000 0.000000 0.000000 0.000000 0.000000 0.000000 0.000000 0.000000 0.000000 6.329929 24.702798 68.698980 124.775931 162.661863 178.806319 249.305608 358.365405 375.714220 315.863956 392.857285 583.901650 737.123952 686.176477 493.976287 498.333512 757.551053 948.099994 757.580406 333.997182 55.688950 5.679590 0.000000 0.000000 0.000000 0.000000 0.000000 0.000000 0.000000 0.000000 0.000000 0.000000 0.000000 0.000000 0.000000 0.000000 0.000000 0.000000 0.000000 0.000000 0.317953 0.000310 0.000000 25.941986 110.332941 164.761721 135.914138 50.469420 8.927114 0.000000 0.000000 0.000000 0.000000
0.000000 0.000000 0.000000 0.000000 0.000000 0.000000 0.000000 0.000000 0.000000 1.706140 19.369821 50.514771 88.224568 126.652100 179.582047 251.418258 471.044290 712.568637 644.469496 365.512582 191.487189 145.423505 193.765975 381.141125 686.388704 1153.781175 1532.299638 1544.332291 1204.036000 603.164041 210.628268 55.683572 0.907382 0.000000 0.000000 0.000000 0.000000 0.000000 0.000000 0.000000 0.000000 0.000000 1.127151 3.384453 1.368880 0.000000 0.000000 0.000000 0.542502 9.521538 15.897281 11.839578 2.093482 0.000000 12.799201 30.183791 18.792563 3.799152 0.047583 0.000000 0.000000 0.000000 0.000000
0.000000 0.000000 0.000000 0.000000 0.000000 0.000000 0.000000 0.000000 0.000000 3.052735 51.549282 108.952040 125.599419 136.756545 163.803483 361.070922 921.549954 1272.011808 1096.069010 530.683804 119.303985 85.965761 298.803931 841.042305 1730.628500 2416.250124 2691.605148 2370.596399 1646.001975 869.069334 354.741980 138.157069 26.768660 0.265504 0.000000 0.000000 0.000000 0.000000 0.000000 0.000000 0.000000 3.207117 16.132819 22.988022 17.014683 4.029968 0.000000 0.000000 7.355501 25.616295 35.553729 29.337651 11.713112 0.000000 0.000000 0.000000 0.000000 0.060481 0.000000 0.000000 0.000000 0.000000 0.000000
0.000000 0.000000 0.000000 0.000000 0.000000 0.000000 0.000000 0.000000 0.000000 10.057093 91.881606 163.441146 174.449434 155.267427 174.427201 539.842016 1201.921694 1514.443699 1246.533023 583.934894 87.972211 109.372095 405.859735 1209.145836 2438.376026 3362.995748 3608.120689 3004.090297 1995.269723 1141.975188 464.768918 216.762241 61.651447 5.022856 0.000000 0.000000 0.000000 0.000000 16.344369 82.746057 92.252690 44.243743 41.430156 44.881703 31.720201 12.352843 0.000000 1.708283 14.816183 33.202733 42.127096 35.334326 15.604764 0.258667 0.199314 11.644015 33.198764 33.512856 13.507222 0.003728 0.000000 0.000000 0.000000
0.000000 0.000000 0.000000 0.000000 0.000000 0.000000 0.000000 0.000000 0.626563 30.042580 112.407678 183.630478 224.205965 228.974590 279.226092 578.269295 1115.635122 1319.368521 1011.681998 427.067246 56.022779 102.163178 339.774584 1041.677623 2276.517863 3326.675161 3680.631825 3134.620456 2127.467386 1327.499746 721.390122 393.687600 169.269924 41.138816 3.140838 0.000000 0.000000 45.901531 261.544169 465.429998 469.910020 314.523824 131.362868 71.110508 44.734704 24.944854 11.350513 17.678093 29.767615 39.962788 35.600642 25.244609 9.183443 0.000000 8.309896 51.444744 91.152031 90.627074 50.790806 9.119732 0.000000 0.000000 0.000000
0.000000 0.000000 0.000000 0.000000 0.000000 0.000000 0.000000 0.000000 3.955034 37.608807 101.807827 197.023780 312.485611 358.526308 402.841511 451.412010 664.347849 754.819013 501.512569 128.438896 56.586859 159.877474 326.336869 746.339565 1664.222035 2533.883934 2965.244283 2769.296103 2598.299221 2791.295797 2400.701684 1330.883570 444.333015 139.948697 24.148363 1.022640 20.770045 171.810623 523.636684 808.761927 847.996214 603.094435 288.059309 122.256155 58.576221 43.831575 46.406664 44.975725 40.392235 37.489244 22.859009 7.058710 0.439359 0.549908 21.781738 78.059241 118.849720 116.240739 69.456020 15.560442 0.000000 0.000000 0.000000
0.000000 0.000000 0.000000 0.000000 0.000000 0.000000 0.000000 0.000000 2.935171 27.794076 76.135074 176.622932 315.484512 390.781713 417.945213 364.758115 259.437586 179.759899 45.063760 16.841666 112.150262 274.552099 500.488685 876.221546 1450.115304 2022.830777 2378.085980 2665.166979 3876.738864 5017.292525 4869.987846 3200.925982 1133.519610 338.329947 89.882903 25.973219 55.990669 219.782867 591.462713 876.772896 887.649875 630.822278 307.703025 136.373833 65.787304 66.218310 75.478907 66.884190 46.788499 31.789789 12.348274 0.000000 0.084370 11.281818 35.081850 79.727025 107.423441 92.439287 50.253719 7.975200 0.000000 0.000000 0.000000
0.000000 0.000000 0.000000 0.000000 0.000000 0.000000 0.000000 0.000000 0.000006 8.264470 39.332800 114.672891 231.928163 299.490197 284.504007 198.658186 105.000999 40.937116 2.809836 21.108031 154.247032 389.455644 711.507077 1081.997313 1399.583401 1686.121406 1979.866164 2458.410069 4335.595665 6021.153097 5977.269632 4099.203010 1558.740574 468.656341 178.330348 101.307781 109.384962 270.443804 503.569575 679.824123 629.505827 387.626832 205.004969 94.102235 50.673469 67.937784 71.829017 58.251822 35.970889 17.264094 4.124051 0.000000 2.174700 20.639428 39.403514 54.493730 60.518814 39.168533 11.660376 0.000000 0.000000 0.000000 0.000000
0.000000 0.000000 0.000000 0.000000 0.000000 0.000000 0.000000 0.000000 0.000000 0.000000 5.138304 31.887639 92.153677 132.408994 98.702610 35.694017 11.099182 1.068422 10.464756 53.871377 202.821933 450.282158 724.483180 981.617234 1097.974862 1146.573885 1298.158733 1641.827937 3273.345671 4780.041713 4743.797102 3139.863129 1106.290249 393.309265 194.923876 149.782308 167.938996 291.649721 384.778209 378.408418 284.489271 159.962588 100.184720 37.516464 19.212960 45.862606 57.943500 43.890932 19.393993 1.498328 0.000000 0.000000 1.466998 18.314758 34.812842 36.883710 23.320419 4.309663 0.000000 0.000000 0.000000 0.000000 0.000000
0.000000 0.000000 0.000000 0.000000 0.000000 0.000000 0.000000 0.000000 0.000000 0.000000 0.000000 0.884826 5.480006 6.433226 1.040650 0.000000 0.000000 0.626038 31.169260 97.672020 219.155686 395.616604 517.224733 563.081178 539.143307 484.234515 567.181367 763.988819 1322.864417 2113.674034 2079.121406 1173.558233 400.674053 199.502017 136.178934 124.585367 144.605015 243.200216 293.741810 264.732246 180.246663 86.764342 61.870009 34.544498 9.644494 27.815314 47.932616 44.711560 22.152969 3.550077 0.000000 0.000000 0.000000 6.596546 17.548060 19.027006 9.531049 0.133059 0.000000 0.000000 0.000000 0.000000 0.000000
0.000000 0.000000 0.000000 0.000000 0.000000 0.000000 0.000000 0.000000 0.000000 0.000000 0.000000 0.000000 0.000000 0.000000 0.000000 0.000000 0.000000 1.167377 30.767380 89.913888 182.711789 287.222114 323.502297 258.544021 147.830548 77.310819 153.589993 274.018678 354.547993 381.148471 331.234211 195.759677 69.347760 54.679075 89.118571 106.729667 83.951433 106.934139 144.259786 130.111089 89.435327 75.898802 95.904629 79.708769 43.958561 35.311171 40.556634 43.918600 36.983773 11.601190 0.004834 0.000000 0.000000 0.000000 1.061166 1.447411 0.000000 0.000000 0.000000 0.000000 0.000000 0.000000 0.000000
0.000000 0.000000 0.000000 0.000000 0.000000 0.000000 0.000000 0.000000 0.000000 0.000000 0.000000 0.000000 0.000000 0.000000 0.000000 0.000000 0.000000 0.000000 12.656934 44.504453 84.178725 114.367556 118.188901 85.063918 29.191346 3.409031 5.491234 16.919075 19.199448 17.057936 16.489461 2.417341 3.512511 81.854239 162.491826 172.492603 105.772428 19.616118 10.427537 8.996350 27.322532 83.948067 125.754200 120.608023 73.998129 41.414445 43.082215 75.978879 86.850337 56.181629 15.398381 0.044541 5.243456 11.973357 4.284765 0.000000 0.000000 0.000000 0.000000 0.000000 0.000000 0.000046 12.734259
0.000000 0.000000 0.000000 0.000000 0.000000 0.000000 0.000000 0.000000 0.000000 0.000000 0.000000 0.000000 0.000000 0.000000 0.000000 0.000000 0.000000 0.000000 0.285904 6.275272 10.177194 5.191886 2.513059 0.007889 0.000000 0.000000 0.000000 0.000000 0.000000 0.000000 0.000000 0.000000 18.624563 134.035023 234.324489 240.068467 147.293695 27.478144 0.000000 0.000000 22.477572 77.141075 122.913257 122.819141 75.068570 29.667854 44.513219 97.498022 122.093635 98.259144 41.724058 14.096405 61.753304 87.049712 62.845185 13.225592 0.000000 0.000000 0.000000 0.000000 0.000000 41.892996 112.376443
0.000000 0.000000 0.000000 0.000000 0.000000 0.000000 0.000000 0.000000 0.000000 0.000000 0.000000 0.000000 0.000000 0.000000 0.000000 0.000000 0.000000 0.000000 0.000000 0.000000 0.000000 0.000000 0.000000 0.000000 0.000000 0.000000 0.000000 0.000000 0.000000 0.000000 0.000000 0.000000 11.280553 112.749763 205.904753 211.321030 125.025331 18.495627 0.000000 0.000000 10.678744 48.349764 80.361909 77.294684 43.563092 15.015973 32.323832 93.346273 122.548242 100.073078 43.079951 44.319273 120.312020 155.436618 122.744779 46.322372 0.000000 0.000000 0.000000 0.000000 8.712265 117.621878 228.977286
0.000000 0.000000 0.000000 0.000000 0.000000 0.000000 0.000000 0.000000 0.000000 0.000000 0.000000 0.000000 0.000000 0.000000 0.000000 0.000000 0.000000 0.000000 0.000000 0.000000 0.000000 0.000000 0.000000 0.000000 0.000000 0.000000 0.000000 0.000000 0.000000 0.000000 0.000000 0.000000 0.000000 37.579273 97.124957 100.889112 44.898476 0.076929 0.000000 0.000000 7.165533 36.521142 52.127208 42.149041 22.300646 18.004905 44.341842 88.401988 98.513656 63.255547 17.083975 46.608582 125.973097 162.187568 129.037040 50.607384 0.217434 0.000000 0.000000 0.000000 14.876922 139.363549 258.650620
0.000000 0.000000 0.000000 0.000000 0.000000 0.000000 0.000000 0.000000 0.000000 0.000000 0.000000 0.000000 0.000000 0.000000 0.000000 0.000000 0.000000 0.000000 0.000000 0.000000 0.000000 0.000000 0.000000 0.000000 0.000000 0.000000 0.000000 0.000000 0.000000 0.000000 0.000000 0.000000 0.000000 0.000000 3.856655 4.644267 0.000000 0.000000 0.000000 2.584652 27.511927 59.628560 84.756305 69.947346 47.880593 58.878257 83.180600 83.957604 67.140949 24.531634 0.131764 17.593163 74.090854 102.656879 77.076286 21.434943 0.000000 0.000000 0.000000 0.060265 5.832624 84.100879 178.379316
0.000000 0.000000 0.000000 0.000000 0.000000 0.000000 0.000000 0.000000 0.000000 0.000000 0.000000 0.000000 0.000000 0.000000 0.000000 0.000000 0.000000 0.000000 0.000000 0.000000 0.000000 0.000000 0.000000 0.000000 0.000000 0.000000 0.000000 0.000000 0.000000 0.000000 0.000000 0.000000 0.000000 0.000000 0.000000 0.000000 0.000000 0.000000 0.089862 14.043221 55.994248 140.046827 190.473334 168.259436 100.075277 84.002644 99.209272 91.290892 59.081847 19.163582 0.125266 0.000000 10.320464 27.063805 20.464811 4.219122 0.000000 0.835999 9.437709 14.304507 9.652244 17.464893 53.172685
0.000000 0.000000 0.000000 0.000000 0.000000 0.000000 0.000000 0.000000 0.000000 0.000000 0.000000 0.000000 0.000000 0.000000 0.000000 0.000000 0.000000 0.000000 0.000000 0.000000 0.000000 0.000000 0.000000 0.000000 0.000000 0.000000 0.000000 0.000000 0.000000 0.000000 0.000000 0.000000 0.000000 0.000000 0.000000 0.000000 0.000000 0.027669 10.247893 34.096247 96.357651 199.251156 248.442445 219.030714 128.057178 68.840909 79.193797 92.288527 82.815667 37.230978 6.029065 3.187976 6.971746 21.934350 28.795067 21.169972 5.704229 9.019561 26.636065 34.469326 26.351710 8.730136 3.142626
0.000000 0.000000 0.000000 0.000000 0.000000 0.000000 0.000000 0.000000 0.000000 0.000000 0.000000 0.000000 0.000000 0.000000 0.000000 0.000000 0.000000 0.000000 0.000000 0.000000 0.000000 0.000000 0.000000 0.000000 0.000000 0.000000 0.000000 0.000000 0.000000 0.000000 0.033687 0.075619 0.000000 0.000000 0.000000 0.000000 2.481077 14.671526 36.628893 58.844964 112.248869 193.435041 220.571460 177.169533 105.750261 48.571538 67.815295 114.180659 131.305986 104.582389 54.567264 22.981127 26.515559 34.585755 41.801732 32.494630 12.165400 13.282203 33.665888 42.409735 33.346109 12.882580 0.000000
0.000000 0.000000 0.000000 0.000000 0.000000 0.000000 0.000000 0.000000 0.000000 0.000000 0.000000 0.000000 0.000000 0.000000 0.000000 0.000000 0.000000 0.000000 0.000000 0.000000 0.000000 0.000000 0.000000 0.000000 0.000000 0.000000 0.000000 0.000000 0.000000 13.466373 39.295519 40.450397 15.555154 0.000000 0.000000 0.028166 12.570950 32.230284 57.999607 81.501312 93.022873 128.519209 131.617494 96.787741 54.426365 41.880794 84.318734 157.387849 183.491045 156.488510 91.152793 42.339750 37.318551 36.182569 38.457070 29.321962 9.855119 8.054141 24.957393 32.555947 24.682168 7.743627 0.000000
0.000000 0.000000 0.000000 0.000000 0.000000 0.000000 0.000000 0.000000 0.000000 0.000000 0.000000 0.000000 0.000000 0.000000 0.000000 0.000000 0.000000 0.000000 0.000000 0.000000 0.000000 0.000000 0.000000 0.000000 0.000000 0.000000 0.000000 0.000000 4.582819 52.522190 96.947213 98.756419 56.573956 6.749585 0.000000 0.476825 16.550679 35.979273 54.102709 73.470983 70.317718 55.623343 41.179351 21.308312 27.872283 43.236933 91.942176 169.694122 193.242716 160.473740 84.708905 44.894677 41.781494 38.135763 36.935669 29.073939 7.610609 0.340796 7.516000 11.913383 7.365308 0.279346 0.000000
0.000000 0.000000 0.000000 0.000000 0.000000 0.000000 0.000000 0.000000 0.000000 0.000000 0.000000 0.000000 0.000000 0.000000 0.000000 0.000000 0.000000 0.000000 0.000000 0.000000 0.000000 0.000000 0.000000 3.187369 5.789968 2.494626 0.000000 0.000000 10.309279 69.177046 119.164123 121.169040 73.815944 13.454597 0.000000 0.000000 9.879960 25.737932 31.168999 36.090229 33.124532 26.221535 13.894440 3.885756 18.979992 32.102643 66.125346 117.567534 135.772038 104.639506 52.187844 61.739877 79.440297 74.318016 55.378116 34.172907 17.572334 1.211247 0.000000 0.000000 0.000000 0.000000 0.000000
0.000000 0.000000 0.000000 0.000000 0.000000 0.000000 0.000000 0.000000 0.000000 0.000000 0.000000 0.225023 5.853989 8.508461 4.707705 6.024466 6.475573 1.409537 0.000000 0.000000 0.000000 0.000000 5.955176 21.471465 33.148278 25.871881 5.971551 0.000000 3.144777 47.331912 89.847219 91.589229 51.182088 4.975559 0.000000 0.000000 0.593697 7.292880 10.130459 5.686086 5.740696 6.087402 1.189945 0.000000 3.944493 10.222754 35.650582 63.018392 72.283501 48.515585 36.559425 81.851248 116.266362 119.189143 81.565734 40.443871 20.489228 2.059606 0.000000 0.000000 0.000000 0.000000 0.000000
0.000000 0.000000 0.000000 0.000000 0.000000 0.000000 0.000000 0.000000 0.000000 0.000000 0.000000 8.821535 24.159613 29.586072 32.326762 29.878292 26.538171 14.394785 0.977843 0.000000 0.000000 0.039961 14.181691 46.445343 67.543384 58.654679 26.108507 1.210045 0.000000 8.613375 30.623090 31.643574 10.497399 4.865878 8.464009 4.062837 0.039268 0.000000 0.000000 0.000000 0.000000 0.000000 0.000000 0.000000 0.000000 0.000000 6.149606 25.917341 31.974532 17.404376 26.688243 84.453948 118.771307 115.323645 71.651497 27.460121 11.651011 0.103676 0.000000 0.000000 0.000000 0.000000 0.000000
