WorkingVersion/ascfiles2/tmp_kdeout52.asc
ncols        704
nrows        293
xllcorner    827.296065
yllcorner    924.742280
cellsize     0.500000000000000
NODATA_value -999.000000
[rows 56 to 83 of 293, columns 126 to 188 of 704]
0.000000 0.000000 0.000000 0.000000 0.000000 0.000000 0.000000 0.000000 0.000000 0.000000 0.000000 0.000000 0.000000 0.000000 0.000000 0.000000 0.000000 0.000000 0.000000 0.000000 0.000000 0.000000 0.000000 0.000000 10.046349 28.088767 51.024200 59.589837 57.082323 49.069220 29.493668 12.679020 2.367385 0.178686 8.023272 31.849677 35.577407 14.337742 10.505738 31.216551 59.508748 338.267537 956.028823 1351.508314 1084.371442 400.398753 124.097348 223.793801 313.057810 349.341379 368.852216 706.031776 1118.492111 1145.491856 716.746972 197.681203 71.999498 141.480824 311.569568 712.723125 1055.742488 1017.225161 724.826995
0.000000 0.000000 0.000000 0.000000 0.000000 0.000000 0.000000 0.000000 0.000000 0.000000 0.000000 0.000000 0.000000 0.000000 0.000000 0.000000 0.000000 0.000000 0.000000 0.000000 0.000000 0.000000 0.000000 0.162028 15.096971 35.269668 87.053111 120.909145 78.396091 50.571443 55.792214 68.132776 53.278658 30.420455 37.545162 63.149298 76.112308 84.419988 68.663032 54.294039 38.637491 418.788266 1428.872137 2068.976956 1773.087051 821.184600 200.257658 263.351591 344.449081 381.977886 498.934756 1077.597031 1591.484972 1578.317860 1041.363837 394.883055 158.403388 147.035579 139.098329 261.054811 491.889499 531.854399 452.052001
0.000000 0.000000 0.000000 0.000000 0.000000 0.000000 0.000000 0.000000 0.096003 0.427443 0.000000 0.000000 0.000000 0.000000 0.000000 0.000000 0.000000 0.000000 0.000000 0.000000 0.000000 8.495000 18.300116 12.914938 21.894047 179.103939 384.775816 402.163392 274.954091 89.569751 89.753436 120.812059 118.506739 93.332343 81.035047 103.092700 148.199494 200.677511 182.089120 120.051486 51.709251 378.256803 1439.580038 2143.631872 1910.924244 1002.032687 297.803613 303.800443 389.517513 398.283878 495.720661 978.585947 1455.447499 1451.442887 1017.166005 585.906168 490.986425 387.091069 185.523743 117.565937 166.807116 224.900933 168.553062
0.000000 0.000000 0.000000 0.000000 0.000000 0.000000 0.000000 3.595639 13.600425 16.255593 8.573528 0.141815 0.000000 0.000000 0.000000 0.000000 0.000000 0.000000 0.000000 0.000000 8.778761 40.621697 59.857463 57.727743 177.043457 523.491547 809.998141 754.816922 455.997228 174.910389 84.037991 125.447942 140.051926 115.230352 88.333522 103.784814 174.084603 246.602234 246.775796 196.374897 121.666242 260.912031 978.974576 1536.370274 1403.697645 748.873884 290.140047 332.906497 394.857702 362.713963 385.712592 540.057183 820.051810 833.485079 688.437330 686.837377 780.423088 643.804186 410.763772 290.622691 218.403842 157.440024 99.164464
0.000000 0.000000 0.000000 0.000000 0.000000 0.000000 0.344766 20.174102 59.125121 85.356237 43.665970 5.321805 0.000000 0.000000 0.000000 0.000000 0.000000 0.000000 0.000000 0.000000 19.135565 60.606841 83.691114 116.009868 314.252912 678.241817 957.224433 863.014440 475.856922 145.185579 40.921869 80.321449 101.996831 83.399413 49.739288 59.378838 111.615329 185.501855 225.869521 236.404286 200.039525 205.240786 455.438994 723.678106 642.717662 345.045107 261.856219 365.818442 348.460266 286.132013 260.102464 242.885435 291.899451 327.727801 428.093959 652.265313 765.386491 719.175329 606.349322 543.066275 435.628908 272.609682 149.978281
0.000000 0.000000 0.000000 0.000000 0.000000 0.000000 3.795986 72.990939 263.292077 369.580092 277.189557 72.658334 0.000000 0.000000 0.000000 0.000000 0.000000 0.000000 0.000000 0.000000 13.976930 51.110934 72.461572 96.893673 279.848047 518.458566 708.967387 601.480601 271.844700 48.294226 12.830484 21.185062 30.347167 25.579722 20.019688 13.028436 25.802379 76.456018 146.411588 221.395772 252.183790 259.325263 230.316472 264.551022 259.429013 340.572157 504.526709 561.797146 418.159461 268.631924 286.968895 296.581312 322.888405 300.225899 334.000645 420.738329 469.268728 542.140696 597.107104 637.158982 529.524339 300.269266 145.824512
0.000000 0.000000 0.000000 0.000000 0.000000 0.000000 6.407137 161.142068 468.235058 637.894724 518.156402 204.560090 7.526748 0.000000 0.000000 0.000000 0.000000 0.000000 0.000000 0.000000 1.113768 19.944888 33.979749 29.370086 133.537931 270.449868 301.742029 200.056946 104.779895 153.141791 142.147533 66.291439 4.814845 11.798026 24.595734 18.753899 13.061837 33.251439 112.440643 194.115152 244.795073 262.191402 254.042907 299.999193 366.403654 584.937017 756.588239 714.763369 532.881854 452.010254 513.934503 524.194194 431.889531 328.412419 263.253133 210.220591 185.208185 298.325710 450.602506 519.445523 419.729649 211.076903 146.307341
0.000000 0.000000 0.000000 0.000000 0.000000 0.000000 2.875582 162.207817 519.012165 724.759936 609.982733 263.674305 12.700811 0.293494 0.610756 0.000000 0.000000 0.000000 0.000000 0.000000 2.405151 7.777446 7.858459 16.572877 54.368126 100.616821 111.242286 107.281730 223.337018 340.088228 321.562759 187.805180 48.462314 41.284462 63.595893 63.499188 64.872291 152.135819 267.014400 287.661686 213.490981 173.244405 215.907699 311.682773 388.661005 596.652438 747.207066 687.357613 571.055180 564.957596 684.255329 652.415241 466.548874 292.987769 224.273281 154.089934 114.570089 168.080873 271.808275 300.903644 224.313970 130.816496 196.635581
0.000000 0.000000 0.000000 0.000000 0.000000 0.000000 0.000000 76.039752 375.285774 576.838455 496.539282 212.458881 16.226248 14.925428 16.835450 8.390094 16.351559 33.684860 25.680911 5.289563 16.573289 28.185298 27.902681 53.482599 104.909204 118.249958 101.437549 124.740159 263.517900 394.420977 377.286557 229.957270 74.778548 57.977867 89.359058 93.590241 130.057757 272.316950 394.104320 371.985387 213.831653 81.761148 114.149568 221.970101 270.311497 355.638526 477.910100 469.468708 439.196757 540.922772 670.847586 553.617314 299.225074 165.164897 155.399723 138.891074 127.220612 125.485527 123.363011 114.430394 118.132461 153.049767 309.104413
0.000000 0.000000 0.000000 0.000000 3.871772 6.984668 1.717138 21.145707 156.385996 294.225767 265.862261 125.566509 34.715205 32.915771 35.724351 36.553984 68.346153 95.310221 81.463842 39.469585 26.470925 40.722869 57.598125 129.801170 198.986607 191.866839 109.086040 67.881544 168.066063 275.799206 268.938931 151.957302 41.044079 63.649530 110.111148 113.249409 138.990678 266.341868 373.547464 332.450748 170.685202 31.119972 49.433743 113.457586 151.789843 139.037015 186.611683 231.932196 305.931076 470.959523 521.508189 384.750548 142.832524 90.567042 119.848207 140.939099 131.742128 103.460604 72.046166 76.571939 137.247617 189.764071 286.103438
0.272450 3.994428 4.110897 11.521577 36.810940 46.026196 29.855719 6.516657 68.079749 137.493956 137.604534 73.011197 32.988323 37.987477 41.000413 53.720170 95.716290 125.857943 109.865120 56.713677 24.941905 36.074444 79.586417 181.389090 247.536484 228.805359 122.627667 33.664730 50.948099 88.968947 83.722690 44.305309 24.788843 71.161551 108.698027 102.112071 79.883339 148.002407 221.429586 189.535195 75.778299 4.247880 25.566816 50.549997 67.095175 100.197942 177.129413 217.012651 260.107105 340.687946 343.663078 245.286635 135.810664 108.228137 119.374190 120.922247 97.900491 84.320077 67.684339 102.143476 177.323358 211.081464 256.938176
11.121976 23.151513 24.295358 40.969838 66.973581 79.002543 57.332240 17.863731 11.229906 38.190324 42.713831 23.733281 13.548705 26.438708 28.961799 34.404320 72.839235 103.407130 88.963849 38.360435 8.882983 17.499519 53.602623 161.065205 239.381424 223.570791 133.615031 63.508802 44.889420 19.115889 9.038643 26.561440 40.805489 75.393148 93.877307 79.982809 54.390655 38.201227 62.007427 50.869843 11.095085 0.111349 12.905192 29.395729 61.124889 127.896829 192.143979 202.818071 195.667344 211.809066 218.311286 187.088771 132.783252 114.271067 95.087770 74.680314 67.874613 71.716788 80.751968 130.831205 189.931823 202.012389 215.825895
22.092321 38.153923 39.300228 52.701115 71.257729 80.048196 58.978318 20.999422 0.798146 2.321799 4.114648 0.236003 0.970497 7.142831 8.481875 3.284518 23.488196 43.762499 34.564748 6.982903 0.000000 0.938207 8.626054 96.650326 197.454565 217.807408 233.811455 224.845048 172.463026 66.746167 40.583386 60.352370 65.687167 74.271207 82.244446 58.024867 35.699216 32.059638 52.161755 56.194818 36.414679 13.263299 5.123753 13.916131 105.424297 223.312745 263.366799 200.407892 94.676287 71.444362 128.572258 169.569247 166.544597 129.240683 98.051291 76.747376 86.715154 157.549933 292.916009 397.913587 343.289120 212.131362 168.821457
21.324261 37.142434 37.495874 34.141082 42.186460 52.144652 49.161919 27.173655 15.573286 3.254261 0.000000 0.000000 0.000000 0.000000 0.000000 0.000000 0.000000 0.454290 0.005583 1.054846 14.977764 28.009025 30.123652 109.848247 228.654479 321.272627 408.016927 400.499603 309.329698 169.745202 77.897101 90.225478 88.514639 66.454128 52.791519 29.098914 13.605569 34.308410 66.386972 80.850085 66.180192 43.854680 23.018798 33.114102 145.768390 290.430407 338.649524 239.145744 78.754289 54.778239 141.053548 228.927760 244.049946 212.455943 183.648169 160.871558 204.598173 432.980032 662.652444 716.367613 590.966677 359.952401 212.549324
9.533780 20.833029 21.097940 10.077237 13.410949 49.629870 69.405571 59.454340 31.770773 11.622345 0.000000 0.000000 0.000000 0.158930 7.198632 12.388163 8.460108 0.722261 0.000000 11.829169 45.889780 70.079091 124.147269 250.477729 393.174332 498.802658 536.359527 464.045922 345.375814 219.939976 120.141387 104.167276 81.923064 63.643541 68.506932 49.719149 17.703587 49.942365 182.257572 259.036908 205.937593 87.511115 38.436456 51.999839 144.800761 278.822160 324.261512 265.414934 168.834288 170.083489 215.884372 267.025257 306.645950 311.933498 302.202816 294.274442 453.840377 799.083551 1015.315421 918.845462 707.244416 472.824423 339.665037
0.012063 2.516894 2.609518 0.825419 29.794660 76.574411 105.565823 91.055684 45.016898 12.720948 0.000000 0.000000 0.000000 6.851005 24.027732 32.929975 26.290321 9.416563 0.049026 18.324159 61.517406 123.394002 219.948887 345.874405 469.443096 511.393183 479.856904 375.509487 255.113224 171.192042 135.870156 108.102777 71.774182 89.917120 126.558635 103.325760 56.092594 129.400844 341.873959 451.924542 378.560956 178.670442 51.284576 55.077460 135.554075 251.482265 303.440587 335.132437 320.479966 293.780713 268.687873 226.137301 289.262861 367.567431 401.117788 448.435454 655.341207 918.508421 1064.956837 905.463894 605.923853 428.339380 363.035814
0.000000 0.000000 0.000000 1.831946 35.540235 77.712683 101.584515 83.620063 35.792233 5.182090 0.000000 0.000000 0.000000 11.482025 32.181571 42.374056 34.792067 14.743397 0.111046 10.166129 60.097068 140.261734 232.087284 308.541953 383.527458 366.305881 265.614666 174.569609 102.893360 96.306320 113.975336 85.181855 64.969376 110.309152 157.004833 137.666081 86.001186 166.853561 383.474649 491.196288 405.904843 192.027620 50.446729 59.877194 106.994039 189.149540 263.362864 352.903150 390.751356 384.873561 394.866218 312.765835 297.413486 370.226534 416.479030 466.501495 629.190007 770.250176 800.720583 606.922417 353.118819 303.675572 299.388100
0.000000 0.000000 0.000000 0.000001 19.525189 49.068507 59.571077 42.143281 9.092578 0.000000 0.000000 0.000000 0.000000 7.354260 24.962418 34.022674 27.267614 10.005032 0.000000 0.508595 41.289442 116.502721 175.764576 204.096364 221.175243 196.850364 129.127380 60.966785 35.012207 67.944998 93.820701 78.424278 63.046329 97.507145 139.222313 122.720734 66.800579 98.177410 270.208495 351.957518 286.583785 144.424482 61.562490 59.649358 111.271872 171.242502 211.010470 282.874291 372.089037 649.995132 841.698216 762.659598 522.291430 376.965525 383.807796 358.370713 433.830532 538.297835 524.107423 373.125037 326.546041 349.280551 285.278536
0.000000 0.000000 0.000000 0.000000 0.688509 11.670761 15.676608 6.069987 0.000000 0.000000 0.000000 0.000000 0.000000 0.345183 8.247748 13.753304 9.594438 1.078944 0.000000 0.307230 25.302084 81.280680 129.463017 170.401860 327.311666 459.255227 308.080891 84.583849 11.474942 46.093648 88.006419 90.591820 63.810118 52.372551 72.083906 59.443345 28.634101 31.601222 90.826905 139.731029 152.786907 133.505891 126.682657 107.861612 144.564201 195.310004 185.111463 174.825076 345.784423 838.662257 1190.408624 1163.883828 760.651284 364.024678 305.499022 277.929920 256.473861 275.227621 281.874481 318.518756 378.569890 370.483630 301.380067
0.000000 0.000000 0.000000 0.000000 0.000000 0.000000 0.000000 0.000000 0.000000 0.000000 0.000000 0.000000 0.000000 0.000000 0.000000 0.018627 0.000000 0.000000 0.000000 0.028972 12.864434 46.690543 111.189489 472.886079 1198.877983 1544.627060 1147.969811 401.676734 39.705983 54.108708 104.317442 118.042591 81.576655 29.782413 12.221059 6.662671 17.333195 43.177381 57.862089 69.225335 124.550106 174.655982 185.125607 162.533594 179.147998 228.007299 208.277135 180.653305 302.922424 773.370158 1134.577963 1090.628628 661.198072 257.604945 207.594228 208.068654 187.150429 202.121884 273.639828 373.467543 400.731205 314.650735 244.728072
0.000000 0.000000 0.000000 0.000000 0.000000 4.404947 8.957283 3.384035 0.000000 0.000000 0.000000 0.000000 0.000000 3.262682 7.487777 4.922895 0.064226 0.000000 0.000000 0.000000 3.079742 18.925411 141.439181 842.291473 1895.822971 2342.218395 1822.101151 761.180681 113.640718 73.862388 128.609590 148.277394 111.326731 50.879214 16.629875 17.945238 39.395052 94.193348 126.425872 113.227989 134.076469 165.997322 187.166194 162.940391 184.883725 257.969975 263.071805 234.242541 236.424988 461.718438 658.494865 585.693548 286.879007 101.151805 111.581890 136.990680 125.684922 188.019305 297.178786 347.200838 322.721367 212.977873 109.636229
0.306627 0.000000 0.000000 0.000000 10.104991 37.457864 49.201223 34.352036 7.077680 0.000000 0.000000 0.000000 4.022984 19.215420 28.234667 23.001711 8.294729 13.252978 22.139083 13.860783 0.488967 3.254105 99.717392 770.419485 1803.826427 2233.955081 1720.282204 696.310460 113.883092 84.079152 124.805767 141.304558 118.892125 89.478170 61.959578 52.061791 71.566471 135.989391 172.967335 138.328428 106.077880 102.928606 114.511375 96.333326 129.081162 200.205796 227.122928 218.409804 181.231093 156.988936 166.754165 104.130211 23.639922 8.362525 38.482523 61.729048 62.015065 130.804718 247.667979 271.770819 190.848671 72.409763 5.771401
0.509725 0.000000 0.000000 0.026938 26.552878 65.519257 80.792629 61.389962 21.478633 0.000000 0.000000 0.000000 9.829960 30.394036 41.514431 35.112130 30.132514 48.086630 63.640941 48.930804 15.727709 2.683747 46.949582 403.494588 1053.678663 1326.964735 934.415325 293.879806 76.762812 88.412832 102.429881 112.287698 106.060617 112.217157 97.455103 82.468233 91.267260 142.310561 175.004657 140.375689 76.775739 39.093242 44.107490 46.260152 50.918684 94.566494 132.390765 149.941935 118.485753 62.285377 23.867269 6.389812 3.023398 0.000000 0.408056 11.797737 31.556186 63.225755 133.801887 146.157217 83.272778 14.037508 0.000000
0.000000 0.000000 0.000000 0.008257 25.803244 64.338647 79.481022 60.247333 20.804960 0.000000 0.000000 0.000000 7.936078 26.987053 37.515590 31.442674 38.527203 66.276928 84.685963 67.567620 26.940344 12.108121 86.185929 255.422714 425.653767 439.700616 267.895189 134.646418 106.618014 89.710732 82.214991 88.370120 77.638360 87.938293 99.999361 86.060364 96.092112 126.553038 136.700590 96.222595 52.758187 42.171931 60.092416 63.742821 52.243151 53.656224 66.257690 58.566592 31.423162 20.045605 29.255057 36.432930 22.629285 5.205449 21.850592 58.069114 74.833806 47.897824 27.407038 22.476286 5.221155 0.000000 0.000000
0.000000 0.000000 0.000000 0.000000 8.756022 34.815968 46.166332 31.824082 5.956595 0.000000 0.000000 0.000000 1.105066 11.758200 19.001874 14.757072 21.194608 53.516829 70.226231 54.723310 19.078955 26.300315 227.935450 450.445041 492.430501 368.944647 254.918217 295.609931 329.842652 244.900279 178.047571 171.486029 118.924109 72.970082 80.271425 104.809648 131.453159 162.818927 263.693811 257.505096 148.801936 96.235799 129.705523 143.087922 144.757941 107.014255 61.639417 25.248171 4.712277 26.934729 61.230622 71.006156 49.195638 31.047314 102.947390 199.276011 208.141024 124.493502 22.266434 0.000000 0.000000 0.000000 0.000000
0.000000 0.000000 0.000000 0.000000 0.000000 3.001560 6.898904 2.170552 0.000000 0.000000 0.000000 0.000000 0.000000 0.046410 1.312215 0.394257 1.787428 19.766749 30.364236 20.500368 13.741233 192.501358 566.731615 736.060352 633.486415 421.804134 375.154221 676.742495 829.085795 694.073179 423.556550 273.989465 188.801677 91.628119 59.633819 111.199804 158.930324 364.217761 583.877436 607.694319 423.218956 195.866399 169.313284 187.425267 189.440876 148.785239 88.079654 38.229941 10.890688 33.152035 69.533768 79.319317 59.260800 71.790963 203.408178 327.863979 326.303692 208.550974 55.709413 0.122748 0.000000 0.000000 0.000000
0.000000 0.000000 0.000000 0.000000 0.000000 0.000000 0.000000 0.000000 0.000000 0.000000 0.000000 0.000000 0.000000 0.000000 0.000000 0.000000 0.000000 0.000000 0.352883 0.902523 126.494966 488.840398 900.166317 991.654669 688.001324 354.062595 442.428336 918.557955 1129.514919 968.860207 587.669273 303.528290 199.235934 87.663552 40.911633 82.014699 151.291735 437.686168 707.050901 747.886405 544.332109 229.323375 124.918495 138.748160 144.721746 116.159429 72.587705 29.509464 6.459892 20.019328 47.726405 55.144946 50.277069 89.069526 237.034310 376.757647 387.955423 242.893952 77.147123 3.429896 0.000000 0.000000 0.000000
0.000000 0.000000 0.000000 0.000000 0.000000 0.000000 0.000000 0.000000 0.000000 0.000000 0.000000 0.000000 0.000000 0.000000 0.000000 0.000000 0.000000 0.000000 0.000000 6.436286 209.550776 593.456606 923.979648 932.072030 562.053181 171.603977 304.840818 772.645632 987.183472 831.126005 460.733611 204.903946 119.110981 42.255726 16.794214 31.007675 64.035476 286.058363 535.666898 580.050586 401.844111 116.747815 35.206063 40.825633 49.174892 43.725780 27.537021 8.114613 0.073692 4.638212 14.731476 17.405985 25.507567 94.747951 215.051985 486.688489 625.228540 446.226419 149.182862 13.527671 0.000000 0.000000 0.000000
