WorkingVersion/ascfiles2/tmp_kdeout18.asc
ncols        704
nrows        293
xllcorner    827.296065
yllcorner    924.742280
cellsize     0.500000000000000
NODATA_value -999.000000
[rows 56 to 83 of 293, columns 126 to 188 of 704]
24.635806 39.833761 38.584476 21.754485 11.675685 29.685640 41.829302 36.468931 17.327518 0.703258 10.219283 45.582255 99.807062 89.958396 23.422910 0.000000 0.000000 0.000000 1.251272 2.089635 0.833204 7.161933 13.424973 52.228066 201.416708 512.719685 707.270510 639.325153 382.685465 205.280925 238.518600 421.475017 501.959987 519.151519 575.105465 689.723064 739.419776 587.817547 582.428029 834.642491 1267.574027 2767.643432 5150.089646 6515.045825 4984.808176 1973.229510 1471.889336 2393.763671 3036.405854 3365.883811 3900.058385 5997.966035 7492.154224 6571.068209 3754.149307 1210.919771 670.476471 960.108536 2061.696276 4091.386408 5914.870191 5762.498085 4638.013389
21.957175 36.406750 35.212852 19.242012 8.085747 24.469749 35.590715 30.660462 13.432748 1.203240 1.642846 10.851989 15.572821 9.925877 0.822865 0.000000 0.000000 0.000000 0.000000 0.000000 0.000000 0.000000 2.310616 39.329214 232.419530 574.150063 898.155473 890.672700 492.042992 233.796790 474.829188 915.186304 1085.565464 890.187363 746.307795 914.097554 969.530924 844.840221 706.722907 977.416211 1532.090982 3874.625938 9046.883949 12067.807276 9947.364541 4844.168837 2154.409216 2889.356109 3353.355157 3423.831425 4451.446492 7786.423330 9871.637746 8781.772993 5428.149269 2731.798025 2043.000939 1748.299720 1592.336434 2175.530333 3341.580318 3495.506616 3288.382651
8.764789 18.563094 17.713425 7.082315 0.281326 8.983312 16.130843 14.109750 14.987243 19.920658 13.825137 2.860524 0.246302 0.000000 0.000000 0.000000 0.025001 0.000000 0.000000 2.162985 3.472773 21.877451 38.874238 41.686864 162.556575 730.262519 1444.003166 1515.266974 930.083324 333.310696 787.176047 1360.266624 1489.456411 1169.367247 929.068254 1090.737050 1308.549250 1309.416417 1036.838083 1059.657562 1627.637030 4511.773089 11025.268259 14868.366067 12828.678042 7054.908985 2865.267529 2724.139050 2955.885117 2777.208040 3763.393904 6781.850342 8863.226171 8270.683339 6228.501500 5119.533277 5277.242069 4300.874945 2424.007185 1526.349532 1568.966461 1766.998491 1546.428716
0.000000 1.289292 1.072697 0.000000 10.470813 23.356827 19.612717 28.394554 107.906204 155.189311 102.122025 19.185158 0.000505 0.000000 3.625905 12.390810 13.602999 7.850362 10.926492 21.904050 55.954167 117.727290 148.420380 131.428831 261.348882 1106.948136 1966.140068 2039.314238 1345.040600 559.918057 767.943540 1324.567851 1401.700887 1023.683134 741.362588 911.852529 1239.666857 1418.854346 1247.077126 1112.550643 1487.409932 3744.314757 9156.026285 12637.534129 11189.984909 6361.688263 2549.529651 2302.527914 2339.067549 2060.484582 2599.956724 4162.828468 5692.076799 5631.183562 5597.450034 6837.905415 7845.427148 6622.550654 4242.183589 2651.313131 1634.265424 871.484348 745.869559
0.000000 0.000000 0.000000 7.613087 41.001823 64.167305 60.236672 176.671331 508.669896 758.431978 470.041392 106.510759 2.286397 0.851909 15.892799 31.387498 41.117850 41.772932 44.125541 55.446613 108.566582 188.680331 224.264062 231.635017 421.398498 1195.329024 1963.521387 2023.861060 1382.466980 571.632685 473.804686 813.052955 868.437351 565.735312 326.135486 534.254450 837.564256 1049.030598 1108.178951 1119.175991 1153.600139 2071.329404 4643.790206 6866.494790 6047.102775 3337.540498 2164.713826 2450.385296 2175.926087 1835.722025 2097.922315 2788.228404 3949.617903 4369.153312 5117.763811 6706.748492 7658.195003 6967.976416 5310.680167 4084.694199 2860.254423 1490.304535 949.614408
0.000000 0.153759 0.644817 15.055911 58.210577 95.891903 135.056240 648.202830 1971.849723 2694.314349 2029.499296 605.345712 27.137152 2.426349 21.356069 40.810010 66.336642 75.289493 69.313505 69.551638 104.204385 172.735474 210.619052 219.378438 371.707626 799.440330 1339.916587 1379.133616 991.083916 589.741020 447.440357 310.911673 249.958369 157.530359 113.620494 207.235106 315.001859 494.351858 744.254436 972.410328 1136.679430 1296.823577 1552.602479 1834.892176 1716.394778 2079.527714 3232.117734 3642.776580 2814.786926 2261.840435 2537.110413 3578.747547 5138.436889 5512.227796 5309.942669 5013.295453 4896.926415 4977.956364 4862.840205 4634.240802 3580.359232 2020.119115 1197.524651
6.572005 13.908759 17.087921 18.333308 52.983133 98.300928 178.333536 1279.535005 3286.615194 4337.042272 3486.730476 1393.152326 94.382286 0.554501 14.502667 42.187061 89.063585 106.370825 88.793142 65.013558 65.888161 105.744074 126.949763 135.469606 267.338764 492.530580 661.088408 759.007587 1292.284822 2361.942200 2369.374821 1194.150955 200.322704 156.844537 171.476577 152.389350 138.644378 295.950685 603.130064 836.734041 1001.177098 1089.544506 989.408045 925.056462 1172.873584 2679.959021 4292.682722 4511.626689 3786.202845 3854.549545 4296.819316 5172.816147 5926.144595 6068.990445 5032.878717 3219.951254 2186.447817 2679.287417 3442.109291 3701.800216 2992.222466 1737.509477 1340.527666
35.719097 41.453605 38.057969 25.303199 30.351572 62.075731 120.962574 1213.162017 3394.456404 4569.871339 3751.818847 1587.075409 106.281613 0.588162 4.203199 34.964580 84.522520 107.241421 93.427488 77.775262 69.947200 94.338776 116.538488 169.640254 331.202106 504.882625 708.534551 1216.118730 3225.649432 5270.139028 5287.560011 3268.967404 949.245539 377.873688 415.595446 332.836602 394.446447 1080.602300 1768.493691 1708.147410 1166.263441 876.488770 847.205764 814.143542 1116.140103 2487.079537 3876.738347 4210.609562 4284.955511 4777.464203 5414.441436 5542.532369 5233.577310 4823.564024 4032.105942 2312.110015 1354.888456 1293.594783 1717.136529 1885.324385 1528.378004 1106.205204 1846.987005
56.851592 71.002318 64.341826 44.140451 16.326105 20.164082 40.163769 542.605462 2194.440391 3210.205063 2632.865583 1037.134300 78.243660 29.856163 33.814006 40.170550 75.987360 106.753357 104.256652 100.559160 123.608122 169.195860 234.985275 371.097287 706.614720 857.675829 956.794343 1702.057980 4146.800705 6376.314146 6399.353962 4140.115312 1434.932568 565.844142 608.539754 554.849228 964.897055 2119.439546 3007.851140 2796.068733 1700.675580 776.883892 660.164947 759.725430 888.497655 1468.577878 2722.950384 3550.975068 4147.818454 4848.449402 5222.967498 4283.319787 2868.401860 2400.424308 2336.524352 1765.865325 1343.579945 899.867592 643.864352 599.007929 706.663886 1001.870792 2666.363625
57.180240 75.175552 71.957998 55.103132 18.712958 3.586146 27.361761 137.285550 746.433036 1302.961651 1086.352616 459.470787 82.605436 65.834869 71.452618 66.201455 90.582984 124.760071 137.949525 149.587822 169.723707 198.079871 381.324966 1233.388458 2018.883727 2021.939029 1356.529570 1324.211455 3043.148698 4876.697582 4881.799645 2996.745719 977.364115 556.031665 631.520467 608.395429 1082.476152 2296.467991 3156.790843 2918.884672 1739.966807 680.376152 587.899517 773.966093 871.944885 979.430761 2013.427781 3001.327144 3787.911764 4461.919212 4007.998815 2791.614321 1167.446828 1029.937359 1492.678071 1672.930603 1327.700544 731.331690 359.169741 369.911882 645.350197 1093.352609 2587.531941
33.656877 50.803707 70.709497 67.336274 35.286842 24.342434 68.661595 112.661795 322.013893 514.230275 466.404589 215.367224 57.643495 75.973639 82.878970 92.248320 130.384133 189.465830 184.566676 155.790774 156.287096 169.707578 675.790352 2109.420088 3075.025105 2916.947646 1772.746446 802.851325 1219.660380 2109.192252 2143.053336 1363.814197 786.172289 783.353178 616.601703 430.479107 584.914295 1412.887601 2078.629850 1991.039122 1249.138449 646.391420 616.290309 732.113909 791.211021 957.886415 2009.041793 2952.557414 3352.077511 3230.672677 2389.412103 1588.554113 995.262015 944.319259 1303.334403 1420.923646 1134.883361 844.462863 659.398148 710.098684 915.342027 1227.433820 2535.439591
7.880691 38.423623 79.258227 86.150908 54.619927 47.145935 94.321601 139.630626 168.203163 183.219635 135.345084 65.477955 32.885061 52.872240 71.331862 130.039782 236.654870 309.573008 267.155225 156.256513 99.017245 99.829098 608.133146 2102.359637 3094.700369 2851.316311 1694.469399 638.257086 629.418253 747.084950 909.002278 1199.960670 1253.617031 1112.127320 712.167081 273.205958 180.535700 309.478671 615.405843 758.125741 772.990087 756.428386 664.659612 707.841788 875.711905 1114.656852 1689.254646 2253.321214 2326.477652 1936.859866 1506.961924 1360.835105 941.686928 745.329213 938.379106 1034.591263 953.671112 953.825790 1050.597413 1186.939617 1191.267147 1248.117988 2334.166496
2.040133 31.398231 71.775897 82.335852 58.620612 39.158113 94.855152 159.052674 159.074064 111.796898 56.265002 32.516398 13.190850 14.280852 48.675641 142.935128 285.955030 340.026799 270.350460 130.559269 46.497942 45.383607 245.324510 1274.802810 2104.074157 1913.372411 1209.627873 810.060893 929.437361 1037.935258 1303.826822 1690.516880 1613.099193 1224.885979 726.562713 231.235153 126.905064 75.267151 170.486314 458.308315 792.228580 884.326230 749.473698 756.051198 1489.391542 2409.698477 2439.711033 1811.365283 996.084549 791.671743 1256.260955 1470.388671 1139.780117 775.910242 774.645831 834.378823 907.788132 1139.784365 1811.548554 2282.884098 2044.050892 1745.990155 2160.823450
2.157432 21.013224 49.599521 59.950071 41.926254 46.525384 145.868860 182.625258 166.907648 95.662923 47.560767 23.578852 6.531114 0.012287 34.784549 164.120811 289.662141 298.426537 193.207873 72.641202 16.789994 49.712975 282.705584 1189.681178 1862.387634 1480.984036 1048.589937 1240.548447 1305.775328 1368.869271 1407.848538 1644.164665 1487.414042 967.208542 515.657598 189.956718 144.533174 121.877613 219.871901 532.021468 828.163169 934.137042 833.348307 1020.094896 2455.046246 4002.239392 4078.157719 2633.567199 932.862236 777.597952 1593.485025 2108.807231 1892.501516 1296.528059 1018.940334 1047.545744 1148.406398 1916.039942 2947.751602 3518.322041 3971.972599 3833.364181 3106.908737
19.159987 23.643021 32.472720 26.712041 182.117922 549.130778 706.827981 489.098310 184.319983 90.190519 22.980505 6.808673 0.095569 11.689970 154.878463 320.526356 372.701685 259.081122 111.679722 28.055653 34.051956 87.575965 1064.565202 2703.861143 3401.776624 2790.808166 1773.080023 1521.858954 1421.826379 1340.717946 1288.778203 1287.072668 1093.378397 1186.235308 1333.477945 987.848122 337.159125 287.892522 845.908400 1309.821741 1339.198845 989.910874 795.253381 1187.190531 2821.311734 4518.087666 4703.987813 3248.900036 1461.122442 1279.875613 2008.089201 2446.416658 2293.895296 1644.964412 1334.963570 1578.386760 2367.016217 3563.622502 4403.420371 4535.916943 5317.383883 5505.446437 4447.214825
42.839446 36.518256 32.273945 53.417955 551.142509 1143.923529 1312.907298 930.763829 303.753582 57.151041 0.528307 0.174191 2.195345 83.100094 311.985454 494.394181 474.854133 278.726289 75.078228 29.239613 58.919940 192.072867 1638.749517 3567.262056 4290.537757 3582.603171 2215.416918 1524.457628 1329.704736 1005.202303 962.747437 959.361147 1254.464764 2278.664474 2891.268831 2318.047193 1030.211821 689.777316 1600.927634 2188.081734 2036.254170 1254.326735 835.456839 1204.012693 2667.936794 4185.835108 4300.907130 3175.105678 1782.949365 1596.520779 1935.044381 2117.698233 2054.137795 1796.214444 1821.995188 2416.783088 3625.280753 4657.722911 5031.428230 4691.953503 4993.445991 5305.753958 4492.876162
45.234941 42.361531 36.374168 87.462716 665.537333 1280.103948 1428.635284 986.310034 287.016151 16.868045 1.040224 12.300717 25.829856 128.158287 367.180742 553.696964 515.052141 289.966818 72.410932 36.934851 90.951793 257.817766 1376.851253 2969.479959 3554.928503 2954.868938 1683.361072 1142.299808 915.216415 558.655578 484.058216 540.520900 1367.367017 2903.997570 3611.347883 2914.913560 1358.065420 776.778584 1790.480366 2444.137694 2233.734316 1362.192751 938.895818 1306.726976 2200.870975 3208.825403 3253.504280 2628.045361 2041.665945 2365.275516 3217.739481 2912.827217 2075.672650 1827.112001 2059.769190 2751.753229 4197.902774 4934.010607 4456.347783 3320.346534 2977.670320 3461.379248 3294.478614
25.030678 30.771392 26.062347 29.882279 394.835128 871.045998 965.072733 593.674157 93.050500 13.533967 26.051805 35.451049 46.280404 114.679330 458.192755 692.560222 581.289618 220.208180 48.604327 29.677785 156.187882 406.448210 738.853962 1501.177861 1881.098789 1759.118881 1146.322036 894.717430 614.961481 329.256725 286.089649 375.822616 953.171977 2279.040048 2919.391223 2287.741787 894.352827 384.110262 1235.079725 1811.359105 1659.752640 1031.511606 905.982302 1274.161284 2136.263088 2811.161681 2744.163052 2321.494013 2801.473778 5604.177657 7728.175844 6806.772304 3827.466736 2081.953311 2033.980751 2644.786217 3848.863596 4353.891269 3544.169116 2009.941414 1556.769566 1860.422606 1868.741801
10.467675 12.328118 16.904146 9.461781 50.492042 237.248354 290.800293 129.816269 45.921978 55.602748 68.574389 85.643103 90.324686 232.861570 591.828631 814.998602 668.937189 275.972871 31.160433 22.363270 198.884965 477.176184 607.822645 1263.162418 4496.310849 7621.549672 5918.933192 1924.223551 574.121994 360.378087 360.470846 361.905130 459.135267 936.873996 1291.147222 900.766049 219.231823 48.704972 402.189880 782.511726 852.927374 683.418268 824.672292 1383.630453 2316.413514 2890.113363 2582.084621 2035.661896 3594.396677 8165.197331 11234.686388 10247.248802 5878.685389 2251.638304 1707.770832 2233.593925 2822.423731 2986.961712 2462.039452 1480.514868 1108.502039 1176.795728 1221.730651
26.814631 38.691914 52.297446 58.658111 44.036441 76.401228 115.970626 98.491689 116.332919 124.792063 148.909302 199.666635 188.546101 343.759961 662.661139 813.206298 678.441287 301.354687 56.242906 126.032243 266.714783 434.563793 960.017835 6031.556788 18409.242380 25532.713555 20487.793522 8400.806706 1326.996566 747.494750 755.976695 767.567376 645.242125 445.264892 342.253111 216.083267 107.470833 108.607769 215.383232 368.618742 547.914174 632.198686 845.881363 1397.042999 2119.058640 2548.429360 2278.764151 1709.489667 3297.861708 7666.883409 10685.661439 9722.525755 5368.249503 1766.397178 1156.487671 1571.083160 2055.293947 2193.379540 1968.153368 1393.878489 984.501973 716.418768 680.669275
49.171890 84.872686 144.262380 189.313004 286.653319 394.659501 468.569985 311.879423 149.018660 203.499296 255.964943 321.093940 287.354226 323.204190 583.305867 655.403079 476.825929 191.804002 204.475302 347.070282 395.701381 494.950870 1873.391834 11947.146903 29611.363994 38581.671858 31847.353895 14898.197479 2850.835339 1286.535713 1344.631732 1289.255893 1048.597085 676.637316 349.283807 282.918052 249.681628 433.310491 618.833358 644.448159 622.881631 562.633423 833.598405 1198.250826 1728.703560 2019.663550 1788.115892 1435.604801 1931.611689 4430.185815 6425.655954 5642.805897 2780.488719 1118.192609 943.511223 1120.206576 1503.642106 1660.381760 1465.742657 1121.034028 865.280793 500.419032 259.754504
59.886483 107.975633 206.333924 313.250287 565.932604 956.167256 1118.130595 831.875683 307.900307 196.564196 259.659323 325.409392 316.977425 358.870667 474.099364 460.809437 252.342144 125.335117 364.603238 522.719157 525.533792 527.852023 1748.977953 11109.693826 27840.320907 36321.975162 29651.968194 13454.483663 2561.408140 1542.022605 1616.846029 1507.974276 1240.929627 882.073892 495.743794 342.093352 364.216924 682.366971 946.484959 943.387955 769.975236 518.914516 521.056429 654.454201 889.304298 1058.962851 975.759087 1001.968096 1139.907132 1578.042727 2328.312879 2031.783002 1175.896228 753.832956 772.430932 1090.495102 1332.946172 1417.973467 1322.681112 958.242599 568.126082 221.375725 35.972290
59.328224 74.284846 175.653800 278.988041 682.946628 1244.250725 1449.760031 1121.937198 460.556221 132.699375 172.918866 207.888085 257.399110 382.604152 456.769529 379.660709 232.506810 196.746365 414.797692 552.778786 513.317103 438.482906 992.134557 5407.925228 15117.945065 20593.110162 15687.010798 5759.866813 1507.023798 1332.373158 1361.880878 1271.221024 1072.845372 842.573253 542.750809 363.306701 322.126783 649.165284 955.308314 989.359969 738.025197 417.053787 281.421220 219.642665 209.704951 324.214145 498.541331 710.749539 842.815968 1070.342078 1318.154980 1348.791983 1066.028951 613.466553 572.825105 1003.018430 1323.729370 1268.102979 989.501414 560.716423 208.773690 34.600124 0.000000
43.309488 21.865927 78.904599 123.288616 438.575282 990.568791 1214.701897 938.530142 384.871530 57.885158 75.587939 85.049871 143.123303 315.671671 416.667268 343.649768 221.414571 205.121100 331.189310 392.275737 304.750599 304.837212 1067.504063 2778.158376 4942.952049 5653.929414 3772.996283 1717.725822 1227.468122 986.789590 870.390211 839.999531 761.418907 662.461906 584.063743 467.784382 606.896143 965.960637 1122.846375 980.201018 678.388409 551.281572 647.367659 704.820265 718.904745 619.375345 541.211420 468.979119 467.165882 911.478020 1423.155614 1488.767199 1031.735742 504.987246 529.546716 1137.129159 1483.508155 1049.315761 489.057594 121.055997 8.264712 0.000000 0.000000
25.953971 2.503178 7.396757 20.638585 73.806672 396.497009 600.932486 474.052162 156.810642 5.656160 1.235568 30.124891 98.244819 202.673590 258.569010 189.414863 107.387382 179.623717 247.339411 210.188039 112.511754 354.648461 2621.517296 4860.992849 5199.813890 3922.402093 2466.347244 2775.729589 2956.055121 1944.422809 1285.497990 1282.395549 1119.648966 941.809765 925.433681 1208.946737 1733.293733 2227.463274 2774.902735 2358.296017 1437.222224 1032.137076 1296.964560 1709.768688 1842.466964 1447.020068 1030.595401 701.798426 584.273273 1139.822389 1739.882629 1804.887120 1152.744302 532.586452 1412.877279 2691.598455 2977.209421 1839.207306 340.221255 0.947626 0.000000 0.000000 0.000000
3.670064 0.000000 0.000000 0.000000 0.000000 22.283256 90.385691 59.375630 9.550334 0.013771 0.000000 21.366870 76.942953 109.032120 97.246583 48.960842 40.746441 109.894568 146.803819 113.377543 260.363586 1838.948472 5308.780472 7180.326794 6613.370921 4634.197063 3898.608356 7137.799532 8762.786077 6927.632313 3543.876675 2114.882201 1792.991989 1374.202064 1220.830486 1769.035020 2649.026566 4110.287451 5141.095471 4551.508520 2925.787600 1530.815450 1564.109342 2123.488913 2272.766664 1855.595747 1372.228246 941.619368 877.305100 1274.586601 1639.906957 1622.198365 1088.690805 983.547080 2808.453415 4553.404737 4605.978461 2957.212310 761.460971 0.844512 0.000000 0.000000 0.000000
0.000000 0.000000 0.000000 0.000000 0.000000 0.000000 0.000000 0.086260 0.000000 0.000000 0.000000 1.782270 29.958344 50.622692 39.072731 12.038123 22.128541 52.575579 77.564417 123.643445 1292.976127 3823.903896 7158.848473 8261.581769 6315.655724 3858.596488 5180.414881 10698.986778 13258.281649 11116.920510 6017.589646 2540.764159 1849.126479 1284.534260 1008.557392 1525.872265 2529.531956 4368.971136 5614.551916 5050.223859 3273.854679 1427.312602 1069.899827 1535.434435 1672.541957 1382.058739 1084.068540 792.156349 740.972780 1030.076538 1180.777202 1115.141235 904.797745 1198.263800 3206.893876 5043.544442 5106.703702 3242.133678 922.709971 25.548622 0.000000 0.000000 0.000000
0.000000 0.000000 0.000000 0.000000 0.000000 0.000000 0.000000 0.000000 0.000000 0.000000 0.000000 0.000000 0.000000 1.835062 0.343764 0.000000 12.008249 53.690288 98.051867 254.533288 1896.538176 4350.721847 6544.374972 6738.511029 4346.355696 1893.385840 4146.476207 9855.995734 12604.171740 10610.581096 5448.699496 1894.157317 1142.514010 636.416378 494.340377 711.734286 1270.969661 2614.706187 3767.805908 3541.488835 2203.587053 618.430813 274.893773 451.324319 565.903495 473.929823 378.978498 396.435307 354.913152 387.336848 469.543321 437.741796 451.979805 1121.513947 2555.923984 4734.160988 5266.738424 3430.456475 1005.221277 108.263130 0.000000 0.000000 0.000000
