WorkingVersion/ascfiles2/tmp_kdeout10.asc
ncols        704
nrows        293
xllcorner    827.296065
yllcorner    924.742280
cellsize     0.500000000000000
NODATA_value -999.000000
[rows 56 to 83 of 293, columns 126 to 188 of 704]
11.582250 31.034463 42.220525 35.723275 16.066843 0.350567 0.000450 6.959142 10.328278 1.838563 0.893336 45.209473 142.361401 176.953898 124.202847 69.767183 24.837629 3.655364 0.000000 0.000000 1.262691 11.870949 35.042784 125.282984 379.458145 763.652767 890.410317 711.467730 373.837772 198.377068 300.221654 504.501355 617.470163 770.244358 862.385598 947.163504 889.086900 667.229731 741.178521 1168.308670 1688.739148 3155.211411 5538.078557 6798.926383 5068.711193 2055.262439 2037.154163 3452.269510 4124.226011 4111.952371 4738.428284 8118.881102 10696.847986 9425.489301 5090.575830 1358.118167 768.094916 1426.828244 2925.876943 5815.526073 8748.326580 8910.262398 7324.114064
5.681300 22.639037 32.318356 26.667788 10.211463 0.000000 0.225435 16.908776 23.559843 8.623972 12.563722 41.072133 80.295493 105.662796 94.247209 58.446738 21.440819 2.980235 1.583034 12.693218 24.590656 34.899366 90.737548 231.992533 542.861666 924.873897 1173.545728 1078.447416 566.845183 274.498092 671.068857 1203.185666 1407.941639 1251.327404 1175.218676 1372.837543 1361.930793 1121.480919 985.777414 1414.349259 2040.981972 4759.493998 10551.690484 13850.141908 11335.270535 5575.118713 3077.526425 4149.226878 4434.795844 4015.003240 5384.718103 10550.843301 13922.285896 12357.934396 7374.282739 3249.928506 2224.945433 2078.082604 2085.623369 2835.246283 4711.584999 5336.497545 5042.983073
0.015115 6.237655 11.726541 8.430698 0.874259 0.000000 34.473585 90.613543 115.183913 88.712695 46.320785 47.287113 59.502559 64.890390 46.857467 22.721213 8.879943 0.473651 15.218641 55.365065 74.498502 83.681635 158.233353 288.285081 525.274345 1285.431219 2252.364542 2315.126497 1492.427767 604.547951 1151.597047 1867.507650 2022.078372 1668.616095 1413.092918 1616.358484 1776.163659 1705.261166 1391.637481 1467.004760 2150.641614 5842.294033 13473.522356 17844.863771 15417.357349 8670.566873 4059.157027 3894.237066 3842.887285 3172.761705 4465.676244 9074.203752 12290.338283 11300.331208 8166.623260 6179.796177 6220.002759 4975.507452 2878.566235 1874.310870 1978.985030 2431.103036 2092.338547
0.000000 0.000000 0.000000 0.000000 0.000000 3.385519 70.100978 176.763358 319.849212 338.115412 195.338885 59.876028 37.813234 24.667146 6.354004 1.790481 0.000000 5.981692 76.722008 155.827269 189.834833 219.108056 254.389260 323.731033 615.082141 1927.722009 3264.491914 3383.772762 2321.306983 1084.716722 1180.413575 1861.470137 1933.309743 1427.160796 1071.160613 1283.726599 1580.751969 1721.243650 1538.803565 1518.739336 2055.763842 5026.815150 11533.102605 15577.269477 13805.002007 8002.170602 3585.839565 3084.729030 2840.638576 2373.299803 3153.513254 5352.114828 7340.825599 7152.807966 6915.678878 8436.608498 9641.902816 8007.282408 5225.946405 3525.157444 2093.840173 1100.680359 1069.918768
0.000000 0.000000 0.000000 0.025304 0.425675 2.090256 66.249974 337.805431 845.357049 1112.175267 649.712668 154.618286 22.350035 8.765129 0.961170 4.498111 5.798242 48.262134 162.058966 253.916945 301.047263 333.699523 304.356230 341.969648 707.403741 1948.757383 3259.823372 3437.269952 2377.883631 990.613233 739.800962 1193.701331 1253.384937 831.307813 472.662562 707.107332 995.826663 1155.922666 1278.671841 1548.822691 1825.574096 2985.475111 6124.691028 8716.766901 7560.121459 4128.900231 2632.639783 2934.783535 2547.852311 2112.823627 2499.324817 3269.846524 4320.639732 4678.452065 6031.979321 8347.891976 9499.647433 8669.714439 7122.160633 6074.730349 4419.168904 2430.245219 1782.192651
0.000000 0.034873 3.293609 12.595630 16.748880 13.982921 75.216777 840.633249 2536.568777 3332.334430 2428.518052 680.615892 16.489231 1.284615 15.222854 30.672233 40.687160 83.479280 184.565806 263.361647 301.326678 321.814657 294.708068 294.354619 537.621710 1199.672023 2145.063263 2228.427567 1442.439297 585.811136 410.147390 418.302124 413.979950 311.692902 247.672413 326.373697 429.661792 548.115444 823.862144 1293.882450 1749.448068 1969.777277 2164.517317 2399.514064 2061.877898 2340.298020 3638.246985 4261.305041 3471.193258 2733.947164 2911.418106 3812.872332 5125.819264 5346.084777 5633.936317 5919.716182 6019.379761 6372.327573 7208.696055 7566.864450 6166.959188 3614.730296 2423.115875
1.993462 12.381169 29.991395 42.852817 50.342148 58.875214 132.461443 1525.854637 3951.666896 5116.490224 4032.869340 1529.848665 56.952261 6.788093 39.559494 65.836604 74.855034 88.776110 132.958885 182.265228 190.772338 200.272217 215.962234 205.319105 401.194566 720.003006 930.144019 888.138113 896.633657 1506.298108 1511.386705 836.273770 269.440041 301.821974 388.177826 388.946515 337.470324 445.935840 701.148472 1034.780495 1412.187654 1612.041523 1494.811930 1341.921948 1590.969471 3468.916421 5389.689629 5735.311855 4821.275743 4723.841281 5050.113711 5632.873513 5931.827675 5877.417263 4942.431265 3416.249712 2494.944941 3539.406741 5572.789409 6632.788712 5649.441143 3334.314744 2558.017980
10.840309 29.541167 52.965848 70.695497 78.480248 86.086139 130.660547 1434.360239 3988.501834 5296.841769 4261.959348 1719.077483 68.418678 9.401050 48.446475 77.902347 76.764512 68.192146 55.218410 71.635643 96.701597 119.137212 171.204016 224.585160 472.429522 741.932220 892.905332 1062.668136 2085.337258 3241.170177 3237.921260 2108.547635 827.617495 576.165460 667.848080 594.176190 658.376303 1356.624340 1970.919371 1854.800548 1290.941688 1047.467105 1162.973376 1243.757443 1789.476800 3665.393097 5430.931299 5786.377874 5584.116256 5960.388317 6608.030119 6478.094730 5611.654886 4900.476708 4134.643155 2486.046714 1501.904560 1659.973139 3016.317309 3790.267628 3199.834181 2050.824517 2812.051035
15.039581 34.040988 51.589255 65.491483 70.426973 72.102306 73.741361 647.818224 2576.513662 3710.147315 2987.327859 1127.786447 65.795965 3.311005 32.598014 57.928370 76.487620 69.363423 41.270551 34.367525 87.720246 143.544133 251.327841 382.884673 743.351078 1022.034886 1150.106611 1491.618877 2708.903442 3907.667128 3930.721421 2681.874503 1180.789562 746.383750 786.926379 704.395260 1152.015021 2410.550415 3295.305557 2947.708020 1686.879763 720.453273 772.496693 1080.428893 1508.951637 2515.741281 4095.578766 4796.916679 5127.235835 6002.360532 6660.782505 5452.798085 3487.519774 2772.877659 2726.440902 2115.979310 1551.179728 1131.137123 1163.355030 1292.821989 1287.768490 1374.122823 3864.781294
26.013966 35.477346 37.649217 45.594501 42.002644 31.830271 36.141713 146.408405 862.892252 1533.212892 1273.335889 547.658799 68.227981 0.000000 7.878738 36.643478 88.183452 108.270496 86.108575 61.504593 92.597517 175.758393 347.089822 871.284898 1439.340615 1613.495918 1315.619752 1238.922081 2085.919999 3081.669199 3064.226370 2015.093652 862.611243 674.995338 675.777176 600.793310 1117.708124 2490.630801 3414.895227 3111.032037 1792.981884 677.577074 683.274345 950.273088 1174.061607 1522.930098 2722.911158 3580.731867 4244.418653 5400.322281 5320.004284 3881.284076 1692.630957 1424.436264 1945.646805 2035.411204 1539.942750 842.372253 572.440557 664.257209 883.830480 1326.170485 3591.212812
37.462782 44.470517 73.081156 74.431760 49.524513 22.992744 7.081781 33.696470 319.579394 602.718995 573.640388 267.234375 27.762526 0.000000 0.000000 30.383123 98.548738 127.362415 109.329208 64.080325 74.094742 161.245443 488.187796 1328.658384 1941.151552 1964.212119 1359.681468 768.828004 1005.926983 1500.366055 1537.480898 1076.491196 707.184841 659.398036 476.312743 343.534200 550.163642 1523.908465 2285.932473 2165.628704 1312.496055 684.173576 729.799950 834.174238 809.864598 1032.616082 2170.456516 3118.410194 3703.608401 3907.036515 3305.556469 2284.247740 1244.735262 1138.817599 1519.138701 1629.130712 1329.706051 1025.589978 953.466469 1002.884533 1180.767018 1412.716365 3083.570549
52.428416 117.312512 186.731015 190.469085 117.811995 35.600836 1.439504 7.911456 54.931989 149.581343 142.648355 56.936056 3.295037 0.000000 11.958327 74.547594 148.665858 155.271767 93.738148 48.950120 54.263682 99.568199 410.564109 1308.875265 1960.488479 1901.859259 1289.625236 653.983657 660.369801 784.234580 907.378320 1090.813841 1045.561962 851.640474 500.880485 193.680125 205.353437 414.189328 808.638978 922.434588 798.350958 753.803199 710.751868 728.540994 811.040223 982.417763 1639.232204 2300.047215 2577.074023 2428.965949 2024.641384 1660.303031 972.828353 789.559036 983.043042 1105.068725 1069.907336 1222.940362 1528.610677 1696.733709 1622.597715 1455.121055 2588.290767
64.775246 166.848312 266.531121 278.408922 187.450706 63.007265 6.860318 4.433644 18.580938 36.181611 35.006634 10.260821 0.000000 8.434426 70.826755 145.521793 181.991253 156.951474 81.697939 48.446605 75.106834 78.630438 161.547465 830.316425 1521.895310 1598.341279 1475.956049 1296.848909 1260.770716 1061.887106 1101.886301 1328.855327 1242.150689 949.057601 539.708875 169.825101 171.028455 250.023790 385.602160 590.627990 778.144745 819.962443 664.043205 671.766456 1180.036621 1770.258038 1901.535204 1585.410311 1052.292397 1056.309195 1529.445251 1638.880085 1189.729263 857.299600 838.213470 892.408936 1020.544375 1462.742131 2511.086815 3159.921031 2854.219291 2158.412545 2408.538029
49.887209 154.892493 251.704816 266.387569 192.095063 114.919208 87.447592 47.587020 57.746879 58.736061 42.819739 17.990657 10.103017 50.437574 137.625098 224.115197 223.671808 151.885857 79.485793 66.318133 113.542935 125.151298 300.811042 1352.647865 2296.093000 2350.865318 2269.057118 2403.734916 2135.150386 1541.367312 1122.958459 1184.864561 1073.854317 751.724029 400.353444 133.333092 191.745310 294.330003 413.613368 601.623772 741.971498 779.118821 669.126760 769.640802 1672.424671 2634.846232 2732.945502 1891.819535 824.470738 979.354166 1891.013494 2373.373450 2155.441069 1560.455037 1242.682843 1190.867691 1382.500648 2384.952292 3751.691277 4564.532029 4982.204261 4497.102528 3557.596920
32.134809 104.164044 166.157614 172.437513 280.388777 527.852308 568.807610 336.185055 103.905508 80.837486 52.174111 17.623417 22.302786 92.473170 214.208531 310.073937 279.214571 153.653925 62.162984 89.243537 163.021853 236.726418 1345.706202 3507.329074 4736.497538 4510.209811 3410.688003 2876.030492 2412.134819 1631.744018 1036.192588 883.596536 780.222609 1038.627254 1180.373827 817.800084 311.604612 370.171809 911.681870 1349.735993 1265.406553 836.285521 614.071571 763.426684 1699.213248 2717.851748 2843.436799 2067.424424 1230.691406 1606.581347 2471.946167 2873.315109 2683.240177 2083.748600 1758.370877 1939.351965 2900.184693 4347.848406 5373.263440 5506.186238 6233.813259 6383.705655 5335.033011
29.339066 45.987255 63.605021 102.942421 514.665441 963.681610 1041.459745 697.274533 214.876809 69.458235 38.998521 15.972730 56.290514 180.268626 314.063462 378.959377 303.453868 138.543776 38.035818 75.575604 174.344098 369.533582 2122.601331 4682.538938 5929.996458 5242.635630 3434.880439 2243.908226 1799.223925 1152.653285 816.900743 694.507689 1045.492114 2068.243928 2599.941153 2053.930899 897.234031 644.647663 1627.559644 2236.823060 2054.402846 1217.455822 614.633370 673.703316 1472.716319 2383.746639 2463.873056 2008.433388 1617.322007 2033.667696 2626.062129 2672.504024 2419.442486 2193.755723 2279.400418 2987.632834 4453.902278 5649.529481 5980.301339 5391.337783 5564.434531 6112.217084 5645.659723
21.721495 32.714170 28.421031 73.574407 541.042788 1018.275177 1102.364456 743.680450 216.469780 34.297796 18.707747 49.266415 150.103985 299.639054 483.330000 555.291150 420.117533 187.913273 32.325608 48.506665 165.026479 401.864405 1772.965928 3855.851979 4837.498147 3931.619714 1982.371909 989.761734 714.794792 506.334259 497.749261 489.400121 1234.672136 2634.219175 3280.388337 2631.088089 1191.422364 707.346449 1826.419745 2534.211649 2336.268637 1390.764136 663.565109 817.134655 1314.578459 1901.740760 1933.668065 1835.321560 2206.279247 3993.400507 6103.510906 5338.220374 3044.233083 2134.391297 2391.456110 3204.438416 4935.571793 5772.197391 5118.044747 3664.015805 3216.143089 4068.917105 4365.199625
6.036844 12.362233 9.779901 10.177688 291.560344 655.256374 720.975531 432.504827 70.733102 46.713342 72.202127 110.960106 213.972472 382.911957 848.511270 1089.593245 845.835220 316.355936 39.636740 30.245364 216.765745 540.367898 916.414366 1902.565160 2468.430595 2073.568990 968.046196 518.426064 388.655784 357.389583 349.867598 377.555231 870.051908 2084.862375 2664.592044 2092.087285 835.681091 419.191410 1330.118785 1974.870041 1836.341499 1106.468333 672.253731 901.700957 1580.171093 2075.930946 2009.071694 1971.036361 4157.370722 10402.326116 14781.377319 12983.606849 6936.020275 2833.210036 2304.977895 2895.359264 4233.405808 4843.338286 3914.734374 2213.914254 1861.432784 2466.630259 2746.171741
0.279236 1.936432 13.505756 12.115554 24.228692 156.919754 187.339683 61.571880 60.522768 166.719191 210.510554 209.493925 216.538084 517.461558 1192.697468 1525.760257 1248.555791 561.447718 45.600201 34.164204 264.072867 579.382231 704.349758 1461.485867 5191.714565 8386.873862 6436.788671 2294.808506 773.593834 557.675689 414.855702 361.098018 431.582473 915.798517 1256.745840 925.168546 338.934717 242.928642 558.897315 922.939059 968.553664 717.364332 753.120182 1215.219207 2121.695936 2685.050855 2380.578900 2182.137307 5983.797004 14809.957546 20587.470888 18617.793181 10411.085772 3355.095549 1965.440359 2447.629063 2985.762996 3195.133669 2795.990575 1906.588706 1564.250544 1716.092475 1847.661108
4.649539 38.449972 74.744979 76.951055 49.153871 55.968937 48.522543 7.370380 111.936418 253.251212 309.518249 257.319892 202.751596 488.657429 1161.312591 1499.767716 1249.253132 584.532673 58.970961 85.713403 261.437766 479.935865 1100.242214 7217.814588 21221.454740 29015.407114 22946.936765 9536.561335 2051.705075 1022.062327 673.228243 549.167606 555.657282 597.437047 716.862581 622.440302 413.961916 349.480322 414.403975 461.081430 535.012663 579.633753 859.341494 1477.947596 2325.043663 2793.748464 2431.137819 2153.730864 5408.462478 13308.127753 18708.875158 16907.183913 9161.161892 2620.648350 1392.259425 1797.664082 2263.050192 2585.619896 2759.421251 2459.813233 1913.213884 1236.939282 1092.518431
15.364101 78.301338 148.438195 171.487709 234.689004 349.975619 441.636775 227.347976 97.174203 250.228586 321.135520 278.807181 202.748973 367.411486 904.739041 1146.767652 856.651250 337.674838 140.812957 208.744126 240.528341 416.896747 2207.223676 14497.786057 34901.461726 44965.804771 36797.327783 17255.092564 4019.230376 1702.286533 1178.118118 870.255372 887.468482 1067.047658 1165.458779 1086.485663 790.874730 755.800295 849.300773 718.568280 529.652168 395.515793 777.025469 1344.405503 2062.699118 2412.249408 2204.048752 2070.112684 3214.970481 7318.712131 10559.962888 9107.020638 4318.849532 1438.607339 1141.401696 1474.640339 1895.128194 2374.810742 2573.079258 2405.048979 1915.593784 973.502306 404.979558
23.260957 88.268734 171.050263 236.070875 511.552397 1119.786221 1404.639360 1028.099881 317.550128 148.858019 219.985421 228.168656 262.474871 484.546988 755.200673 802.886559 482.393947 184.503933 273.828795 319.459136 298.438465 381.948596 2021.528276 13973.717161 33745.684832 43376.293513 35171.420876 16187.212136 3910.059541 2227.651082 1657.436852 1144.194217 1051.251322 1307.544626 1393.494791 1249.228965 985.096106 1044.243763 1176.612426 1017.873181 655.360290 318.966349 420.980537 765.938756 1170.678069 1388.974947 1400.432679 1670.185927 2036.672288 2726.429294 3509.898713 2873.760196 1597.057076 891.859291 925.502062 1521.370932 1887.498996 2209.915321 2343.776451 1969.840349 1290.402540 424.900165 36.815367
24.530299 51.142226 120.595752 180.650865 718.403595 1612.092507 2006.752069 1578.889684 636.005306 66.577502 89.633020 144.207533 286.135943 573.512239 745.126182 651.940029 423.361493 277.884817 361.086901 378.715550 313.797750 337.872337 1018.846074 7256.675619 19308.599730 25632.911085 19478.658199 7675.355908 2717.646097 2196.886522 1688.571642 1185.114748 953.664821 1124.940588 1209.279452 1060.860708 790.341201 915.499972 1158.879524 1113.158771 737.067714 320.728748 223.062679 297.513027 378.651456 485.062122 763.559355 1244.666123 1583.112923 1748.862004 1858.342600 1784.259523 1344.517849 726.954227 697.592837 1423.113201 1904.785142 1847.518672 1586.146300 1039.038807 475.123068 57.668002 0.000000
21.369090 8.319119 37.965256 55.225053 506.673920 1375.885002 1785.010537 1415.991708 581.568298 36.264873 36.600719 84.221786 183.138279 426.793526 574.089578 499.669695 348.414007 261.459591 313.495309 298.670290 200.266961 309.807055 1266.314009 3521.149847 6829.736934 7942.330155 5613.015223 3016.714354 2516.732649 1981.602567 1350.592064 962.790204 735.935177 721.719111 815.064678 780.304584 924.657405 1239.608324 1259.736766 1047.247688 724.582989 565.262132 615.988651 624.855620 693.831313 631.833733 691.145317 866.612072 966.135883 1398.812186 1863.217703 1966.659472 1441.545893 729.813090 645.048180 1325.735290 1745.826258 1330.303277 653.563828 151.801074 15.355159 0.000000 0.000000
15.462483 0.752654 2.239360 7.169259 96.028226 607.070613 920.400464 714.322332 207.788396 0.000789 0.718323 23.303946 72.554055 172.561877 256.660822 206.029313 127.801786 168.783754 211.051264 163.801791 110.922547 551.182014 3569.957147 6595.120080 7032.673293 5391.032384 4061.489142 5504.181623 6272.136574 4150.270294 1976.463579 1352.495109 1031.217460 911.477126 1082.353306 1659.232270 2380.485882 2682.980093 2753.351206 2083.269315 1333.150923 1050.135719 1241.485746 1488.296204 1600.650326 1287.727951 1035.322906 998.359022 974.967372 1609.563865 2288.075173 2442.802675 1715.923408 824.229656 1251.370041 2026.935711 2269.492356 1446.627467 308.206112 1.637508 0.000000 0.000000 0.000000
3.221747 0.000000 0.000000 0.000000 0.000000 27.464513 118.785487 65.380244 0.351977 0.000000 0.000000 8.837686 28.980915 39.997371 35.348635 13.264091 10.201074 71.667193 103.158963 86.488412 390.841566 2697.103615 7636.829214 10307.833659 9476.132199 6760.585761 6909.363407 13310.616980 16421.965692 12661.395698 5586.033043 2086.519999 1643.001166 1403.444454 1620.114228 2642.429043 3697.358623 4620.501734 4815.561325 3856.719843 2470.897502 1437.456556 1475.320322 1877.529561 1961.985443 1592.441830 1281.841447 1138.839225 1195.694696 1698.984577 2123.711425 2167.758827 1505.695655 1052.941509 2119.785612 3154.850547 3163.564682 2051.653981 526.130326 0.818141 0.000000 0.000000 0.000000
0.000000 0.000000 0.000000 0.000000 0.000000 0.000000 0.000000 0.000000 0.000000 0.000000 0.000000 1.425412 12.205491 18.884711 14.062213 7.931475 25.061161 49.229943 74.813009 163.634682 1700.389800 5378.205195 10375.349997 12181.111700 9441.673956 5979.272742 8974.759196 18797.863103 23459.560580 19286.310084 9586.480177 2820.431209 1706.428245 1363.277181 1490.280394 2444.173767 3546.711893 4753.332211 5102.919559 4145.191973 2670.201512 1287.323663 1019.954092 1388.235997 1445.112828 1154.294841 941.774916 836.677131 889.250226 1244.832314 1428.941666 1357.413640 1008.180064 1017.868946 2281.605606 3546.659018 3739.279153 2504.803175 808.838830 43.794166 0.000000 0.000000 0.000000
0.000000 0.000000 0.000000 0.000000 0.000000 0.000000 0.000000 0.000000 0.000000 0.000000 0.000000 0.000000 0.071292 1.252216 0.273876 11.015763 42.773023 83.279336 129.043085 331.657804 2455.409167 5892.817992 9330.908408 9976.600111 6677.288521 3107.742056 6773.366712 16444.492083 21356.198484 17808.746451 8677.217009 2306.519510 1094.312392 703.785625 839.414999 1269.118347 1895.575438 2751.558925 3254.213655 2787.122923 1760.703771 566.743817 282.182995 445.429601 521.328316 388.775882 309.638085 413.183570 433.692544 458.128643 515.414207 443.141398 401.828735 971.689167 2117.840352 4174.023429 5060.681056 3630.238337 1283.980538 173.661628 0.000000 0.000000 0.000000
