WorkingVersion/ascfiles2/tmp_kdeout28.asc
ncols        704
nrows        293
xllcorner    827.296065
yllcorner    924.742280
cellsize     0.500000000000000
NODATA_value -999.000000
[rows 56 to 83 of 293, columns 126 to 188 of 704]
9.947063 31.117849 49.745236 48.000477 31.699884 29.001053 40.893194 38.935101 30.973525 17.004165 11.003252 6.167047 23.382386 25.171295 7.388077 0.000000 0.000000 0.000000 0.000000 0.000000 0.000000 0.000000 3.125856 53.930294 264.355517 521.807531 583.084779 501.620895 367.794404 297.345736 275.170353 319.907125 433.353806 502.428342 548.357562 596.884607 548.291961 388.824808 539.572214 1238.403337 1955.288828 3192.579380 5084.377747 6272.423829 4843.587518 1870.446306 1512.316589 2532.304498 3147.674470 3268.959023 3695.786715 5882.152138 7380.685944 6371.198464 3375.509338 792.088361 323.835679 657.376807 1642.363856 4171.234863 7409.225131 8459.506512 7760.130740
5.539045 22.536412 32.423595 26.971193 16.937439 25.599533 37.767268 47.132594 49.119016 41.593986 30.367851 9.238366 0.000000 0.000000 0.000000 0.000000 0.000000 1.201675 0.670204 0.000000 0.000000 0.000000 1.836651 60.739712 266.927654 508.542602 646.364940 625.641910 415.518807 311.767171 515.525311 880.613122 1106.955535 915.764573 777.770604 927.410901 909.242480 746.288979 622.625140 1228.761417 2067.079402 4332.568393 9824.471869 13326.664624 11237.309645 5490.486062 2267.663259 3108.007877 3572.646639 3433.738515 4341.104459 7764.362886 9897.414572 8702.064577 5243.164287 2568.314746 1740.070796 1440.878931 1370.033830 2423.059887 4819.901012 5809.105233 5600.254796
0.010741 6.241346 11.869317 8.669463 1.679034 11.270440 28.415940 52.761150 84.934199 99.537375 73.058829 27.963873 0.000000 0.000000 0.000000 0.270406 9.846283 18.559213 16.244858 5.314088 3.403441 14.660596 20.768199 56.152221 203.855215 628.693943 1112.943106 1151.508923 751.912078 341.533971 837.461763 1468.641202 1677.490384 1318.578757 1000.893817 1135.352684 1297.780295 1273.381283 936.391972 1038.314050 1827.438063 5047.826518 12591.940807 17327.672663 15271.369631 8467.662455 3225.056535 3102.760750 3399.457412 3076.174071 3796.022502 6749.945900 8931.597818 8284.860775 6390.386899 5290.948362 5144.465605 4020.155406 2259.260836 1538.021240 2099.995913 2659.777917 2212.260180
2.077085 0.000000 0.000000 0.000000 0.000000 0.927946 19.298314 63.240185 175.713280 228.901357 157.275853 48.870915 3.699293 0.000000 0.000000 5.217231 24.029591 36.871133 33.577518 29.258666 47.726404 94.968150 103.407856 80.442306 272.127654 1005.319771 1668.637529 1644.934025 1038.275300 436.371830 800.174616 1492.111659 1642.536490 1201.671442 814.242118 994.458762 1360.382657 1524.345847 1304.496508 1138.429792 1530.882851 4042.552580 10654.780675 15045.508295 13528.842932 7715.017947 3029.492419 2930.023104 3049.029420 2553.617684 2729.095544 3998.698832 5446.144634 5510.545439 5753.343962 7145.727785 7910.327357 6397.156026 3910.840994 2444.935169 1495.529833 849.693815 829.218186
17.800348 3.751851 0.000000 0.000000 0.000035 2.949527 19.503785 217.032757 676.112320 930.384164 541.838309 118.946275 5.446193 0.000000 0.000000 6.762781 27.231778 40.813818 38.756561 52.558005 96.698889 163.771198 172.661761 151.180230 371.211080 1076.796202 1732.209053 1715.336430 1064.498147 363.633141 434.869623 921.444789 1039.130339 682.423669 353.471058 624.185583 1053.851315 1306.274027 1354.136187 1311.405364 1240.238950 2151.237196 5331.686563 8217.538931 7177.172881 3850.955308 2343.986586 2968.431726 2815.605529 2201.081151 2097.674726 2469.418469 3238.797480 3668.976618 4952.660721 6913.749535 7748.803427 6676.945859 4884.936724 3834.597868 2811.354957 1753.177556 1453.709651
30.793299 11.299663 2.627582 0.937541 21.348569 53.591289 125.066361 790.031248 2240.956855 2904.148540 2096.405385 566.147330 10.030872 4.144939 5.200959 3.319647 16.704429 27.638857 26.620620 45.807603 94.890177 160.950981 168.277434 139.130801 314.169929 733.014264 1218.960214 1189.760378 721.525978 284.991736 219.786010 291.998733 316.873957 200.958621 157.320567 349.390484 597.382475 850.351066 1069.952395 1174.845536 1186.509141 1381.880628 1742.851834 2151.441794 1793.430627 1820.646926 2943.479371 3522.988768 2935.888001 2324.872874 2339.923792 2932.334764 3922.772677 4165.012880 4402.936896 4710.468781 4776.623085 4654.806117 4762.174377 4843.284824 4051.218981 2631.879635 1941.139319
46.960761 78.060153 83.197010 59.106050 69.861118 134.048748 256.180723 1493.477712 3529.446971 4447.667336 3446.749169 1275.945539 53.897201 22.853019 25.251950 14.608215 3.646275 7.173042 5.763381 23.608386 65.374167 101.629397 93.912581 61.112524 178.770872 396.257348 567.378597 615.041193 674.912748 968.378603 876.332680 442.239452 83.308043 129.142402 260.027837 363.777871 447.480290 615.414478 839.599069 912.994354 952.806167 1170.421789 1270.383880 1234.024212 1240.385678 2336.349023 3796.369207 4044.680476 3480.787131 3684.458214 4129.029499 4465.561929 4489.579955 4404.341707 3760.010507 2709.112437 1977.195381 2534.417206 3715.574746 4407.574153 3888.503429 2502.745300 1896.144590
85.929808 159.208955 179.180122 144.233297 120.241936 165.047336 234.683584 1382.452629 3476.238455 4480.376426 3535.371302 1379.460413 66.626628 36.934096 39.967577 26.203435 6.091792 0.000000 6.791649 44.695785 79.409520 75.840965 46.214242 51.327782 154.616496 297.326390 469.789489 760.273538 1459.453344 2005.079894 1847.320154 1121.882940 385.109822 305.223786 446.662861 507.925507 619.155915 1171.581220 1672.132612 1517.526458 949.494932 796.090128 978.975480 1019.241608 1231.267896 2310.404690 3535.054971 3841.658490 4062.709050 4808.421768 5449.030826 5176.185952 4177.176148 3533.027015 3082.468934 2005.530769 1269.522447 1304.327703 2182.483885 2741.464948 2418.895471 1613.782735 1731.904227
91.739648 188.129695 210.188715 158.527037 107.109614 121.749189 135.700761 574.631467 2088.986695 2959.024844 2328.034644 856.537150 71.000213 41.195182 38.083645 24.681795 5.369898 0.000000 21.299648 80.323628 117.625685 109.908652 105.463575 134.515643 288.383247 394.051939 558.397713 922.250083 1719.494057 2310.775975 2186.558893 1407.094264 605.685181 452.851613 548.967763 609.981214 965.953351 1923.472246 2640.707413 2436.026670 1428.041909 606.732916 612.917723 767.849045 944.412302 1580.874360 2734.095242 3416.751531 4070.954301 4972.777627 5342.561444 4193.428663 2442.429796 1853.560024 2050.488239 1782.856950 1390.738426 979.065363 973.415390 1152.789374 1102.314224 973.088280 2057.970440
70.322029 161.893523 180.754138 114.404641 140.867737 199.730098 82.046440 89.428271 606.642119 1111.199696 925.341439 404.212488 90.074043 40.867659 26.047065 11.950871 14.407955 21.474336 32.221866 83.325884 138.919947 164.670264 200.416009 410.439382 633.868483 652.923386 542.421018 641.904342 1173.539534 1687.649642 1625.979141 1034.722526 459.540280 434.719555 506.353647 525.347132 936.898071 2007.237954 2788.079994 2623.863553 1598.177718 669.524526 627.706087 771.069680 870.604881 1064.496858 1981.172538 2760.185256 3440.789450 4304.571848 4016.090500 2691.056066 997.689036 879.099208 1487.891610 1760.934624 1457.133280 864.390775 513.432758 524.133442 650.163722 867.575161 1906.066143
43.701194 106.342617 131.773816 352.518131 819.409635 959.372698 594.529635 85.653309 199.406238 401.480300 412.087845 231.601436 68.316306 31.871732 11.693096 17.579250 57.417214 82.294147 65.773091 72.793693 121.540143 176.260215 314.937051 678.793337 899.504562 818.168810 482.806354 260.174413 454.751054 779.505719 826.312867 598.487278 395.828339 422.042792 379.515151 298.729490 483.385675 1284.449444 1954.319577 1923.250464 1229.422956 645.497504 678.865079 784.264807 765.955774 829.353498 1590.709593 2367.012846 2782.995460 2837.262185 2199.557379 1360.218035 753.981143 787.069326 1208.122544 1383.542911 1197.528670 942.018845 764.697864 904.375678 1080.507028 1198.750942 1863.007022
55.873167 110.127224 169.455039 764.914695 1446.610446 1610.974313 1117.977363 319.312085 31.340427 100.925593 119.762797 81.803339 36.940400 23.459707 9.469788 50.466256 138.557737 178.989963 139.338753 86.240491 88.362861 138.710588 289.812216 662.638157 875.242863 765.463931 448.629476 187.761719 307.843828 498.596665 610.037734 644.695302 536.358323 453.831764 330.721521 158.526263 180.283775 388.343243 748.162972 832.944582 683.469147 626.924623 654.256564 746.327662 789.887722 833.807655 1159.909152 1649.180143 1851.359831 1625.149004 1218.504312 1011.794045 696.837245 621.424212 761.362189 825.156893 838.259780 974.119372 1179.635519 1524.625536 1597.080443 1450.447438 1719.440529
48.913616 110.954129 172.464990 770.686967 1453.510570 1613.592059 1115.445627 319.889636 0.321704 7.983274 12.874133 11.628345 13.925133 7.514365 12.368049 72.967427 177.316677 222.021890 179.375427 106.368024 77.492449 102.076923 138.480533 391.290903 590.585315 556.827945 593.936291 629.638240 725.256040 741.012613 841.344049 866.654404 658.607546 466.586489 311.619540 119.112627 93.330376 171.603029 318.454779 439.735049 545.627818 609.008417 583.794023 686.051266 1241.476787 1679.288529 1538.093436 1077.294986 665.298143 644.610194 1027.015718 1165.344147 881.865679 625.992897 567.610739 529.958818 660.345994 1150.136583 1998.587139 2624.884059 2449.677272 1953.052965 1660.844620
40.167002 84.663562 109.977068 350.457865 837.934440 988.845401 636.478150 104.247350 13.996477 2.639761 0.000000 0.000000 0.032993 0.017010 14.332123 58.601229 140.081892 175.435579 144.067125 85.691592 75.444419 109.686327 237.921598 675.546941 977.308478 938.398239 988.287656 1196.656487 1167.734941 1063.376934 946.710610 897.087939 641.045854 361.610345 196.673035 66.641709 109.705420 197.191488 291.137426 417.963467 492.727803 551.588080 549.141662 865.515463 1916.718667 2719.346354 2547.807892 1492.292294 493.883392 717.633992 1496.688208 1918.847109 1677.395673 1119.845725 900.590294 832.203947 1036.166787 1986.461819 3076.935277 3629.525340 3908.347070 3460.496709 2474.740554
42.521465 62.536827 63.657668 45.451514 265.874619 590.668772 535.764356 273.530819 36.843697 11.349539 0.000000 0.000000 0.000000 6.375374 47.071326 81.374720 101.836591 88.815029 63.684553 64.021400 121.065928 212.644702 840.979598 1724.405156 2082.951308 1905.267589 1498.232734 1394.835639 1246.288740 1079.446845 916.643541 797.176716 573.098386 619.823946 713.764320 521.569674 233.642402 318.454057 705.689054 947.972582 867.315747 612.503547 523.358376 934.090671 2066.933871 2985.454262 2837.176909 1727.410850 757.345013 1183.888663 1982.407320 2380.484161 2162.813221 1582.466198 1383.381033 1496.414603 2186.144085 3363.188861 4187.582956 4242.088552 4545.369088 4363.791609 3455.778318
35.729147 43.050252 31.682868 49.149250 451.863382 886.738941 968.127060 630.695353 148.811487 13.434937 0.010243 0.000000 3.725477 42.534890 107.666710 135.880715 105.002234 45.495823 4.122897 42.145803 163.674269 402.496602 1333.624793 2359.834572 2665.342884 2202.351601 1447.835775 1064.373176 916.197584 785.519378 757.495282 689.402190 775.833596 1246.708927 1552.437135 1240.349797 589.646363 520.904001 1143.803157 1528.859667 1406.820931 865.548198 456.253528 629.184808 1592.014646 2487.518985 2448.164742 1669.208515 1014.696758 1378.673897 1995.309762 2148.514574 1977.310105 1752.331769 1862.171159 2271.968009 3133.861026 3997.481883 4340.462223 3892.106508 3795.640262 3869.217372 3391.216293
22.382831 26.417954 16.817536 57.955091 520.571250 977.875625 1059.136461 701.097289 178.125778 6.320805 0.000000 0.000000 9.830158 60.755989 134.049279 168.550190 120.886828 45.448070 0.927951 29.645698 202.955908 491.488138 1209.839284 2046.951284 2277.502890 1708.076367 823.747283 460.786184 371.838197 388.654432 473.469115 433.569643 761.441850 1510.421220 1900.766526 1539.482093 725.120561 492.925060 1247.844486 1775.996938 1748.499625 1160.722803 561.823038 522.011156 947.259961 1604.034826 1739.740589 1530.831266 1485.467708 2102.875886 3161.505147 2864.964271 1957.562073 1769.219121 1950.507882 2370.623874 3230.360206 3641.792743 3290.451353 2253.845638 1808.284361 2209.230372 2179.471151
4.149503 5.982051 1.979374 6.452126 294.383266 650.981034 713.658400 440.711153 80.679281 24.669519 25.617939 11.764640 8.960866 62.729903 288.051655 423.280815 308.788238 69.556131 5.272847 25.499529 200.341847 499.332867 755.207431 1165.731425 1335.987602 1084.353383 582.984388 313.049709 215.937245 262.556942 321.263842 317.818059 499.649362 1155.965442 1506.853317 1190.762852 466.247093 225.736677 912.278940 1500.191912 1577.026791 1114.857054 655.822528 551.856023 903.959188 1382.098348 1573.392622 1602.672616 2398.237431 5250.389144 7353.264699 6589.540725 3792.191710 2056.725243 1869.215769 1999.992959 2502.694003 2681.399962 2121.280165 1069.589252 765.009986 1010.130407 1009.056289
29.207917 5.515696 0.000000 0.000000 21.701382 167.151068 245.638406 170.850261 135.541710 130.110453 96.267503 60.054034 25.336888 179.177993 541.883210 729.015007 577.832877 225.654261 9.525149 28.615036 153.216296 377.938846 531.893024 954.920992 2608.016768 3964.290886 3071.533409 1173.667506 429.366449 386.346614 393.942779 387.075923 349.654419 511.461107 667.357219 462.737179 125.882471 43.824783 379.919311 842.459555 995.252763 799.674566 679.100146 980.342549 1531.682147 1838.351878 1678.163538 1549.943019 3215.451641 7529.267649 10407.312302 9619.755060 5701.917607 2225.745747 1603.621406 1605.281080 1658.331552 1602.159053 1298.670449 858.850775 728.979588 774.543925 747.695204
116.622474 59.617359 5.558852 0.000000 5.884253 58.221163 158.389625 236.914394 289.401676 265.510987 197.248514 130.707701 72.765518 254.072184 639.987917 823.638000 680.415365 304.765596 28.251088 47.743596 135.912581 255.917883 577.248222 3274.536002 8864.546408 11846.223190 9427.333866 4167.077741 1041.896337 668.993996 632.580311 668.501224 575.771396 367.464345 297.776596 216.411001 103.394106 58.336273 257.752305 495.513074 558.157493 488.206242 772.447152 1425.517562 2026.784450 2191.812102 1852.036829 1576.631945 2984.459767 6925.198853 9638.955605 8908.289175 5151.508497 1806.559933 1189.331283 1197.629782 1275.991920 1342.350403 1314.771864 1158.456025 945.776900 619.230302 489.626473
171.048035 104.009027 23.376987 4.982184 72.306143 226.185183 393.122769 387.782035 332.853836 328.501918 262.266548 193.240703 113.797507 193.293052 516.042076 651.586888 506.105302 211.080237 90.407661 137.032452 205.204406 292.887188 1075.564628 5840.611433 13345.760582 16940.042293 13842.858098 6756.760263 1927.403834 1095.756624 1022.823738 955.839087 799.939349 589.518384 417.797688 330.687807 236.666526 386.825603 655.916327 702.249522 496.600776 261.767713 740.677743 1430.185105 2041.344718 2297.727308 2062.360416 1855.581467 2128.661841 4029.034863 5692.490829 5056.119591 2654.050007 1151.573793 901.959236 974.551448 1114.662458 1342.692840 1427.041816 1276.899808 949.930680 467.482101 200.744760
167.519494 95.654526 19.508184 24.748879 219.872695 599.143728 813.142017 691.815157 353.071275 244.395554 217.705243 174.634380 129.871598 180.063692 315.106382 362.736280 220.434155 87.113801 157.588119 221.859588 285.527407 333.596181 1012.709710 5255.723300 12091.151407 15331.103626 12350.893137 5846.697509 1878.391547 1335.702415 1202.074870 1012.344856 849.997560 747.371413 587.327517 472.268126 434.078421 697.039604 962.392542 965.870827 687.069473 301.136496 470.936015 960.295758 1367.123987 1661.045015 1665.851506 1812.557281 1753.576418 1624.590858 1905.312993 1555.097297 1021.165181 775.506693 707.075022 924.115241 1083.910502 1284.675941 1408.148521 1137.362964 650.669394 193.038340 13.061537
113.177353 42.547862 1.217089 23.816842 349.065715 818.436430 1021.416489 813.977499 351.166321 107.597824 116.066286 107.275553 131.588808 214.045289 270.940631 225.548407 137.451555 99.800077 179.233212 227.085788 270.083145 296.126985 505.548124 2555.955281 6328.031402 8246.165746 6103.338984 2456.193817 1314.370766 1264.426052 1093.434730 884.894416 747.509214 773.554188 710.595946 614.301384 476.917793 667.186232 923.079065 965.621143 721.569901 352.711267 262.019033 389.373122 525.051584 759.164004 1066.583887 1337.633262 1294.780335 973.244252 844.073599 754.372929 678.305802 535.376331 480.970956 788.909104 1050.356651 1077.592195 982.882336 644.544276 245.527888 28.300093 0.000000
30.357297 2.498483 0.000000 2.510838 263.564022 694.241668 868.216661 656.395801 242.616137 25.576563 44.531455 51.624997 86.425451 190.486168 246.718311 198.989286 116.142378 83.831600 129.679158 143.148676 140.699413 165.472139 509.131479 1424.091141 2265.280007 2294.267004 1549.679759 1063.355664 1080.541913 959.736107 772.243343 646.624245 561.254321 630.465924 705.909911 662.172677 614.539664 694.033321 777.151359 761.774876 631.008205 555.545933 619.507203 583.068830 549.043361 566.275976 637.466192 598.758335 561.127616 636.021425 775.647725 738.649784 478.264442 297.785949 358.438636 681.154439 919.870970 780.386499 450.849633 133.903570 6.894103 0.000000 0.000000
15.063488 0.667944 0.000000 0.000000 58.817328 308.820223 438.025110 316.992022 77.168500 0.293115 13.000022 35.793944 62.392752 122.735331 147.556919 104.355457 39.859239 53.701328 71.180304 63.709123 44.219701 177.960403 1568.449099 3022.668403 3271.220690 2438.406097 1657.388800 2326.577631 2849.597308 1962.181020 960.380249 690.073369 599.635472 654.796490 778.115741 1036.694367 1287.428764 1440.137106 1825.308784 1672.125810 1191.487944 992.773303 1113.209569 1195.963927 1144.799538 852.134862 592.216008 356.039182 404.821076 901.236375 1304.732738 1260.929745 764.546755 362.758990 701.506455 1131.348328 1196.983985 740.664611 158.854972 1.912838 0.000000 0.000000 0.000000
2.860258 0.000000 0.000000 0.000000 0.000000 15.060063 53.115341 22.698878 0.001379 2.708874 21.690541 45.874246 66.106069 62.227943 43.164907 15.962961 1.810023 19.956819 31.780348 37.085989 169.388063 1384.259027 3851.703952 5112.388032 4625.532333 3245.314480 3287.437680 6563.657008 8216.524746 6395.864904 2811.755116 1009.428854 764.949164 706.002217 813.167186 1290.538584 1860.162950 2927.674238 3765.415270 3472.723418 2421.592643 1379.097525 1231.754840 1401.152210 1336.775496 1001.266677 683.482200 392.031355 491.132943 1094.548242 1517.794767 1455.862797 946.359313 680.862394 1342.598216 1869.268577 1741.676077 1062.069699 243.988343 0.326050 0.000000 0.000000 0.000000
0.000000 0.000000 0.000000 0.000000 0.000000 0.000000 0.000000 0.000000 0.000000 1.696817 18.611148 35.246724 46.496574 39.537242 17.528223 3.283307 0.000000 0.000000 7.534483 53.272220 920.872092 2980.272392 5560.186591 6390.232566 4848.321477 2989.218436 4617.053698 9666.635297 11966.433641 9785.056883 4720.588032 1283.370440 751.901233 584.775921 610.270454 1077.034366 1830.931836 3316.380188 4364.276028 4032.504507 2720.192924 1259.676634 831.205561 959.055022 914.193871 687.809304 489.415022 260.530713 303.461010 810.330761 1151.922238 1075.005974 746.234027 770.006669 1616.248631 2279.586905 2215.578144 1372.236086 430.957168 25.967155 0.000000 0.000000 0.000000
0.000000 0.000000 0.000000 0.000000 0.000000 0.000000 0.000000 0.000000 0.000000 0.000000 6.366065 16.702260 17.664052 9.106457 0.210134 0.000000 0.000000 5.238206 33.384617 138.140859 1360.965654 3343.805585 5197.433561 5439.196564 3567.386785 1626.152655 3625.838088 8613.623971 10990.927813 8984.521897 4127.414099 955.576252 453.796826 293.330234 315.924819 499.913357 975.226515 2100.969782 3090.538172 2954.323453 1856.567214 545.863964 241.565997 254.366872 262.338339 239.679449 164.608434 102.458794 85.106525 256.888135 451.461851 385.243286 285.751226 703.122205 1563.162860 2908.015148 3364.890031 2293.300513 806.345798 111.224057 0.000000 0.000000 0.000000
